Enhancer_ID	chr	start	end	SRR13652347	SRR13652348	SRR13652349	SRR13652344	SRR13652345	SRR13652346
1	chr1	103756846	103758821	43.969322616500456	32.73012275949127	14.565062822690871	6.995345505620535	2.5794565314908917	6.198530371588993
2	chr1	10563775	10566069	58.229643465095194	35.24782451022137	65.81250608771431	6.2958109550584815	10.317826125963567	4.132353581059329
3	chr1	10568571	10569798	10.695240636446057	21.40046488120583	37.221827213543335	6.995345505620535	0.0	2.0661767905296644
4	chr1	114697479	114699890	158.05188940525838	99.44921915383887	139.17726697237944	6.995345505620535	5.158913062981783	8.264707162118658
5	chr1	114705757	114706856	116.45928693019039	66.71909639434759	91.16650433462064	23.084640168547764	12.897282657454458	13.085786340021206
6	chr1	11736715	11738158	3.5650802121486853	7.553105252190294	4.855020940896957	32.17858932585446	7.738369594472675	19.973042308453422
7	chr1	119666738	119669689	23.76720141432457	52.87173676533205	66.35195285892507	17.488363764051336	5.158913062981783	17.218139921080535
8	chr1	119912098	119913780	127.15452756663645	142.25014891625054	142.95339437085485	43.37114213484732	10.317826125963567	47.52206618218228
9	chr1	119928616	119932809	33.2740819800544	39.02437713631652	49.62910295139112	52.465091292154014	38.69184797236338	39.946084616906845
10	chr1	120505103	120506042	2.376720141432457	13.847359629015537	3.776127398475411	16.08929466292723	2.5794565314908917	30.992651857944963
11	chr1	121052390	121053510	125.96616749592022	292.05340308469135	170.46517970260427	53.16462584271606	18.056195720436243	50.276968569555166
12	chr1	123626325	123627475	30.89736183862194	8.811956127555343	42.07684815444029	18.187898314613392	5.158913062981783	15.840688727394094
13	chr1	137162771	137166594	17.825401060743427	22.65931575657088	18.880636992377056	10.493018258430803	7.738369594472675	6.198530371588993
14	chr1	142568383	142569821	27.332281626473257	59.165991142157296	49.62910295139112	34.97672752810267	20.635652251927134	32.37010305163141
15	chr1	144692623	144694950	51.09948304079783	41.542078887046614	75.52254796950822	11.192552808992856	2.5794565314908917	10.330883952648321
16	chr1	144993554	144995893	34.462442050770626	15.106210504380588	73.90420765587591	6.995345505620535	0.0	3.443627984216107
17	chr1	144997400	144998716	22.578841343608342	13.847359629015537	37.221827213543335	2.798138202248214	0.0	2.7549023873728857
18	chr1	145491052	145493998	90.31536537443337	74.27220164653788	107.34990747094383	0.0	2.5794565314908917	0.6887255968432214
19	chr1	145522307	145523805	65.35980388939257	30.212421008761176	58.260251290763485	3.4976727528102676	0.0	2.7549023873728857
20	chr1	14552609	14595401	604.8752759945603	932.8084986455012	1129.6015389153586	1161.2273539330088	1034.3620691278477	1074.4119310754254
21	chr1	151671795	151675510	197.26777173889394	54.1305876406971	159.67624427838882	4.197207303372321	5.158913062981783	4.82107917790255
22	chr1	152518098	152519634	58.229643465095194	105.7434735306641	78.75922859677286	6.995345505620535	0.0	15.840688727394094
23	chr1	15577427	15581936	149.7333689102448	123.3673857857748	281.05176780081274	11.192552808992856	12.897282657454458	12.397060743177986
24	chr1	178550272	178551276	28.520641697189482	8.811956127555343	36.682380442332565	2.798138202248214	0.0	0.0
25	chr1	182648675	182649868	19.013761131459656	10.070807002920391	42.07684815444029	0.0	0.0	1.3774511936864429
26	chr1	182651426	182652667	21.390481272892114	15.106210504380588	53.9446771210773	4.197207303372321	2.5794565314908917	0.6887255968432214
27	chr1	18268900	18270629	38.02752226291931	50.354035014601955	48.010762637758795	2.798138202248214	2.5794565314908917	2.0661767905296644
28	chr1	201101012	201146577	115.27092685947416	147.28555241771073	720.7008863375927	9.093949157306696	43.85076103534516	29.61520066425852
29	chr1	206558541	206602099	87.93864523300091	118.33198228431459	694.8074413194756	25.183243820233926	38.69184797236338	42.70098700427973
30	chr1	210349697	210350859	55.85292332366274	59.165991142157296	63.65471900287121	19.586967415737497	5.158913062981783	26.171572680042413
31	chr1	210355206	210357001	42.78096254578423	18.882763130475734	42.61629492565107	0.6995345505620535	0.0	0.0
32	chr1	210385128	210387238	72.48996431368994	47.83633326387186	81.99590922403749	5.596276404496428	12.897282657454458	9.6421583558051
33	chr1	210757066	210759597	59.41800353581142	23.91816663193593	34.52459335748947	6.2958109550584815	5.158913062981783	2.7549023873728857
34	chr1	211127107	211129142	21.390481272892114	26.435868382666026	12.40727573784778	63.657644101146865	12.897282657454458	43.38971260112295
35	chr1	211139060	211140267	29.70900176790571	27.694719258031075	23.735657933274013	2.0986036516861604	5.158913062981783	5.5098047747457715
36	chr1	212354828	212359754	57.041283394378965	35.24782451022137	71.20697379982204	123.81761544948347	103.17826125963566	89.53432758961878
37	chr1	212363870	212365587	22.578841343608342	17.623912255110685	46.93186909533725	6.2958109550584815	2.5794565314908917	2.0661767905296644
38	chr1	220492479	220493449	19.013761131459656	15.106210504380588	11.867828966637006	51.0660221910299	10.317826125963567	50.276968569555166
39	chr1	224182903	224186543	70.11324417225748	35.24782451022137	50.707996493812665	9.793483707868749	10.317826125963567	3.443627984216107
40	chr1	23113872	23115390	11.883600707162286	27.694719258031075	14.565062822690871	8.394414606744641	12.897282657454458	11.708335146334765
41	chr1	249235104	249237143	52.28784311151406	15.106210504380588	22.117317619641693	2.0986036516861604	0.0	2.0661767905296644
42	chr1	249245574	249248385	184.1958109610154	21.40046488120583	40.458507840807975	4.896741853934374	2.5794565314908917	4.82107917790255
43	chr1	249250984	249253447	105.76404629374434	27.694719258031075	38.84016752717566	2.798138202248214	0.0	2.7549023873728857
44	chr1	250729040	250730369	76.05504452583862	60.42484201752235	109.50769455578691	4.896741853934374	2.5794565314908917	8.264707162118658
45	chr1	257531087	257532954	35.650802121486855	61.6836928928874	45.85297555291571	0.0	0.0	0.6887255968432214
46	chr1	30480948	30482012	34.462442050770626	50.354035014601955	50.707996493812665	15.389760112365177	2.5794565314908917	19.973042308453422
47	chr1	31600251	31603659	106.95240636446057	37.76552626095147	93.32429141946373	39.87346938203705	18.056195720436243	58.54167573167382
48	chr1	33081160	33083465	54.664563252946515	17.623912255110685	59.33914483318503	13.99069101124107	0.0	5.5098047747457715
49	chr1	3483323	3486987	35.650802121486855	52.87173676533205	81.45646245282673	26.58231292135803	2.5794565314908917	29.61520066425852
50	chr1	3521891	3524344	14.260320848594741	26.435868382666026	58.260251290763485	6.995345505620535	0.0	10.330883952648321
51	chr1	36432336	36434154	14.260320848594741	15.106210504380588	31.827359501435605	62.958109550584815	2.5794565314908917	37.87990782637718
52	chr1	37330406	37332763	26.14392155575703	21.40046488120583	24.81455147569556	34.97672752810267	2.5794565314908917	50.965694166398386
53	chr1	44043724	44046108	24.9555614850408	80.56645602336313	59.8785916043958	11.892087359554909	0.0	17.90686551792376
54	chr1	50855125	50856900	21.390481272892114	13.847359629015537	30.748465959014062	6.2958109550584815	0.0	3.443627984216107
55	chr1	51047005	51047742	10.695240636446057	3.776552626095147	19.959530534798603	0.0	0.0	1.3774511936864429
56	chr1	6961951	6963365	46.34604275793291	41.542078887046614	73.90420765587591	21.68557106742366	0.0	15.840688727394094
57	chr1	71157005	71163411	344.62442050770625	501.0226483952895	494.13324242906805	245.53662724728076	327.59097949934323	227.27944695826307
58	chr1	71668623	71671652	49.9111229700816	35.24782451022137	44.77408201049416	37.07533117978883	46.43021756683605	42.012261407436505
59	chr1	74940323	74942153	27.332281626473257	8.811956127555343	47.471315866548025	2.798138202248214	2.5794565314908917	1.3774511936864429
60	chr1	78075272	78076235	41.592602475068	50.354035014601955	51.78689003623421	25.88277837079598	2.5794565314908917	42.70098700427973
61	chr1	91197889	91203736	99.8222459401632	21.40046488120583	66.35195285892507	25.183243820233926	18.056195720436243	19.2843167116102
62	chr1	91650596	91652259	23.76720141432457	31.471271884126224	41.53740138322952	9.093949157306696	0.0	22.039219098983086
63	chr1	97485	99133	13.071960777878514	12.588508753650489	44.77408201049416	4.197207303372321	0.0	4.82107917790255
64	chr1	98436315	98437006	42.78096254578423	7.553105252190294	44.77408201049416	3.4976727528102676	0.0	3.443627984216107
65	chr10	103701386	103703715	65.35980388939257	99.44921915383887	50.16854972260189	7.694880056182589	2.5794565314908917	17.218139921080535
66	chr10	104723807	104724893	17.825401060743427	27.694719258031075	38.30072075596488	1.399069101124107	0.0	4.82107917790255
67	chr10	107285465	107288504	297.09001767905715	198.89843830767774	402.42729132323666	116.12273539330089	20.635652251927134	137.05639377180105
68	chr10	107342319	107343935	22.578841343608342	60.42484201752235	55.023570663498845	0.6995345505620535	0.0	2.0661767905296644
69	chr10	109180798	109184650	165.18204982955575	156.09750854526607	142.41394759964408	66.45578230339508	15.47673918894535	56.47549894114416
70	chr10	109734746	109747831	228.16513357751586	255.54672769910493	341.4698061764193	59.46043679777455	36.112391440872486	88.84560199277557
71	chr10	111011770	111013071	36.839162192203084	20.141614005840783	45.31352878170493	0.0	0.0	1.3774511936864429
72	chr10	111218543	111220947	13.071960777878514	6.294254376825244	23.19621116206324	4.896741853934374	2.5794565314908917	2.7549023873728857
73	chr10	11385040	11387611	124.77780742520399	51.612885889967	113.28382195426234	18.887432865175445	5.158913062981783	26.171572680042413
74	chr10	11396507	11397914	28.520641697189482	20.141614005840783	33.445699815067925	0.0	2.5794565314908917	1.3774511936864429
75	chr10	117452022	117453887	52.28784311151406	35.24782451022137	108.42880101336537	13.291156460679016	2.5794565314908917	15.840688727394094
76	chr10	118385936	118386883	42.78096254578423	85.60185952482333	121.9149702936347	1.399069101124107	0.0	1.3774511936864429
77	chr10	134095647	134098698	173.50057032456937	71.75449989580778	179.09632804197665	23.084640168547764	0.0	29.61520066425852
78	chr10	14185938	14188255	51.09948304079783	18.882763130475734	30.20901918780329	6.2958109550584815	5.158913062981783	12.397060743177986
79	chr10	142667742	142669530	59.41800353581142	47.83633326387186	83.07480276645904	18.187898314613392	5.158913062981783	21.350493502139866
80	chr10	144279148	144280357	7.130160424297371	23.91816663193593	34.52459335748947	3.4976727528102676	0.0	8.95343275896188
81	chr10	144283833	144285496	59.41800353581142	80.56645602336313	165.07071199049653	17.488363764051336	2.5794565314908917	25.482847083199193
82	chr10	28911569	28914685	79.62012473798731	74.27220164653788	175.32020064350124	48.26788398878169	10.317826125963567	46.83334058533906
83	chr10	28962474	28967997	96.25716572801451	93.15496477701362	120.83607675121316	104.23064803374596	12.897282657454458	138.4338449654875
84	chr10	29144069	29145818	33.2740819800544	42.80092976241166	47.471315866548025	62.958109550584815	10.317826125963567	46.14461498849584
85	chr10	31599394	31603722	178.25401060743428	140.99129804088548	235.19879224789702	10.493018258430803	0.0	13.085786340021206
86	chr10	31604743	31606238	46.34604275793291	35.24782451022137	133.7827992602717	9.793483707868749	2.5794565314908917	8.95343275896188
87	chr10	31612303	31615217	74.8666844551224	99.44921915383887	151.58454271022723	9.093949157306696	0.0	13.085786340021206
88	chr10	33891036	33897463	66.5481639601088	105.7434735306641	225.48875036610312	63.657644101146865	25.794565314908915	54.40932215061449
89	chr10	36111031	36112918	91.5037254451496	44.05978063777671	113.28382195426234	15.389760112365177	2.5794565314908917	13.085786340021206
90	chr10	39328679	39330079	68.92488410154125	55.38943851606215	125.15165092089934	13.99069101124107	2.5794565314908917	12.397060743177986
91	chr10	39885396	39886819	51.09948304079783	25.177017507300977	113.28382195426234	9.093949157306696	0.0	4.132353581059329
92	chr10	56638434	56640263	14.260320848594741	10.070807002920391	14.025616051480098	19.586967415737497	7.738369594472675	11.708335146334765
93	chr10	57701793	57702407	35.650802121486855	27.694719258031075	14.025616051480098	0.6995345505620535	0.0	1.3774511936864429
94	chr10	62167052	62169016	21.390481272892114	7.553105252190294	42.61629492565107	10.493018258430803	2.5794565314908917	4.132353581059329
95	chr10	62181117	62182898	45.157682687216685	32.73012275949127	45.31352878170493	2.798138202248214	2.5794565314908917	4.132353581059329
96	chr10	62184063	62190427	413.54930460924754	188.82763130475735	432.0968637398292	43.37114213484732	10.317826125963567	35.81373103584752
97	chr10	62291087	62293291	53.476203182230286	26.435868382666026	58.799698061974254	2.798138202248214	2.5794565314908917	5.5098047747457715
98	chr10	62294864	62301312	299.4667378204896	181.27452605256704	244.36938735848017	18.187898314613392	5.158913062981783	11.708335146334765
99	chr10	62309920	62311251	22.578841343608342	16.365061379745637	23.19621116206324	3.4976727528102676	0.0	3.443627984216107
100	chr10	62329389	62331923	70.11324417225748	46.57748238850681	53.40523034986653	2.0986036516861604	0.0	0.6887255968432214
101	chr10	62366246	62373925	199.6444918803264	172.4625699250117	262.1711308084357	24.483709269671873	10.317826125963567	22.727944695826306
102	chr10	71211994	71213107	11.883600707162286	32.73012275949127	43.695188468072615	8.394414606744641	0.0	3.443627984216107
103	chr10	71468756	71470365	27.332281626473257	16.365061379745637	26.97233856053865	0.0	0.0	0.6887255968432214
104	chr10	72389458	72390374	15.44868091931097	7.553105252190294	34.52459335748947	2.0986036516861604	0.0	2.0661767905296644
105	chr10	76109067	76110633	26.14392155575703	26.435868382666026	21.038424077220146	5.596276404496428	0.0	1.3774511936864429
106	chr10	76165052	76167298	35.650802121486855	75.53105252190294	25.893445018117106	0.6995345505620535	0.0	0.0
107	chr10	78937142	78938322	29.70900176790571	16.365061379745637	52.86578357865575	2.0986036516861604	0.0	0.6887255968432214
108	chr10	81350723	81352091	36.839162192203084	80.56645602336313	69.04918671497894	17.488363764051336	2.5794565314908917	29.61520066425852
109	chr10	81952965	81955644	147.35664876881233	93.15496477701362	96.56097204672837	57.36183314608839	20.635652251927134	63.362754909576374
110	chr10	86316813	86318010	38.02752226291931	10.070807002920391	24.275104704484786	42.67160758428526	28.37402184639981	22.039219098983086
111	chr10	92194502	92195368	26.14392155575703	30.212421008761176	42.07684815444029	0.6995345505620535	0.0	2.7549023873728857
112	chr10	93479711	93480809	4.753440282864914	17.623912255110685	16.722849907533963	6.995345505620535	2.5794565314908917	9.6421583558051
113	chr10	96758916	96759586	7.130160424297371	10.070807002920391	29.669572416592516	11.192552808992856	5.158913062981783	7.575981565275436
114	chr10	98956260	98975649	509.80647033726206	1119.1184281995286	265.4078114357003	114.72366629217677	221.8332617082167	130.85786340021207
115	chr11	102905496	102906319	15.44868091931097	11.32965787828544	21.57787084843092	2.798138202248214	2.5794565314908917	0.6887255968432214
116	chr11	104605362	104606222	3.5650802121486853	11.32965787828544	39.919061069597205	2.798138202248214	0.0	6.198530371588993
117	chr11	104608115	104609925	34.462442050770626	35.24782451022137	86.31148339372368	4.896741853934374	5.158913062981783	7.575981565275436
118	chr11	106097049	106098991	33.2740819800544	12.588508753650489	55.56301743470962	2.798138202248214	2.5794565314908917	2.0661767905296644
119	chr11	12200814	12203326	120.02436714233907	120.8496840350447	223.8704100524708	23.084640168547764	5.158913062981783	35.81373103584752
120	chr11	13199153	13199981	10.695240636446057	13.847359629015537	28.59067887417097	0.6995345505620535	0.0	1.3774511936864429
121	chr11	13203364	13215090	242.4254544261106	142.25014891625054	236.81713256152935	64.35717865170892	30.9534783778907	107.44119310754255
122	chr11	132819106	132820062	27.332281626473257	27.694719258031075	18.341190221166283	7.694880056182589	0.0	12.397060743177986
123	chr11	17997295	18000092	197.26777173889394	196.38073655694762	240.59325996000476	39.87346938203705	12.897282657454458	68.87255968432214
124	chr11	22700801	22702313	41.592602475068	25.177017507300977	83.61424953766982	2.0986036516861604	0.0	0.6887255968432214
125	chr11	23666143	23666851	14.260320848594741	10.070807002920391	20.498977306009373	0.0	0.0	0.6887255968432214
126	chr11	28232944	28234546	36.839162192203084	47.83633326387186	59.8785916043958	9.093949157306696	7.738369594472675	15.151963130550872
127	chr11	2855553	2856782	13.071960777878514	55.38943851606215	124.07275737847779	2.0986036516861604	0.0	0.6887255968432214
128	chr11	2864081	2880835	86.75028516228468	73.01335077117284	214.1603681706769	62.958109550584815	38.69184797236338	174.24757600133503
129	chr11	2884558	2887733	13.071960777878514	33.98897363485632	53.40523034986653	5.596276404496428	2.5794565314908917	18.59559111476698
130	chr11	31641289	31642893	34.462442050770626	12.588508753650489	58.799698061974254	16.788829213489283	2.5794565314908917	12.397060743177986
131	chr11	39559969	39563138	158.05188940525838	90.63726302628352	108.42880101336537	50.36648764046785	0.0	50.965694166398386
132	chr11	39565977	39567540	53.476203182230286	71.75449989580778	83.07480276645904	5.596276404496428	7.738369594472675	4.82107917790255
133	chr11	41433292	41435293	36.839162192203084	33.98897363485632	115.44160903910542	4.197207303372321	0.0	0.0
134	chr11	42708682	42713583	213.90481272892114	122.10853491040974	149.42675562538412	9.793483707868749	5.158913062981783	6.198530371588993
135	chr11	4793096	4810415	1480.6966481124207	808.1822619843614	780.0400311707778	174.18410308995132	59.32750022429051	123.97060743177985
136	chr11	51349978	51351237	15.44868091931097	18.882763130475734	21.038424077220146	2.798138202248214	5.158913062981783	2.7549023873728857
137	chr11	52971748	52974530	48.72276289936537	40.283228011681565	81.45646245282673	9.093949157306696	0.0	4.82107917790255
138	chr11	68793241	68793886	3.5650802121486853	5.035403501460196	796.223434307101	6.2958109550584815	12.897282657454458	3.443627984216107
139	chr11	70600354	70602067	41.592602475068	16.365061379745637	14.565062822690871	2.798138202248214	0.0	3.443627984216107
140	chr11	77497478	77498867	20.202121202175885	32.73012275949127	29.130125645381742	12.591621910116963	0.0	10.330883952648321
141	chr11	96052810	96080796	158.05188940525838	195.12188568158257	266.48670497812185	130.812960955104	152.1879353579626	61.29657811904671
142	chr12	105634798	105638254	47.53440282864914	49.095184139236906	65.81250608771431	18.887432865175445	2.5794565314908917	9.6421583558051
143	chr12	106139487	106143071	111.70584664732549	109.52002615675926	118.67828966637006	8.394414606744641	12.897282657454458	14.46323753370765
144	chr12	106815340	106826945	278.0762565475975	110.7788770321243	158.0579039647565	5.596276404496428	0.0	5.5098047747457715
145	chr12	106833953	106836255	77.24340459655485	30.212421008761176	97.63986558914992	0.6995345505620535	5.158913062981783	2.0661767905296644
146	chr12	106867985	106871202	150.92172898096103	88.11956127555342	173.7018603298689	22.38510561798571	7.738369594472675	30.303926261101743
147	chr12	115556476	115565970	275.699536406165	128.40278928723498	92.24539787704218	22.38510561798571	5.158913062981783	11.708335146334765
148	chr12	115695619	115697550	160.42860954669084	127.14393841186994	146.72952176933026	38.474400280912946	0.0	37.19118222953396
149	chr12	117057951	117072107	5.941800353581143	35.24782451022137	657.0461673347215	8.394414606744641	0.0	2.0661767905296644
150	chr12	119815309	119817320	39.21588233363554	22.65931575657088	72.82531411345435	6.995345505620535	2.5794565314908917	9.6421583558051
151	chr12	119835793	119837738	32.08572190933817	65.46024551898255	97.10041881793914	4.896741853934374	5.158913062981783	0.0
152	chr12	119842214	119843989	60.60636360652765	74.27220164653788	114.90216226789465	3.4976727528102676	2.5794565314908917	8.95343275896188
153	chr12	12459877	12461341	32.08572190933817	41.542078887046614	28.051232102960196	56.66229859552633	12.897282657454458	64.0514805064196
154	chr12	1288669	1291417	33.2740819800544	54.1305876406971	98.71875913157146	2.798138202248214	0.0	4.132353581059329
155	chr12	1674622	1676991	66.5481639601088	33.98897363485632	58.799698061974254	42.67160758428526	5.158913062981783	32.37010305163141
156	chr12	1977895	1982353	57.041283394378965	71.75449989580778	85.77203662251291	2.798138202248214	0.0	3.443627984216107
157	chr12	1989796	1991742	26.14392155575703	21.40046488120583	29.669572416592516	4.896741853934374	0.0	2.7549023873728857
158	chr12	2124501	2127699	71.30160424297371	28.953570133396124	99.25820590278224	16.08929466292723	2.5794565314908917	13.085786340021206
159	chr12	36292879	36301790	146.16828869809612	129.66164016260004	415.3740138322952	118.22133904498703	54.16858716130873	64.74020610326282
160	chr12	41369598	41371261	19.013761131459656	28.953570133396124	35.06404012870024	0.6995345505620535	2.5794565314908917	0.6887255968432214
161	chr12	44468943	44471068	96.25716572801451	133.43819278869518	176.93854095713354	28.680916573044193	10.317826125963567	31.681377454788187
162	chr12	44473746	44475085	33.2740819800544	30.212421008761176	61.496931918028125	4.197207303372321	0.0	1.3774511936864429
163	chr12	44494686	44496160	43.969322616500456	39.02437713631652	97.63986558914992	1.399069101124107	0.0	0.0
164	chr12	66689638	66691038	11.883600707162286	25.177017507300977	26.432891789327876	12.591621910116963	2.5794565314908917	8.264707162118658
165	chr12	68712612	68713994	5.941800353581143	18.882763130475734	20.498977306009373	1.399069101124107	18.056195720436243	2.7549023873728857
166	chr12	71478260	71479592	38.02752226291931	22.65931575657088	77.68033505435132	0.0	0.0	0.0
167	chr12	78006043	78007677	14.260320848594741	7.553105252190294	15.104509593901644	6.995345505620535	5.158913062981783	11.019609549491543
168	chr12	83093543	83095341	55.85292332366274	60.42484201752235	85.77203662251291	31.479054775292408	0.0	66.11765729694926
169	chr12	86507687	86509137	21.390481272892114	30.212421008761176	49.62910295139112	6.2958109550584815	5.158913062981783	6.198530371588993
170	chr12	86514662	86516955	49.9111229700816	20.141614005840783	43.15574169686184	1.399069101124107	0.0	0.0
171	chr12	86531290	86534131	125.96616749592022	64.20139464361749	186.64858283892747	33.577658426978566	5.158913062981783	31.681377454788187
172	chr12	86540952	86542408	29.70900176790571	16.365061379745637	51.247443265023435	0.6995345505620535	2.5794565314908917	0.6887255968432214
173	chr12	98067187	98068034	20.202121202175885	11.32965787828544	22.656764390852466	8.394414606744641	0.0	17.90686551792376
174	chr13	13365135	13368345	68.92488410154125	69.23679814507769	103.03433330125765	14.690225561803123	20.635652251927134	17.90686551792376
175	chr13	13372894	13375715	192.51433145602903	93.15496477701362	209.30534722977993	31.479054775292408	7.738369594472675	31.681377454788187
176	chr13	13380812	13385140	122.40108728377153	28.953570133396124	101.95543975883609	14.690225561803123	10.317826125963567	15.151963130550872
177	chr13	13421013	13422365	21.390481272892114	17.623912255110685	33.445699815067925	12.591621910116963	0.0	13.774511936864428
178	chr13	17388520	17403269	207.96301237533999	177.4979734264719	249.22440829937713	51.0660221910299	46.43021756683605	64.0514805064196
179	chr13	23810513	23826027	345.8127805784225	144.76785066698062	273.4995130038619	35.67626207866473	30.9534783778907	50.276968569555166
180	chr13	23856376	23868554	1285.8055965149592	383.9495169863399	705.596376743691	61.55904044946071	2.5794565314908917	33.05882864847463
181	chr13	23938035	23939069	27.332281626473257	8.811956127555343	3.776127398475411	0.0	5.158913062981783	2.0661767905296644
182	chr13	2664025	2667518	111.70584664732549	46.57748238850681	102.49488653004687	5.596276404496428	2.5794565314908917	10.330883952648321
183	chr13	2688116	2691902	124.77780742520399	36.50667538558642	144.03228791327638	2.0986036516861604	0.0	4.82107917790255
184	chr13	28087718	28088922	27.332281626473257	13.847359629015537	25.353998246906333	7.694880056182589	2.5794565314908917	7.575981565275436
185	chr13	33504588	33505879	23.76720141432457	59.165991142157296	22.656764390852466	8.394414606744641	0.0	8.264707162118658
186	chr13	38652808	38656230	90.31536537443337	40.283228011681565	108.96824778457615	18.187898314613392	7.738369594472675	8.264707162118658
187	chr13	4287160	4290547	183.0074508902992	146.02670154234568	153.7423297950703	19.586967415737497	7.738369594472675	28.9264750674153
188	chr13	48503800	48505702	29.70900176790571	39.02437713631652	62.036378689238894	7.694880056182589	2.5794565314908917	35.81373103584752
189	chr13	91104832	91109878	360.07310142701726	119.59083315967965	236.81713256152935	18.187898314613392	15.47673918894535	17.218139921080535
190	chr13	91131485	91133383	55.85292332366274	27.694719258031075	38.84016752717566	4.896741853934374	2.5794565314908917	0.0
191	chr13	97858711	97860879	53.476203182230286	21.40046488120583	39.919061069597205	6.2958109550584815	2.5794565314908917	2.0661767905296644
192	chr13	97982675	97987658	72.48996431368994	42.80092976241166	49.08965618018034	24.483709269671873	15.47673918894535	17.90686551792376
193	chr13	98102338	98103578	35.650802121486855	31.471271884126224	25.893445018117106	5.596276404496428	2.5794565314908917	13.085786340021206
194	chr13	98932470	98934947	39.21588233363554	36.50667538558642	24.275104704484786	34.27719297754062	5.158913062981783	25.482847083199193
195	chr13	98971111	98973408	65.35980388939257	31.471271884126224	67.43084640134663	49.666953089905796	5.158913062981783	55.78677334430093
196	chr14	13356742	13357777	20.202121202175885	23.91816663193593	32.906253043857156	2.798138202248214	0.0	0.6887255968432214
197	chr14	18204544	18204828	62.98308374796011	109.52002615675926	272.42061946144037	123.81761544948347	51.58913062981783	106.75246751069932
198	chr14	33605273	33606288	32.08572190933817	16.365061379745637	24.275104704484786	7.694880056182589	2.5794565314908917	7.575981565275436
199	chr14	34119413	34121184	39.21588233363554	12.588508753650489	45.31352878170493	11.192552808992856	20.635652251927134	18.59559111476698
200	chr14	34146618	34149407	68.92488410154125	60.42484201752235	83.07480276645904	23.084640168547764	18.056195720436243	28.23774947057208
201	chr14	39059280	39061474	41.592602475068	11.32965787828544	32.906253043857156	4.197207303372321	2.5794565314908917	0.6887255968432214
202	chr14	39083480	39085133	35.650802121486855	12.588508753650489	28.051232102960196	2.798138202248214	0.0	0.0
203	chr14	39098894	39100528	48.72276289936537	22.65931575657088	59.8785916043958	14.690225561803123	2.5794565314908917	15.151963130550872
204	chr14	49254415	49256041	23.76720141432457	30.212421008761176	19.42008376358783	8.394414606744641	0.0	15.840688727394094
205	chr14	51648294	51649665	86.75028516228468	79.30760514799807	49.08965618018034	17.488363764051336	5.158913062981783	24.794121486355973
206	chr14	5697707	5699812	16.6370409900272	7.553105252190294	21.57787084843092	23.784174719109817	10.317826125963567	24.10539588951275
207	chr14	5939967	5941731	17.825401060743427	25.177017507300977	21.57787084843092	11.192552808992856	0.0	7.575981565275436
208	chr14	64902910	64905150	78.43176466727108	28.953570133396124	44.77408201049416	15.389760112365177	2.5794565314908917	14.46323753370765
209	chr14	65058327	65059646	5.941800353581143	7.553105252190294	16.722849907533963	7.694880056182589	5.158913062981783	9.6421583558051
210	chr14	70240320	70246386	38.02752226291931	30.212421008761176	70.12808025740048	36.375796629226784	43.85076103534516	16.529414324237315
211	chr14	70353662	70354913	9.506880565729828	21.40046488120583	11.867828966637006	0.6995345505620535	0.0	0.0
212	chr14	70441986	70444381	52.28784311151406	25.177017507300977	66.35195285892507	2.798138202248214	0.0	6.198530371588993
213	chr14	7324481	7325886	51.09948304079783	44.05978063777671	48.010762637758795	4.896741853934374	0.0	6.887255968432214
214	chr14	9924121	9925962	7.130160424297371	7.553105252190294	29.669572416592516	0.6995345505620535	7.738369594472675	1.3774511936864429
215	chr15	13547852	13551286	41.592602475068	11.32965787828544	45.31352878170493	8.394414606744641	5.158913062981783	6.198530371588993
216	chr15	19220193	19222526	41.592602475068	23.91816663193593	67.43084640134663	2.0986036516861604	2.5794565314908917	0.6887255968432214
217	chr15	22962164	22963437	20.202121202175885	27.694719258031075	23.735657933274013	6.995345505620535	0.0	12.397060743177986
218	chr15	30626554	30644219	212.7164526582049	410.385385369006	265.4078114357003	20.28650196629955	36.112391440872486	14.46323753370765
219	chr15	30669227	30671304	33.2740819800544	20.141614005840783	29.130125645381742	3.4976727528102676	2.5794565314908917	1.3774511936864429
220	chr15	36743284	36760214	219.84661308250227	67.97794726971264	256.2372163251172	114.72366629217677	74.80423941323586	130.85786340021207
221	chr15	48460747	48466313	154.4868091931097	73.01335077117284	152.66343625264875	4.896741853934374	2.5794565314908917	5.5098047747457715
222	chr15	48539666	48541818	87.93864523300091	28.953570133396124	44.234635239283385	6.2958109550584815	2.5794565314908917	6.887255968432214
223	chr15	53804813	53815353	86.75028516228468	45.31863151314176	79.29867536798363	206.36269241580578	113.49608738559924	201.10787427822066
224	chr15	53940089	53942424	155.67516926382592	86.86071040018838	120.29662998000238	5.596276404496428	2.5794565314908917	10.330883952648321
225	chr15	54360444	54362106	55.85292332366274	44.05978063777671	67.43084640134663	6.2958109550584815	0.0	1.3774511936864429
226	chr15	54366550	54367924	46.34604275793291	41.542078887046614	89.00871724977755	9.093949157306696	2.5794565314908917	15.151963130550872
227	chr15	55684445	55687304	129.53124770806892	41.542078887046614	76.60144151192976	6.2958109550584815	0.0	4.132353581059329
228	chr15	9952765	9954163	79.62012473798731	31.471271884126224	77.14088828314054	0.0	0.0	0.6887255968432214
229	chr16	37100165	37110292	192.51433145602903	96.93151740310877	147.26896854054104	101.43250983149775	54.16858716130873	72.31618766853825
230	chr16	42647229	42648736	26.14392155575703	17.623912255110685	8.631148339372368	14.690225561803123	0.0	13.774511936864428
231	chr16	45472021	45472495	8.3185204950136	3.776552626095147	33.9851465862787	0.6995345505620535	0.0	2.0661767905296644
232	chr16	50890714	50892170	21.390481272892114	23.91816663193593	33.9851465862787	2.798138202248214	2.5794565314908917	3.443627984216107
233	chr16	51853114	51855018	27.332281626473257	17.623912255110685	74.98310119829745	0.0	0.0	0.0
234	chr16	51957567	51958852	5.941800353581143	12.588508753650489	50.707996493812665	3.4976727528102676	0.0	8.264707162118658
235	chr16	52132293	52145606	175.87729046600182	366.32560473122925	344.70648680368396	60.1599713483366	64.4864132872723	79.20344363697046
236	chr16	6192467	6194035	3.5650802121486853	6.294254376825244	37.76127398475411	2.798138202248214	0.0	4.132353581059329
237	chr16	7318066	7318673	2.376720141432457	11.32965787828544	9.170595110583141	0.6995345505620535	0.0	0.0
238	chr2	136495535	136498574	26.14392155575703	39.02437713631652	48.55020940896957	18.187898314613392	79.96315247621764	3.443627984216107
239	chr2	148558771	148581584	409.98422439709884	235.40511369326416	265.9472582069111	97.9348370786875	72.22478288174497	113.63972347913153
240	chr2	148587595	148589061	137.8497682030825	95.67266652774371	115.98105581031619	8.394414606744641	5.158913062981783	13.085786340021206
241	chr2	150338215	150340204	26.14392155575703	15.106210504380588	19.959530534798603	7.694880056182589	2.5794565314908917	8.264707162118658
242	chr2	150382495	150384219	52.28784311151406	20.141614005840783	36.682380442332565	14.690225561803123	12.897282657454458	4.132353581059329
243	chr2	176549700	176551785	110.51748657660926	57.90714026679225	160.21569104959957	16.08929466292723	0.0	24.10539588951275
244	chr2	176871752	176873772	40.40424240435177	26.435868382666026	69.58863348618972	4.197207303372321	2.5794565314908917	9.6421583558051
245	chr2	182685937	182687707	55.85292332366274	42.80092976241166	32.906253043857156	13.99069101124107	5.158913062981783	37.87990782637718
246	chr2	19766310	19768132	39.21588233363554	55.38943851606215	45.31352878170493	5.596276404496428	2.5794565314908917	26.171572680042413
247	chr2	198362474	198364211	36.839162192203084	12.588508753650489	26.97233856053865	2.798138202248214	0.0	2.7549023873728857
248	chr2	199026038	199029236	96.25716572801451	69.23679814507769	90.62705756340986	13.291156460679016	2.5794565314908917	24.794121486355973
249	chr2	22125439	22126717	29.70900176790571	41.542078887046614	42.61629492565107	15.389760112365177	2.5794565314908917	9.6421583558051
250	chr2	225686369	225689418	177.06565053671804	202.67499093377288	269.7233856053865	9.093949157306696	59.32750022429051	8.95343275896188
251	chr2	227041088	227045989	24.9555614850408	16.365061379745637	73.90420765587591	46.16928033709553	15.47673918894535	41.323535810593285
252	chr2	229071635	229074774	78.43176466727108	212.74579793669326	179.6357748131874	26.58231292135803	43.85076103534516	24.10539588951275
253	chr2	229090658	229093742	41.592602475068	83.08415777409323	91.70595110583142	6.2958109550584815	5.158913062981783	10.330883952648321
254	chr2	229094710	229096229	4.753440282864914	10.070807002920391	36.682380442332565	0.6995345505620535	0.0	2.7549023873728857
255	chr2	230345490	230347434	14.260320848594741	31.471271884126224	55.56301743470962	2.0986036516861604	15.47673918894535	4.132353581059329
256	chr2	232522265	232524854	21.390481272892114	18.882763130475734	32.906253043857156	1.399069101124107	0.0	4.82107917790255
257	chr2	42105614	42106940	28.520641697189482	15.106210504380588	121.37552352242392	7.694880056182589	2.5794565314908917	4.82107917790255
258	chr2	47779681	47781317	58.229643465095194	67.97794726971264	66.89139963013585	15.389760112365177	0.0	22.039219098983086
259	chr2	56193172	56194206	23.76720141432457	17.623912255110685	30.748465959014062	1.399069101124107	2.5794565314908917	9.6421583558051
260	chr2	56204126	56208750	111.70584664732549	41.542078887046614	93.32429141946373	15.389760112365177	5.158913062981783	24.794121486355973
261	chr2	56720381	56722049	55.85292332366274	40.283228011681565	32.906253043857156	7.694880056182589	0.0	17.90686551792376
262	chr2	58674876	58676552	47.53440282864914	40.283228011681565	47.471315866548025	7.694880056182589	2.5794565314908917	22.039219098983086
263	chr2	58775516	58845089	1193.1135109990935	961.7620687788974	1466.216324150881	758.295452809266	799.6315247621765	939.421714094154
264	chr2	68538589	68541263	45.157682687216685	30.212421008761176	127.8488847769532	9.093949157306696	7.738369594472675	21.350493502139866
265	chr2	84062665	84089159	344.62442050770625	3.776552626095147	183.41190221166283	71.35252415732946	67.06586981876319	80.5808948306569
266	chr2	87454780	87461219	51.09948304079783	5.035403501460196	140.79560728601174	3.4976727528102676	5.158913062981783	1.3774511936864429
267	chr2	88648914	88650096	22.578841343608342	25.177017507300977	23.735657933274013	4.197207303372321	0.0	9.6421583558051
268	chr2	90730239	90731726	38.02752226291931	61.6836928928874	28.051232102960196	0.0	0.0	0.0
269	chr2	90838236	90839543	27.332281626473257	18.882763130475734	60.41803837560658	2.798138202248214	0.0	1.3774511936864429
270	chr2	90993496	90995206	52.28784311151406	25.177017507300977	39.919061069597205	1.399069101124107	0.0	0.6887255968432214
271	chr2	96031263	96033925	47.53440282864914	8.811956127555343	81.45646245282673	16.08929466292723	0.0	17.218139921080535
272	chr3	100507798	100508883	7.130160424297371	12.588508753650489	36.14293367112179	17.488363764051336	5.158913062981783	15.151963130550872
273	chr3	100602134	100603465	71.30160424297371	61.6836928928874	66.89139963013585	39.173934831474995	12.897282657454458	46.83334058533906
274	chr3	102214374	102215853	40.40424240435177	11.32965787828544	37.221827213543335	18.187898314613392	18.056195720436243	15.151963130550872
275	chr3	102217483	102219048	7.130160424297371	13.847359629015537	25.353998246906333	2.0986036516861604	0.0	3.443627984216107
276	chr3	102220619	102222054	73.67832438440617	31.471271884126224	78.21978182556208	2.798138202248214	5.158913062981783	2.0661767905296644
277	chr3	102230652	102232830	388.5937431242067	230.36971019180396	439.64911853678	99.33390617981159	23.215108783418025	137.05639377180105
278	chr3	121723252	121724425	22.578841343608342	33.98897363485632	47.471315866548025	1.399069101124107	0.0	0.0
279	chr3	121727690	121730776	162.8053296881233	46.57748238850681	62.036378689238894	14.690225561803123	2.5794565314908917	14.46323753370765
280	chr3	121908437	121916426	134.28468799093383	31.471271884126224	78.75922859677286	93.03809522475312	108.33717432261746	53.72059655377127
281	chr3	12617518	12618506	33.2740819800544	41.542078887046614	93.8637381906745	23.784174719109817	0.0	13.085786340021206
282	chr3	12620937	12622085	39.21588233363554	28.953570133396124	48.55020940896957	4.896741853934374	0.0	6.198530371588993
283	chr3	139696122	139766416	463.4604275793291	461.998271258973	639.7838706559768	719.121517977791	417.87195810152446	628.8064699178611
284	chr3	145797645	145798626	73.67832438440617	42.80092976241166	76.06199474071899	2.798138202248214	0.0	0.6887255968432214
285	chr3	159215053	159219363	51.09948304079783	62.94254376825245	79.83812213919441	35.67626207866473	7.738369594472675	75.07109005591114
286	chr3	164609703	164610668	2.376720141432457	7.553105252190294	30.20901918780329	0.0	0.0	0.0
287	chr3	176374938	176376189	49.9111229700816	52.87173676533205	64.19416577408198	13.99069101124107	10.317826125963567	17.90686551792376
288	chr3	190464395	190466551	34.462442050770626	55.38943851606215	34.52459335748947	74.15066235957767	25.794565314908915	61.98530371588993
289	chr3	19213319	19215313	72.48996431368994	46.57748238850681	73.36476088466513	6.995345505620535	7.738369594472675	8.264707162118658
290	chr3	19223592	19225743	42.78096254578423	17.623912255110685	53.40523034986653	2.0986036516861604	12.897282657454458	4.132353581059329
291	chr3	19229507	19230781	30.89736183862194	8.811956127555343	21.038424077220146	0.6995345505620535	0.0	1.3774511936864429
292	chr3	192589859	192591512	13.071960777878514	16.365061379745637	39.37961429838643	36.375796629226784	15.47673918894535	25.482847083199193
293	chr3	19591283	19593324	26.14392155575703	15.106210504380588	21.038424077220146	2.0986036516861604	0.0	2.0661767905296644
294	chr3	196466210	196467915	21.390481272892114	10.070807002920391	14.565062822690871	13.291156460679016	0.0	13.774511936864428
295	chr3	201467445	201469141	61.79472367724388	18.882763130475734	95.48207850430683	8.394414606744641	12.897282657454458	18.59559111476698
296	chr3	202144820	202146276	20.202121202175885	33.98897363485632	58.260251290763485	1.399069101124107	2.5794565314908917	0.6887255968432214
297	chr3	204665603	204673702	169.93549011242067	133.43819278869518	162.37347813444268	20.28650196629955	15.47673918894535	38.5686334232204
298	chr3	204674819	204699416	1000.5991795430645	1306.6872086289209	1279.0282945407428	127.31528820229373	301.79641418443435	224.52454457089019
299	chr3	214153045	214164885	43.969322616500456	289.53570133396124	79.29867536798363	44.77021123597142	0.0	35.81373103584752
300	chr3	214169806	214176126	352.94294100271986	226.5931575657088	336.61478523552233	101.43250983149775	23.215108783418025	93.66668117067812
301	chr3	26256493	26286056	553.7757929537624	558.9297886620817	710.9908444557988	124.51715000004552	72.22478288174497	53.03187095692805
302	chr3	29773786	29775391	13.071960777878514	23.91816663193593	17.80174344995551	20.28650196629955	2.5794565314908917	25.482847083199193
303	chr3	46761217	46765275	116.45928693019039	39.02437713631652	29.130125645381742	11.892087359554909	23.215108783418025	5.5098047747457715
304	chr3	46825971	46830227	140.22648834451496	16.365061379745637	30.20901918780329	9.093949157306696	15.47673918894535	2.7549023873728857
305	chr3	46858022	46860620	60.60636360652765	13.847359629015537	9.170595110583141	4.197207303372321	7.738369594472675	5.5098047747457715
306	chr3	48406635	48408464	22.578841343608342	30.212421008761176	37.76127398475411	20.28650196629955	0.0	20.661767905296642
307	chr3	61077240	61081698	45.157682687216685	64.20139464361749	66.35195285892507	4.896741853934374	2.5794565314908917	8.264707162118658
308	chr3	64113658	64115029	32.08572190933817	59.165991142157296	55.56301743470962	1.399069101124107	2.5794565314908917	2.0661767905296644
309	chr3	70640378	70643216	21.390481272892114	21.40046488120583	45.31352878170493	20.986036516861606	36.112391440872486	22.727944695826306
310	chr3	72826529	72827435	29.70900176790571	2.517701750730098	27.511785331749422	6.995345505620535	0.0	22.727944695826306
311	chr3	72841490	72843611	90.31536537443337	36.50667538558642	66.35195285892507	2.0986036516861604	0.0	2.7549023873728857
312	chr3	77516434	77519598	34.462442050770626	52.87173676533205	108.96824778457615	26.58231292135803	2.5794565314908917	11.019609549491543
313	chr3	79738011	79739539	43.969322616500456	22.65931575657088	47.471315866548025	29.380451123606246	5.158913062981783	42.70098700427973
314	chr3	8934717	8936814	21.390481272892114	10.070807002920391	12.946722509058553	25.183243820233926	0.0	9.6421583558051
315	chr3	9074255	9076376	55.85292332366274	25.177017507300977	10.78893542421546	25.88277837079598	7.738369594472675	50.965694166398386
316	chr3	91824245	91826141	10.695240636446057	23.91816663193593	29.669572416592516	0.6995345505620535	2.5794565314908917	2.0661767905296644
317	chr3	94402607	94404506	30.89736183862194	12.588508753650489	40.458507840807975	0.6995345505620535	0.0	2.7549023873728857
318	chr3	99173137	99175793	66.5481639601088	46.57748238850681	116.52050258152697	11.892087359554909	5.158913062981783	21.350493502139866
319	chr4	103319068	103321186	59.41800353581142	71.75449989580778	91.16650433462064	9.793483707868749	2.5794565314908917	13.085786340021206
320	chr4	139405148	139406685	16.6370409900272	13.847359629015537	19.959530534798603	25.88277837079598	0.0	33.05882864847463
321	chr4	141307666	141363399	953.0647767144153	664.6732621927458	1766.1487289440709	155.99620477533793	121.23445698007191	122.59315623809341
322	chr4	149761582	149763077	20.202121202175885	12.588508753650489	28.59067887417097	1.399069101124107	0.0	0.6887255968432214
323	chr4	162834035	162877731	881.7631724714415	858.5362969989634	722.8586734224358	749.2015036519593	938.9221774626845	848.5099353108488
324	chr4	176881412	176884529	39.21588233363554	50.354035014601955	96.02152527551759	2.798138202248214	7.738369594472675	6.887255968432214
325	chr4	177392129	177393851	26.14392155575703	22.65931575657088	28.59067887417097	0.0	0.0	1.3774511936864429
326	chr4	183453843	183455507	47.53440282864914	52.87173676533205	77.14088828314054	33.577658426978566	10.317826125963567	34.43627984216107
327	chr4	185291857	185298378	91.5037254451496	56.6482893914272	66.89139963013585	2.0986036516861604	0.0	2.0661767905296644
328	chr4	187232365	187234253	54.664563252946515	57.90714026679225	52.86578357865575	23.084640168547764	5.158913062981783	35.12500543900429
329	chr4	189188594	189193658	77.24340459655485	60.42484201752235	23.19621116206324	2.798138202248214	2.5794565314908917	0.6887255968432214
330	chr4	191400869	191403121	84.37356502085223	56.6482893914272	118.67828966637006	3.4976727528102676	2.5794565314908917	2.0661767905296644
331	chr4	191411535	191412932	30.89736183862194	18.882763130475734	30.748465959014062	4.197207303372321	0.0	1.3774511936864429
332	chr4	204105774	204107787	24.9555614850408	79.30760514799807	45.31352878170493	1.399069101124107	2.5794565314908917	2.7549023873728857
333	chr4	205573058	205575479	255.49741520398914	226.5931575657088	357.11376254153174	69.2539205056433	12.897282657454458	90.22305318646201
334	chr4	206819483	206820494	35.650802121486855	44.05978063777671	60.41803837560658	2.0986036516861604	0.0	1.3774511936864429
335	chr4	207515226	207516454	30.89736183862194	26.435868382666026	73.90420765587591	23.084640168547764	7.738369594472675	13.774511936864428
336	chr4	207715271	207721579	168.74713004170445	157.35635942063112	279.43342748718044	32.87812387641652	7.738369594472675	27.549023873728856
337	chr4	210603720	210605235	36.839162192203084	28.953570133396124	77.68033505435132	6.2958109550584815	2.5794565314908917	5.5098047747457715
338	chr4	30231217	30237083	325.6106593762466	89.37841215091848	167.7679458465504	86.74228426969464	87.70152207069032	62.67402931273315
339	chr4	30249419	30252824	265.00429576971896	89.37841215091848	172.62296678744735	30.779520224730355	38.69184797236338	23.41667029266953
340	chr4	30768633	30770103	128.34288763735267	70.49564902044274	111.12603486941924	36.375796629226784	10.317826125963567	38.5686334232204
341	chr4	4380434	4382322	16.6370409900272	30.212421008761176	118.67828966637006	3.4976727528102676	0.0	1.3774511936864429
342	chr4	52488499	52490718	92.69208551586583	108.2611752813942	113.8232687254731	62.958109550584815	7.738369594472675	71.62746207169504
343	chr4	55958096	55994023	519.3133509029918	474.5867800126234	776.8033505435131	85.34321516857052	291.4785880584708	94.35540676752133
344	chr4	63436604	63438252	8.3185204950136	33.98897363485632	18.341190221166283	5.596276404496428	0.0	2.7549023873728857
345	chr4	64659519	64662672	43.969322616500456	62.94254376825245	63.11527223166044	51.0660221910299	5.158913062981783	22.727944695826306
346	chr4	64664918	64667598	43.969322616500456	35.24782451022137	50.16854972260189	4.896741853934374	2.5794565314908917	2.7549023873728857
347	chr4	83968137	83969121	64.17144381867634	23.91816663193593	33.9851465862787	7.694880056182589	2.5794565314908917	2.0661767905296644
348	chr4	87180613	87182578	102.19896608159566	86.86071040018838	125.6910976921101	95.13669887643927	118.65500044858102	77.1372668464408
349	chr4	87509964	87512478	68.92488410154125	1.258850875365049	20.498977306009373	0.0	0.0	0.6887255968432214
350	chr4	9333123	9334199	24.9555614850408	45.31863151314176	79.29867536798363	4.896741853934374	0.0	4.82107917790255
351	chr4	97391132	97393792	335.1175399419764	249.25247332227968	201.7530924328291	50.36648764046785	188.3003267988351	39.257359020063625
352	chr5	106424035	106426205	16.6370409900272	8.811956127555343	18.341190221166283	36.375796629226784	20.635652251927134	26.860298276885636
353	chr5	110385714	110387121	42.78096254578423	26.435868382666026	49.08965618018034	20.28650196629955	2.5794565314908917	33.05882864847463
354	chr5	114258070	114259713	52.28784311151406	40.283228011681565	65.81250608771431	4.197207303372321	0.0	5.5098047747457715
355	chr5	114761696	114772121	399.2889837606528	526.1996659025905	408.9006525777659	25.183243820233926	2.5794565314908917	17.218139921080535
356	chr5	119144556	119146051	61.79472367724388	67.97794726971264	52.32633680744498	6.995345505620535	0.0	10.330883952648321
357	chr5	119154806	119156959	115.27092685947416	120.8496840350447	128.38833154816396	49.666953089905796	2.5794565314908917	82.64707162118657
358	chr5	119167671	119170192	10.695240636446057	21.40046488120583	14.025616051480098	6.995345505620535	5.158913062981783	8.95343275896188
359	chr5	120432138	120440203	55.85292332366274	49.095184139236906	42.61629492565107	35.67626207866473	7.738369594472675	55.09804774745771
360	chr5	120448069	120469120	193.70269152674524	120.8496840350447	80.37756891040517	276.31614747201115	415.29250157003355	315.4363233541954
361	chr5	121197533	121199917	28.520641697189482	27.694719258031075	67.9702931725574	1.399069101124107	2.5794565314908917	0.6887255968432214
362	chr5	121211554	121212532	27.332281626473257	23.91816663193593	56.64191097713117	4.896741853934374	0.0	0.6887255968432214
363	chr5	141838310	141840198	33.2740819800544	33.98897363485632	66.35195285892507	29.380451123606246	128.9728265745446	28.9264750674153
364	chr5	146439313	146440964	26.14392155575703	30.212421008761176	36.682380442332565	2.798138202248214	2.5794565314908917	2.7549023873728857
365	chr5	147731674	147733583	15.44868091931097	10.070807002920391	26.97233856053865	1.399069101124107	0.0	0.6887255968432214
366	chr5	151085502	151091518	41.592602475068	32.73012275949127	31.287912730224836	23.784174719109817	7.738369594472675	47.52206618218228
367	chr5	15705656	15708103	79.62012473798731	62.94254376825245	135.9405863451148	72.0520587078915	7.738369594472675	77.82599244328402
368	chr5	15725463	15727351	101.01060601087943	123.3673857857748	123.53331060726701	43.37114213484732	5.158913062981783	50.965694166398386
369	chr5	16449611	16461690	194.89105159746148	109.52002615675926	236.27768579031857	190.97293230344061	118.65500044858102	212.1274838277122
370	chr5	170278976	170280855	46.34604275793291	10.070807002920391	39.919061069597205	3.4976727528102676	0.0	2.7549023873728857
371	chr5	170289155	170290643	11.883600707162286	3.776552626095147	22.117317619641693	0.0	0.0	0.0
372	chr5	177839749	177843323	206.77465230462377	127.14393841186994	264.3289178932788	81.84554241576026	18.056195720436243	81.95834602434336
373	chr5	181909906	181912150	22.578841343608342	21.40046488120583	22.656764390852466	18.187898314613392	15.47673918894535	17.90686551792376
374	chr5	18266531	18267484	124.77780742520399	120.8496840350447	169.9257329313935	18.887432865175445	2.5794565314908917	20.661767905296642
375	chr5	1848505	1850584	20.202121202175885	18.882763130475734	17.262296678744736	30.0799856741683	23.215108783418025	17.90686551792376
376	chr5	188307338	188309394	58.229643465095194	32.73012275949127	64.19416577408198	12.591621910116963	2.5794565314908917	11.708335146334765
377	chr5	188310093	188311404	38.02752226291931	15.106210504380588	21.57787084843092	4.197207303372321	0.0	2.0661767905296644
378	chr5	193472467	193474164	35.650802121486855	8.811956127555343	73.36476088466513	12.591621910116963	0.0	13.085786340021206
379	chr5	193486764	193488586	98.63388586944697	130.9204910379651	207.6870069161476	11.192552808992856	0.0	15.151963130550872
380	chr5	19427864	19429077	35.650802121486855	17.623912255110685	57.18135774834194	4.197207303372321	0.0	0.6887255968432214
381	chr5	194317891	194318777	42.78096254578423	31.471271884126224	57.18135774834194	8.394414606744641	10.317826125963567	4.82107917790255
382	chr5	194319626	194320961	24.9555614850408	26.435868382666026	59.33914483318503	4.197207303372321	2.5794565314908917	3.443627984216107
383	chr5	194901765	194902798	40.40424240435177	15.106210504380588	43.695188468072615	3.4976727528102676	0.0	5.5098047747457715
384	chr5	197552977	197554334	53.476203182230286	28.953570133396124	51.247443265023435	2.798138202248214	0.0	2.0661767905296644
385	chr5	22696192	22697439	27.332281626473257	46.57748238850681	46.93186909533725	4.896741853934374	0.0	8.95343275896188
386	chr5	23994196	23998087	109.32912650589303	74.27220164653788	81.45646245282673	9.093949157306696	2.5794565314908917	7.575981565275436
387	chr5	24108922	24110307	38.02752226291931	17.623912255110685	28.59067887417097	0.6995345505620535	0.0	0.6887255968432214
388	chr5	25212113	25214017	39.21588233363554	41.542078887046614	35.60348689991102	30.0799856741683	2.5794565314908917	44.76716379480939
389	chr5	28631987	28634330	36.839162192203084	39.02437713631652	33.9851465862787	25.88277837079598	5.158913062981783	36.50245663269074
390	chr5	28918047	28920226	72.48996431368994	59.165991142157296	105.19212038610074	6.2958109550584815	5.158913062981783	2.7549023873728857
391	chr5	30988264	30989291	13.071960777878514	11.32965787828544	8.091701568161595	4.197207303372321	0.0	7.575981565275436
392	chr5	35802899	35804371	20.202121202175885	5.035403501460196	35.06404012870024	1.399069101124107	0.0	1.3774511936864429
393	chr5	40810884	40813320	53.476203182230286	39.02437713631652	67.9702931725574	22.38510561798571	7.738369594472675	22.039219098983086
394	chr5	49241746	49242071	1.1883600707162285	0.0	2.697233856053865	2.0986036516861604	0.0	1.3774511936864429
395	chr5	5491162	5493147	42.78096254578423	28.953570133396124	43.15574169686184	25.88277837079598	2.5794565314908917	9.6421583558051
396	chr5	62174728	62175935	52.28784311151406	62.94254376825245	75.52254796950822	7.694880056182589	15.47673918894535	1.3774511936864429
397	chr5	63144582	63146242	24.9555614850408	23.91816663193593	43.15574169686184	0.6995345505620535	0.0	2.7549023873728857
398	chr5	63242109	63245314	147.35664876881233	96.93151740310877	95.48207850430683	18.187898314613392	15.47673918894535	24.10539588951275
399	chr5	63309929	63311973	21.390481272892114	11.32965787828544	62.036378689238894	2.798138202248214	2.5794565314908917	1.3774511936864429
400	chr5	63330533	63332895	167.5587699709882	39.02437713631652	109.50769455578691	6.2958109550584815	0.0	10.330883952648321
401	chr5	64332087	64355548	407.60750425566636	171.20371904964665	339.851465862787	127.31528820229373	152.1879353579626	110.88482109175865
402	chr5	64363524	64366776	96.25716572801451	93.15496477701362	104.65267361488996	11.892087359554909	7.738369594472675	28.23774947057208
403	chr5	66005790	66007075	76.05504452583862	30.212421008761176	58.260251290763485	4.896741853934374	0.0	3.443627984216107
404	chr5	71258065	71259826	22.578841343608342	12.588508753650489	10.78893542421546	8.394414606744641	5.158913062981783	37.19118222953396
405	chr5	79840351	79842021	45.157682687216685	39.02437713631652	66.89139963013585	36.375796629226784	15.47673918894535	49.588242972711946
406	chr5	9405077	9410925	405.2307841142339	62.94254376825245	159.67624427838882	54.563694943840176	10.317826125963567	72.31618766853825
407	chr5	95637173	95638469	14.260320848594741	27.694719258031075	47.471315866548025	2.798138202248214	15.47673918894535	0.6887255968432214
408	chr5	99203635	99206466	92.69208551586583	84.34300864945828	132.70390571785015	30.0799856741683	5.158913062981783	28.9264750674153
409	chr6	110136969	110138942	45.157682687216685	52.87173676533205	73.90420765587591	3.4976727528102676	2.5794565314908917	2.0661767905296644
410	chr6	116215615	116219294	62.98308374796011	127.14393841186994	108.42880101336537	51.0660221910299	131.55228310603547	53.03187095692805
411	chr6	131044988	131046343	52.28784311151406	18.882763130475734	48.010762637758795	57.36183314608839	2.5794565314908917	60.60785252220349
412	chr6	131379221	131421262	314.91541873980054	156.09750854526607	583.1419596788456	23.084640168547764	28.37402184639981	20.661767905296642
413	chr6	133909489	133911143	19.013761131459656	39.02437713631652	24.275104704484786	16.08929466292723	0.0	17.90686551792376
414	chr6	13820833	13822129	54.664563252946515	31.471271884126224	48.55020940896957	13.291156460679016	2.5794565314908917	15.151963130550872
415	chr6	13823348	13825451	26.14392155575703	35.24782451022137	43.15574169686184	23.784174719109817	5.158913062981783	19.2843167116102
416	chr6	13957190	13958105	28.520641697189482	35.24782451022137	55.023570663498845	0.0	2.5794565314908917	0.6887255968432214
417	chr6	158243836	158245681	38.02752226291931	17.623912255110685	25.353998246906333	4.197207303372321	7.738369594472675	4.132353581059329
418	chr6	165831929	165833477	17.825401060743427	7.553105252190294	18.880636992377056	11.892087359554909	2.5794565314908917	9.6421583558051
419	chr6	174376790	174378442	39.21588233363554	16.365061379745637	60.41803837560658	0.0	0.0	0.0
420	chr6	174794424	174795755	14.260320848594741	26.435868382666026	19.42008376358783	8.394414606744641	2.5794565314908917	13.774511936864428
421	chr6	174818714	174820695	66.5481639601088	57.90714026679225	82.53535599524827	24.483709269671873	5.158913062981783	24.10539588951275
422	chr6	175227547	175229441	62.98308374796011	30.212421008761176	57.72080451955271	0.6995345505620535	5.158913062981783	4.132353581059329
423	chr6	175230366	175232246	65.35980388939257	35.24782451022137	74.98310119829745	3.4976727528102676	2.5794565314908917	4.82107917790255
424	chr6	175255485	175258145	105.76404629374434	89.37841215091848	118.67828966637006	17.488363764051336	5.158913062981783	22.039219098983086
425	chr6	176186762	176187760	28.520641697189482	25.177017507300977	38.30072075596488	3.4976727528102676	0.0	2.0661767905296644
426	chr6	176189851	176191279	61.79472367724388	66.71909639434759	73.36476088466513	11.192552808992856	0.0	12.397060743177986
427	chr6	177034728	177036679	29.70900176790571	49.095184139236906	49.08965618018034	4.197207303372321	2.5794565314908917	10.330883952648321
428	chr6	177692071	177693364	52.28784311151406	26.435868382666026	84.69314308009136	0.6995345505620535	0.0	2.0661767905296644
429	chr6	182015359	182016562	55.85292332366274	47.83633326387186	82.53535599524827	10.493018258430803	0.0	11.019609549491543
430	chr6	187050442	187051346	23.76720141432457	12.588508753650489	9.170595110583141	47.568349438219634	10.317826125963567	42.012261407436505
431	chr6	188942408	188943527	23.76720141432457	65.46024551898255	71.20697379982204	4.197207303372321	0.0	2.7549023873728857
432	chr6	188947587	188949428	84.37356502085223	83.08415777409323	173.7018603298689	9.093949157306696	5.158913062981783	8.264707162118658
433	chr6	197161790	197167817	99.8222459401632	129.66164016260004	88.46927047856677	8.394414606744641	2.5794565314908917	23.41667029266953
434	chr6	197170091	197171329	10.695240636446057	18.882763130475734	15.104509593901644	9.793483707868749	5.158913062981783	11.708335146334765
435	chr6	197802443	197804093	43.969322616500456	18.882763130475734	35.60348689991102	0.6995345505620535	0.0	0.0
436	chr6	197813325	197814851	20.202121202175885	15.106210504380588	30.748465959014062	0.6995345505620535	0.0	0.6887255968432214
437	chr6	198365642	198375834	79.62012473798731	75.53105252190294	85.77203662251291	69.2539205056433	28.37402184639981	73.00491326538148
438	chr6	199235986	199249708	86.75028516228468	100.70807002920391	69.04918671497894	178.38131039332364	56.74804369279962	178.37992958239434
439	chr6	25443703	25449455	221.03497315321852	100.70807002920391	148.34786208296256	19.586967415737497	12.897282657454458	16.529414324237315
440	chr6	25504795	25507545	125.96616749592022	36.50667538558642	161.8340313632319	44.77021123597142	15.47673918894535	56.47549894114416
441	chr6	25534469	25536269	23.76720141432457	8.811956127555343	22.656764390852466	1.399069101124107	0.0	3.443627984216107
442	chr6	28723378	28724313	11.883600707162286	17.623912255110685	46.39242232412648	3.4976727528102676	0.0	0.6887255968432214
443	chr6	28977640	28978808	24.9555614850408	18.882763130475734	17.80174344995551	9.793483707868749	2.5794565314908917	6.887255968432214
444	chr6	45666802	45688486	171.1238501831369	249.25247332227968	204.45032628888296	169.986895786579	152.1879353579626	203.17405106875032
445	chr6	46491315	46492955	30.89736183862194	27.694719258031075	27.511785331749422	16.08929466292723	15.47673918894535	23.41667029266953
446	chr6	46642166	46643308	21.390481272892114	13.847359629015537	29.669572416592516	5.596276404496428	0.0	2.7549023873728857
447	chr6	49071946	49073188	110.51748657660926	52.87173676533205	80.37756891040517	7.694880056182589	0.0	7.575981565275436
448	chr6	51106595	51107637	35.650802121486855	32.73012275949127	40.458507840807975	9.093949157306696	2.5794565314908917	8.95343275896188
449	chr6	5402563	5403916	4.753440282864914	7.553105252190294	20.498977306009373	9.793483707868749	2.5794565314908917	12.397060743177986
450	chr6	54755807	54757175	19.013761131459656	7.553105252190294	22.117317619641693	25.88277837079598	5.158913062981783	19.2843167116102
451	chr6	55728302	55730985	34.462442050770626	42.80092976241166	63.11527223166044	48.26788398878169	7.738369594472675	48.89951737586872
452	chr6	56595087	56598080	51.09948304079783	20.141614005840783	63.11527223166044	11.192552808992856	5.158913062981783	7.575981565275436
453	chr6	56605788	56607622	34.462442050770626	21.40046488120583	30.20901918780329	9.793483707868749	2.5794565314908917	11.019609549491543
454	chr6	61800249	61803246	336.3059000126927	214.00464881205832	439.1096717655692	49.666953089905796	7.738369594472675	53.72059655377127
455	chr6	61816964	61818013	99.8222459401632	142.25014891625054	98.71875913157146	16.08929466292723	7.738369594472675	47.52206618218228
456	chr6	62120860	62121654	22.578841343608342	32.73012275949127	77.14088828314054	11.192552808992856	7.738369594472675	11.708335146334765
457	chr6	67310696	67313067	65.35980388939257	36.50667538558642	56.64191097713117	1.399069101124107	0.0	2.7549023873728857
458	chr6	67314635	67315751	17.825401060743427	18.882763130475734	26.97233856053865	0.0	0.0	0.0
459	chr6	67318514	67322636	223.41169329465097	112.03772790748936	200.67419889040755	4.896741853934374	5.158913062981783	2.0661767905296644
460	chr6	6846696	6848258	42.78096254578423	27.694719258031075	46.39242232412648	44.07067668540937	72.22478288174497	36.50245663269074
461	chr6	6870549	6876198	57.041283394378965	46.57748238850681	51.78689003623421	75.54973146070178	28.37402184639981	116.39462586650443
462	chr6	97631893	97633229	21.390481272892114	46.57748238850681	35.06404012870024	10.493018258430803	0.0	18.59559111476698
463	chr7	11504912	11506674	15.44868091931097	54.1305876406971	76.06199474071899	12.591621910116963	2.5794565314908917	8.264707162118658
464	chr7	11510763	11512414	3.5650802121486853	31.471271884126224	25.893445018117106	2.0986036516861604	5.158913062981783	3.443627984216107
465	chr7	121422083	121424026	79.62012473798731	39.02437713631652	81.45646245282673	18.887432865175445	12.897282657454458	16.529414324237315
466	chr7	121737567	121739004	13.071960777878514	1.258850875365049	14.025616051480098	16.788829213489283	2.5794565314908917	19.2843167116102
467	chr7	12273331	12289784	108.1407664351768	266.87638557739035	214.69981494188767	24.483709269671873	15.47673918894535	22.727944695826306
468	chr7	139667172	139669012	93.88044558658206	20.141614005840783	22.117317619641693	0.0	0.0	5.5098047747457715
469	chr7	141863921	141866362	48.72276289936537	23.91816663193593	90.08761079219909	38.474400280912946	10.317826125963567	13.774511936864428
470	chr7	141927393	141928900	13.071960777878514	22.65931575657088	22.117317619641693	1.399069101124107	0.0	2.0661767905296644
471	chr7	157070118	157071678	38.02752226291931	36.50667538558642	58.260251290763485	30.0799856741683	10.317826125963567	30.303926261101743
472	chr7	167724779	167726233	55.85292332366274	39.02437713631652	85.23258985130214	31.479054775292408	673.2381547191227	25.482847083199193
473	chr7	17094323	17096727	140.22648834451496	71.75449989580778	241.13270673121554	3.4976727528102676	2.5794565314908917	0.0
474	chr7	171066223	171067760	103.38732615231189	32.73012275949127	66.35195285892507	0.6995345505620535	0.0	0.6887255968432214
475	chr7	173790037	173791673	128.34288763735267	35.24782451022137	36.14293367112179	34.97672752810267	5.158913062981783	17.218139921080535
476	chr7	173796628	173802589	641.7144381867633	52.87173676533205	187.727476381349	13.99069101124107	2.5794565314908917	1.3774511936864429
477	chr7	177955137	177956482	15.44868091931097	13.847359629015537	28.051232102960196	4.197207303372321	2.5794565314908917	2.0661767905296644
478	chr7	178277379	178278413	3.5650802121486853	23.91816663193593	27.511785331749422	1.399069101124107	0.0	2.0661767905296644
479	chr7	179527947	179529367	17.825401060743427	15.106210504380588	38.84016752717566	0.6995345505620535	0.0	0.0
480	chr7	187255222	187256940	45.157682687216685	64.20139464361749	83.61424953766982	18.187898314613392	2.5794565314908917	19.973042308453422
481	chr7	192523710	192527126	65.35980388939257	27.694719258031075	65.27305931650353	10.493018258430803	2.5794565314908917	4.82107917790255
482	chr7	193049851	193051492	19.013761131459656	28.953570133396124	23.19621116206324	2.798138202248214	2.5794565314908917	2.7549023873728857
483	chr7	195128414	195129914	10.695240636446057	18.882763130475734	21.57787084843092	4.896741853934374	0.0	8.264707162118658
484	chr7	195313719	195315102	4.753440282864914	39.02437713631652	55.56301743470962	2.0986036516861604	0.0	3.443627984216107
485	chr7	196255304	196258163	87.93864523300091	138.47359629015537	211.463134314623	9.793483707868749	5.158913062981783	22.039219098983086
486	chr7	196269018	196270353	7.130160424297371	17.623912255110685	25.353998246906333	0.0	0.0	0.0
487	chr7	196722430	196723745	10.695240636446057	10.070807002920391	37.76127398475411	0.0	0.0	0.0
488	chr7	22053375	22056249	80.80848480870354	45.31863151314176	41.53740138322952	2.0986036516861604	0.0	1.3774511936864429
489	chr7	33461008	33462677	9.506880565729828	7.553105252190294	24.275104704484786	4.896741853934374	0.0	6.887255968432214
490	chr7	33464232	33465235	28.520641697189482	33.98897363485632	50.16854972260189	4.896741853934374	0.0	12.397060743177986
491	chr7	33493751	33495551	19.013761131459656	28.953570133396124	62.57582546044967	16.08929466292723	7.738369594472675	26.860298276885636
492	chr7	33544694	33546425	15.44868091931097	12.588508753650489	32.906253043857156	4.197207303372321	0.0	1.3774511936864429
493	chr7	33626738	33628524	4.753440282864914	18.882763130475734	31.827359501435605	11.192552808992856	0.0	14.46323753370765
494	chr7	33675992	33677717	26.14392155575703	23.91816663193593	55.023570663498845	13.291156460679016	0.0	16.529414324237315
495	chr7	39966761	39969843	211.5280925874887	125.8850875365049	242.75104704484784	13.291156460679016	2.5794565314908917	9.6421583558051
496	chr7	40294663	40300547	77.24340459655485	75.53105252190294	69.04918671497894	21.68557106742366	12.897282657454458	60.60785252220349
497	chr7	47004801	47007654	68.92488410154125	5.035403501460196	45.85297555291571	6.995345505620535	0.0	5.5098047747457715
498	chr7	51354495	51357647	54.664563252946515	47.83633326387186	127.30943800574242	55.96276404496428	20.635652251927134	59.91912692536027
499	chr7	61081777	61085513	53.476203182230286	57.90714026679225	26.432891789327876	46.16928033709553	18.056195720436243	37.19118222953396
500	chr7	64533135	64534921	55.85292332366274	18.882763130475734	31.287912730224836	1.399069101124107	2.5794565314908917	0.0
501	chr7	66256113	66258225	89.12700530371714	31.471271884126224	67.43084640134663	19.586967415737497	2.5794565314908917	16.529414324237315
502	chr7	70380524	70382678	47.53440282864914	1.258850875365049	39.37961429838643	0.0	0.0	0.6887255968432214
503	chr7	70464580	70465832	20.202121202175885	8.811956127555343	32.906253043857156	0.6995345505620535	2.5794565314908917	2.0661767905296644
504	chr7	7476400	7477161	33.2740819800544	23.91816663193593	57.18135774834194	2.798138202248214	0.0	2.0661767905296644
505	chr7	7520989	7522495	45.157682687216685	17.623912255110685	43.695188468072615	34.97672752810267	15.47673918894535	25.482847083199193
506	chr7	7594204	7597823	111.70584664732549	42.80092976241166	140.25616051480097	17.488363764051336	18.056195720436243	15.840688727394094
507	chr7	78758909	78759952	8.3185204950136	13.847359629015537	22.656764390852466	7.694880056182589	2.5794565314908917	16.529414324237315
508	chr7	82958147	82961297	61.79472367724388	73.01335077117284	55.56301743470962	31.479054775292408	61.9069567557814	38.5686334232204
509	chr7	8490391	8493645	91.5037254451496	74.27220164653788	101.41599298762533	33.577658426978566	0.0	19.2843167116102
510	chr7	8498369	8499411	24.9555614850408	33.98897363485632	33.9851465862787	16.788829213489283	7.738369594472675	22.039219098983086
511	chr7	8499974	8501812	16.6370409900272	30.212421008761176	19.42008376358783	3.4976727528102676	0.0	3.443627984216107
512	chr7	85786920	85788491	15.44868091931097	10.070807002920391	37.221827213543335	0.6995345505620535	2.5794565314908917	6.887255968432214
513	chr8	100191325	100192643	54.664563252946515	39.02437713631652	25.353998246906333	1.399069101124107	2.5794565314908917	4.82107917790255
514	chr8	10187825	10191341	204.3979321631913	188.82763130475735	301.5507451068221	61.55904044946071	33.532934909381595	75.75981565275436
515	chr8	10194788	10195966	22.578841343608342	27.694719258031075	32.906253043857156	8.394414606744641	2.5794565314908917	9.6421583558051
516	chr8	102290022	102291127	49.9111229700816	28.953570133396124	52.86578357865575	9.093949157306696	2.5794565314908917	15.151963130550872
517	chr8	104766439	104767446	13.071960777878514	11.32965787828544	38.84016752717566	3.4976727528102676	5.158913062981783	4.82107917790255
518	chr8	106818868	106821235	20.202121202175885	11.32965787828544	19.42008376358783	12.591621910116963	7.738369594472675	9.6421583558051
519	chr8	109914691	109923151	45.157682687216685	84.34300864945828	49.08965618018034	30.779520224730355	12.897282657454458	34.43627984216107
520	chr8	110989059	110991180	60.60636360652765	84.34300864945828	90.08761079219909	26.58231292135803	2.5794565314908917	26.171572680042413
521	chr8	111831027	111835154	139.03812827379875	20.141614005840783	126.76999123453166	3.4976727528102676	0.0	3.443627984216107
522	chr8	111857982	111860849	90.31536537443337	41.542078887046614	57.72080451955271	9.093949157306696	2.5794565314908917	8.264707162118658
523	chr8	113849166	113850726	4.753440282864914	13.847359629015537	32.36680627264638	3.4976727528102676	0.0	3.443627984216107
524	chr8	113861348	113862877	122.40108728377153	114.55542965821945	152.66343625264875	27.281847471920088	2.5794565314908917	35.81373103584752
525	chr8	114401618	114412513	65.35980388939257	36.50667538558642	46.39242232412648	48.96741853934375	23.215108783418025	57.16422453798738
526	chr8	115856648	115858057	13.071960777878514	12.588508753650489	38.84016752717566	4.896741853934374	0.0	2.0661767905296644
527	chr8	115873784	115874992	16.6370409900272	11.32965787828544	77.68033505435132	1.399069101124107	0.0	2.7549023873728857
528	chr8	115895303	115897120	85.56192509156845	61.6836928928874	114.36271549668388	2.798138202248214	18.056195720436243	4.82107917790255
529	chr8	119212290	119215253	27.332281626473257	37.76552626095147	44.77408201049416	11.192552808992856	7.738369594472675	13.774511936864428
530	chr8	121352996	121354414	4.753440282864914	66.71909639434759	67.9702931725574	17.488363764051336	2.5794565314908917	8.95343275896188
531	chr8	133190424	133192420	40.40424240435177	23.91816663193593	24.81455147569556	24.483709269671873	23.215108783418025	28.23774947057208
532	chr8	136763915	136766663	79.62012473798731	64.20139464361749	138.63782020116867	25.183243820233926	2.5794565314908917	13.085786340021206
533	chr8	136827164	136831789	130.71960777878513	50.354035014601955	204.45032628888296	9.793483707868749	2.5794565314908917	6.887255968432214
534	chr8	137147499	137149879	48.72276289936537	27.694719258031075	79.83812213919441	6.2958109550584815	7.738369594472675	14.46323753370765
535	chr8	138042443	138044339	27.332281626473257	18.882763130475734	36.14293367112179	12.591621910116963	33.532934909381595	4.82107917790255
536	chr8	139696702	139698138	28.520641697189482	15.106210504380588	25.353998246906333	1.399069101124107	0.0	0.0
537	chr8	143446851	143448922	61.79472367724388	36.50667538558642	58.260251290763485	9.093949157306696	5.158913062981783	8.264707162118658
538	chr8	144174699	144176161	65.35980388939257	44.05978063777671	93.8637381906745	1.399069101124107	2.5794565314908917	2.0661767905296644
539	chr8	144182531	144184245	51.09948304079783	42.80092976241166	79.29867536798363	6.2958109550584815	0.0	12.397060743177986
540	chr8	144242849	144244751	121.2127272130553	46.57748238850681	145.11118145569793	11.892087359554909	0.0	26.171572680042413
541	chr8	144653838	144655702	39.21588233363554	45.31863151314176	89.54816402098832	6.995345505620535	0.0	14.46323753370765
542	chr8	145512408	145513700	30.89736183862194	20.141614005840783	43.15574169686184	6.2958109550584815	2.5794565314908917	4.82107917790255
543	chr8	145535455	145537053	70.11324417225748	47.83633326387186	92.78484464825296	7.694880056182589	0.0	4.82107917790255
544	chr8	145541953	145544130	16.6370409900272	5.035403501460196	31.827359501435605	2.0986036516861604	0.0	2.7549023873728857
545	chr8	145546512	145548065	11.883600707162286	2.517701750730098	24.275104704484786	25.183243820233926	5.158913062981783	17.90686551792376
546	chr8	146666030	146667871	42.78096254578423	15.106210504380588	44.77408201049416	16.08929466292723	5.158913062981783	14.46323753370765
547	chr8	147312598	147315531	89.12700530371714	50.354035014601955	110.58658809820847	29.380451123606246	5.158913062981783	34.43627984216107
548	chr8	153529732	153531196	51.09948304079783	21.40046488120583	49.08965618018034	4.197207303372321	5.158913062981783	6.887255968432214
549	chr8	153875297	153876931	27.332281626473257	57.90714026679225	22.117317619641693	14.690225561803123	2.5794565314908917	15.151963130550872
550	chr8	22786901	22787831	104.57568622302811	182.5333769279321	179.6357748131874	79.04740421351204	123.8139135115628	100.55393713911033
551	chr8	391063	393004	26.14392155575703	25.177017507300977	46.39242232412648	5.596276404496428	0.0	4.82107917790255
552	chr8	39900034	39901688	54.664563252946515	32.73012275949127	25.893445018117106	2.0986036516861604	0.0	3.443627984216107
553	chr8	42051182	42053516	59.41800353581142	42.80092976241166	94.94263173309605	37.77486573035089	41.27130450385427	44.76716379480939
554	chr8	46203825	46206417	40.40424240435177	17.623912255110685	31.827359501435605	3.4976727528102676	5.158913062981783	2.0661767905296644
555	chr8	46207024	46215954	86.75028516228468	93.15496477701362	72.28586734224358	8.394414606744641	30.9534783778907	3.443627984216107
556	chr8	48888021	48889590	23.76720141432457	36.50667538558642	18.880636992377056	38.474400280912946	10.317826125963567	57.8529501348306
557	chr8	50982819	50983458	35.650802121486855	17.623912255110685	53.40523034986653	1.399069101124107	2.5794565314908917	2.0661767905296644
558	chr8	52725866	52728230	43.969322616500456	33.98897363485632	59.8785916043958	26.58231292135803	23.215108783418025	11.708335146334765
559	chr8	54548669	54550563	39.21588233363554	32.73012275949127	14.565062822690871	0.6995345505620535	0.0	0.6887255968432214
560	chr8	54563775	54564694	11.883600707162286	2.517701750730098	10.78893542421546	4.197207303372321	7.738369594472675	1.3774511936864429
561	chr8	71629398	71630487	3.5650802121486853	35.24782451022137	45.31352878170493	1.399069101124107	0.0	0.0
562	chr8	7254108	7257837	330.3640996591115	198.89843830767774	24.81455147569556	20.986036516861606	7.738369594472675	15.840688727394094
563	chr8	77310100	77312004	43.969322616500456	33.98897363485632	33.445699815067925	0.6995345505620535	2.5794565314908917	2.0661767905296644
564	chr8	77385081	77386150	9.506880565729828	15.106210504380588	30.20901918780329	0.0	0.0	0.0
565	chr8	8439082	8440400	62.98308374796011	45.31863151314176	62.57582546044967	6.995345505620535	0.0	8.264707162118658
566	chr8	84462567	84463852	52.28784311151406	84.34300864945828	84.69314308009136	9.793483707868749	2.5794565314908917	8.264707162118658
567	chr8	99500320	99501494	84.37356502085223	75.53105252190294	95.48207850430683	4.896741853934374	0.0	3.443627984216107
568	chr9	103419043	103421016	22.578841343608342	15.106210504380588	6.4733612545292765	20.986036516861606	2.5794565314908917	17.218139921080535
569	chr9	104388986	104393616	30.89736183862194	27.694719258031075	26.97233856053865	40.5730039325991	46.43021756683605	29.61520066425852
570	chr9	10513082	10517605	357.6963812855848	319.7481223427224	327.4441901249392	55.263229494402225	25.794565314908915	59.23040132851704
571	chr9	10683803	10685321	13.071960777878514	13.847359629015537	18.341190221166283	2.0986036516861604	10.317826125963567	4.82107917790255
572	chr9	107643751	107644220	38.02752226291931	13.847359629015537	52.32633680744498	1.399069101124107	0.0	0.0
573	chr9	117032719	117034810	27.332281626473257	15.106210504380588	27.511785331749422	3.4976727528102676	12.897282657454458	2.7549023873728857
574	chr9	131891741	131893224	57.041283394378965	21.40046488120583	22.117317619641693	2.798138202248214	2.5794565314908917	0.0
575	chr9	133758686	133761282	45.157682687216685	26.435868382666026	40.458507840807975	2.0986036516861604	5.158913062981783	5.5098047747457715
576	chr9	133771531	133778909	538.3271120344515	339.8897363485632	366.28435765211486	16.788829213489283	12.897282657454458	4.82107917790255
577	chr9	133788037	133789737	60.60636360652765	23.91816663193593	58.260251290763485	16.08929466292723	10.317826125963567	19.2843167116102
578	chr9	142043520	142045325	52.28784311151406	70.49564902044274	34.52459335748947	12.591621910116963	2.5794565314908917	22.727944695826306
579	chr9	142065088	142067810	39.21588233363554	46.57748238850681	32.906253043857156	8.394414606744641	2.5794565314908917	6.887255968432214
580	chr9	146021244	146022455	52.28784311151406	21.40046488120583	66.35195285892507	6.995345505620535	2.5794565314908917	11.019609549491543
581	chr9	18416508	18445731	547.8339926001813	212.74579793669326	755.2254796950822	97.9348370786875	260.52510968058004	133.61276578758495
582	chr9	22923534	22924270	45.157682687216685	32.73012275949127	29.669572416592516	2.798138202248214	0.0	19.973042308453422
583	chr9	28046444	28048045	32.08572190933817	6.294254376825244	16.722849907533963	0.6995345505620535	0.0	4.132353581059329
584	chr9	28870457	28872251	29.70900176790571	20.141614005840783	29.669572416592516	2.0986036516861604	2.5794565314908917	5.5098047747457715
585	chr9	30497814	30501479	33.2740819800544	32.73012275949127	48.55020940896957	11.192552808992856	5.158913062981783	12.397060743177986
586	chr9	30701376	30703095	54.664563252946515	31.471271884126224	55.56301743470962	27.281847471920088	2.5794565314908917	33.74755424531785
587	chr9	30766607	30768266	65.35980388939257	74.27220164653788	79.83812213919441	31.479054775292408	10.317826125963567	28.9264750674153
588	chr9	30783230	30784384	33.2740819800544	27.694719258031075	48.55020940896957	4.896741853934374	2.5794565314908917	6.198530371588993
589	chr9	30785711	30787298	21.390481272892114	13.847359629015537	32.36680627264638	0.6995345505620535	0.0	1.3774511936864429
590	chr9	39153249	39154651	3.5650802121486853	13.847359629015537	19.42008376358783	6.2958109550584815	2.5794565314908917	6.198530371588993
591	chr9	39188918	39209208	363.6381816391659	499.7637975199244	245.44828090090172	252.5319727529013	242.46891396014382	254.82847083199192
592	chr9	51532241	51537055	177.06565053671804	122.10853491040974	173.16241355865813	16.788829213489283	10.317826125963567	10.330883952648321
593	chr9	51691288	51697366	148.54500883952858	105.7434735306641	182.87245544045206	6.2958109550584815	12.897282657454458	15.840688727394094
594	chr9	51774648	51777896	98.63388586944697	80.56645602336313	144.03228791327638	4.197207303372321	2.5794565314908917	7.575981565275436
595	chr9	51846550	51850520	98.63388586944697	66.71909639434759	107.34990747094383	8.394414606744641	7.738369594472675	4.82107917790255
596	chr9	55198988	55200945	105.76404629374434	42.80092976241166	53.9446771210773	11.192552808992856	2.5794565314908917	9.6421583558051
597	chr9	55261432	55265391	278.0762565475975	84.34300864945828	98.17931236036068	4.197207303372321	2.5794565314908917	0.6887255968432214
598	chr9	55272897	55275753	83.185204950136	21.40046488120583	37.76127398475411	0.0	0.0	0.0
599	chr9	55279133	55282248	79.62012473798731	25.177017507300977	55.023570663498845	2.798138202248214	5.158913062981783	5.5098047747457715
600	chr9	55284622	55287609	109.32912650589303	21.40046488120583	63.11527223166044	2.798138202248214	5.158913062981783	0.0
601	chr9	55294448	55297317	105.76404629374434	25.177017507300977	46.39242232412648	0.6995345505620535	2.5794565314908917	3.443627984216107
602	chr9	55298381	55301294	51.09948304079783	12.588508753650489	26.432891789327876	1.399069101124107	10.317826125963567	2.7549023873728857
603	chr9	58282563	58283716	15.44868091931097	6.294254376825244	20.498977306009373	10.493018258430803	0.0	8.264707162118658
604	chr9	75340289	75341880	1.1883600707162285	15.106210504380588	16.722849907533963	3.4976727528102676	0.0	13.085786340021206
605	chr9	90013391	90014719	42.78096254578423	18.882763130475734	47.471315866548025	11.192552808992856	2.5794565314908917	11.019609549491543
606	chr9	93780990	93782866	62.98308374796011	12.588508753650489	47.471315866548025	3.4976727528102676	2.5794565314908917	4.82107917790255
607	chr9	93815020	93816466	32.08572190933817	1.258850875365049	26.97233856053865	0.6995345505620535	0.0	0.0
608	chrX	12848271	12850405	83.185204950136	27.694719258031075	35.60348689991102	2.0986036516861604	7.738369594472675	0.6887255968432214
609	chrX	12860704	12864401	71.30160424297371	25.177017507300977	58.260251290763485	2.798138202248214	0.0	2.0661767905296644
610	chrX	16681120	16682212	20.202121202175885	20.141614005840783	30.20901918780329	4.197207303372321	0.0	6.887255968432214
611	chrX	30381278	30383246	62.98308374796011	20.141614005840783	50.707996493812665	2.798138202248214	0.0	2.0661767905296644
612	chrX	40355022	40356853	92.69208551586583	52.87173676533205	90.08761079219909	10.493018258430803	5.158913062981783	4.82107917790255
613	chrX	40363468	40366124	129.53124770806892	80.56645602336313	69.58863348618972	12.591621910116963	2.5794565314908917	22.727944695826306
614	chrX	87803172	87804141	43.969322616500456	36.50667538558642	64.73361254529276	12.591621910116963	5.158913062981783	15.840688727394094
615	chrX	88850031	88851255	16.6370409900272	12.588508753650489	21.57787084843092	0.6995345505620535	5.158913062981783	0.0
616	chrX	89242654	89247084	116.45928693019039	254.28787682373988	205.52921983130452	16.08929466292723	0.0	30.303926261101743
617	chrX	93469975	93471818	47.53440282864914	39.02437713631652	51.78689003623421	9.093949157306696	2.5794565314908917	3.443627984216107
618	chrX	94529545	94531751	8.3185204950136	7.553105252190294	21.038424077220146	6.995345505620535	0.0	8.95343275896188
619	chrX	94543407	94544936	22.578841343608342	11.32965787828544	35.06404012870024	2.798138202248214	0.0	0.6887255968432214
620	chrX	94699283	94701127	7.130160424297371	11.32965787828544	24.275104704484786	0.6995345505620535	0.0	0.6887255968432214
621	chrX	95820467	95821358	28.520641697189482	22.65931575657088	42.61629492565107	2.798138202248214	0.0	1.3774511936864429
622	chrY	24605945	24608144	30.89736183862194	28.953570133396124	24.81455147569556	53.86416039327812	0.0	58.54167573167382
