Enhancer_ID	chr	start	end	center	FANTOM5	associated_gene-FANTOM5	associated_gene-50kb	associated_gene-4DGenome	Cell_Tissue	Detection_method	PMID	closest_gene	distance
1	1	103756444	103758821	103757703	N	NA	Glrx	NA	NA	NA	NA	Glrx	30937
2	1	10563775	10566479	10565085	N	NA	Inpp5f	NA	NA	NA	NA	Inpp5f	29278
3	1	10568571	10569860	10569079	N	NA	Inpp5f	NA	NA	NA	NA	Inpp5f	34074
4	1	107419996	107421487	107420486	N	NA	NA	NA	NA	NA	NA	Fam174a	198798
5	1	114697226	114699890	114698870	N	NA	NA	NA	NA	NA	NA	Fer	150702
6	1	114705757	114706881	114706349	N	NA	NA	NA	NA	NA	NA	Fer	143711
7	1	115532649	115534666	115533796	N	NA	NA	NA	NA	NA	NA	Pja2	97647
8	1	119666738	119669145	119667405	N	NA	Matr3	NA	NA	NA	NA	Matr3	3701
9	1	119912022	119913346	119912758	N	NA	Ube2d2	NA	NA	NA	NA	Ube2d2	26822
10	1	119930658	119932903	119931892	N	NA	Ube2d2	NA	NA	NA	NA	Ube2d2	7265
11	1	121052078	121053629	121053020	N	NA	NA	NA	NA	NA	NA	Zmat2	103967
12	1	123626426	123628055	123626962	N	NA	NA	NA	NA	NA	NA	Nr3c1	58037
13	1	137162771	137166509	137163354	N	NA	Csnk1g3	NA	NA	NA	NA	Csnk1g3	6022
14	1	142568383	142569821	142569293	N	NA	NA	NA	NA	NA	NA	LOC144377411	1025534
15	1	142872461	142873535	142872961	N	NA	NA	NA	NA	NA	NA	Sema6a	1001803
16	1	142956056	142957631	142956757	N	NA	NA	NA	NA	NA	NA	Sema6a	917707
17	1	144692614	144694178	144693717	N	NA	NA	NA	NA	NA	NA	LOC144377429	86402
18	1	144993454	144996085	144994773	N	NA	NA	NA	NA	NA	NA	Fem1c	106883
19	1	144997341	144998739	144997900	N	NA	NA	NA	NA	NA	NA	Fem1c	110770
20	1	145491826	145494274	145493346	N	NA	LOC144366454	NA	NA	NA	NA	LOC144366454	32344
21	1	145498273	145500851	145498915	N	NA	LOC144366454	NA	NA	NA	NA	LOC144366454	25767
22	1	14552134	14596043	14553640,14583000,14590655	N,N,N	NA;NA;NA	Ablim1,Fhip2a	NA	NA	NA	NA	Fhip2a	44466
23	1	151660199	151661781	151660844	N	NA	LOC144377745,Thoc3	NA	NA	NA	NA	LOC144377745	3794
24	1	151666154	151668332	151667225	N	NA	LOC144377745,Thoc3	NA	NA	NA	NA	LOC144377745	9749
25	1	151671777	151675549	151672953,151673677	N,N	NA;NA	LOC144377745,Thoc3	NA	NA	NA	NA	LOC144377745	15372
26	1	152518095	152519384	152519053	N	NA	NA	NA	NA	NA	NA	Znf354b	176651
27	1	15577031	15582488	15579156,15581180	N,N	NA;NA	Habp2,LOC144377168	NA	NA	NA	NA	Habp2	7158
28	1	171179536	171181255	171180509	N	NA	Pwwp2a	NA	NA	NA	NA	Pwwp2a	4613
29	1	17145790	17147427	17146542	N	NA	NA	NA	NA	NA	NA	Gpam	425218
30	1	178550171	178551276	178550480	N	NA	Pank3	NA	NA	NA	NA	Pank3	7635
31	1	18242600	18244661	18242937	N	NA	NA	NA	NA	NA	NA	Dusp5	53025
32	1	182640768	182642455	182641974	N	NA	Cpeb4,LOC120885809	NA	NA	NA	NA	Cpeb4	13380
33	1	182648675	182650088	182649302	N	NA	Cpeb4,LOC120885809	NA	NA	NA	NA	Cpeb4	5747
34	1	182651380	182652667	182651892	N	NA	Cpeb4,LOC120885809	NA	NA	NA	NA	Cpeb4	3168
35	1	18268900	18270629	18269581	N	NA	NA	NA	NA	NA	NA	Dusp5	79325
36	1	189757417	189759323	189758467	N	NA	LOC101964166	NA	NA	NA	NA	LOC101964166	28202
37	1	201100539	201146582	201146099	N	NA	NA	NA	NA	NA	NA	LOC144364881	5522755
38	1	204106492	204110539	204108544	N	NA	NA	NA	NA	NA	NA	Gtf2h2c	5035762
39	1	205987121	205988363	205987541	N	NA	NA	NA	NA	NA	NA	Gtf2h2c	3157938
40	1	206552341	206602970	206601645	N	NA	NA	NA	NA	NA	NA	Gtf2h2c	2543331
41	1	209852175	209856360	209852902	N	NA	NA	NA	NA	NA	NA	Slc30a5	347493
42	1	209861623	209865694	209862560	N	NA	NA	NA	NA	NA	NA	Slc30a5	356941
43	1	210207304	210209944	210208822	N	NA	NA	NA	NA	NA	NA	Pik3r1	121779
44	1	210349496	210351250	210350306	N	NA	Pik3r1	NA	NA	NA	NA	Pik3r1	17773
45	1	210354841	210357001	210356191	N	NA	Pik3r1	NA	NA	NA	NA	Pik3r1	23118
46	1	210384645	210388137	210385917,210387223	N,N	NA;NA	NA	NA	NA	NA	NA	Pik3r1	52922
47	1	210411358	210412801	210412105	N	NA	NA	NA	NA	NA	NA	Pik3r1	79635
48	1	210427957	210429849	210428902	N	NA	NA	NA	NA	NA	NA	Pik3r1	96234
49	1	210756658	210759667	210758025	N	NA	NA	NA	NA	NA	NA	Pik3r1	424935
50	1	211138242	211141512	211139472	N	NA	NA	NA	NA	NA	NA	Mast4	609493
51	1	212354690	212357391	212355749	N	NA	Erbin	NA	NA	NA	NA	Erbin	2446
52	1	212363870	212365688	212364430	N	NA	Erbin	NA	NA	NA	NA	Erbin	11626
53	1	220492610	220493431	220493171	N	NA	NA	NA	NA	NA	NA	Map3k1	301203
54	1	224151876	224186543	224166865,224185043	N,N	NA;NA	NA	NA	NA	NA	NA	Itga1,Pelo	535241
55	1	23113872	23115390	23114713	N	NA	NA	NA	NA	NA	NA	Gsto1	206415
56	1	249245198	249249515	249246948	N	NA	LOC120885840	NA	NA	NA	NA	LOC120885840	17860
57	1	249250489	249253954	249252026	N	NA	LOC120885840	NA	NA	NA	NA	LOC120885840	23151
58	1	250728587	250730630	250729593	N	NA	NA	NA	NA	NA	NA	Ankh	134751
59	1	250733856	250736592	250735845	N	NA	NA	NA	NA	NA	NA	Ankh	128789
60	1	250743227	250745286	250744322	N	NA	NA	NA	NA	NA	NA	Ankh	120095
61	1	257530712	257532954	257530948,257532544	N,N	NA;NA	NA	NA	NA	NA	NA	Tent4a	392027
62	1	26730234	26731737	26730958	N	NA	LOC101965270,LOC101965950	NA	NA	NA	NA	LOC101965270	5489
63	1	30480657	30481838	30481217	N	NA	NA	NA	NA	NA	NA	Ccnj	104012
64	1	31600118	31603659	31601610	N	NA	LOC101964587,LOC101971054,LOC144366915	NA	NA	NA	NA	LOC101971054	7268
65	1	33079055	33083572	33081729	N	NA	NA	NA	NA	NA	NA	Cyp26a1	77007
66	1	3483166	3487889	3484953,3485775	N,N	NA;NA	NA	NA	NA	NA	NA	Mgmt	656237
67	1	3521423	3545027	3522452	N	NA	NA	NA	NA	NA	NA	Mgmt	694494
68	1	35912000	35914941	35912988	N	NA	Pank1	NA	NA	NA	NA	Pank1	5563
69	1	44042546	44049612	44045130	N	NA	NA	NA	NA	NA	NA	LOC144375240	78357
70	1	49584926	49586519	49585722	N	NA	Mcu	NA	NA	NA	NA	Mcu	10041
71	1	50828900	50840743	50829990	N	NA	Unc5b	NA	NA	NA	NA	Unc5b	30990
72	1	50855484	50864880	50856088	N	NA	NA	NA	NA	NA	NA	Unc5b	57574
73	1	51047005	51047742	51047252	N	NA	Pcbd1	NA	NA	NA	NA	Pcbd1	23323
74	1	6961740	6963498	6962634	N	NA	NA	NA	NA	NA	NA	Oat	52017
75	1	7115124	7116415	7115542	N	NA	Chst15	NA	NA	NA	NA	Chst15	37826
76	1	71154418	71164799	71155928,71162110	N,N	NA;NA	NA	NA	NA	NA	NA	LOC110599542	403160
77	1	71668623	71671655	71670907	N	NA	NA	NA	NA	NA	NA	LOC144366972	634882
78	1	74940085	74942906	74940811	N	NA	NA	NA	NA	NA	NA	Mapk8	505015
79	1	76431747	76433255	76432350	N	NA	NA	NA	NA	NA	NA	Cxcl12	155245
80	1	76440726	76443144	76441707	N	NA	NA	NA	NA	NA	NA	Cxcl12	164224
81	1	78074994	78077249	78075523	N	NA	NA	NA	NA	NA	NA	Znf33b	57909
82	1	78563144	78565119	78563597	N	NA	NA	NA	NA	NA	NA	LOC110599023	330948
83	1	84722333	84723840	84723333	N	NA	NA	NA	NA	NA	NA	LOC144376303	319157
84	1	84783928	84786822	84785586	N	NA	NA	NA	NA	NA	NA	LOC144376303	380752
85	1	84961966	84963026	84962311	N	NA	NA	NA	NA	NA	NA	Utp15	448260
86	1	85716	89341	87777	N	NA	NA	NA	NA	NA	NA	Cyp2e1	57874
87	1	91197577	91202599	91198640	N	NA	Acot12	NA	NA	NA	NA	Acot12	2790
88	1	91650743	91652259	91651277	N	NA	NA	NA	NA	NA	NA	Atg10	103312
89	1	97275	99623	98453	N	NA	Cyp2e1	NA	NA	NA	NA	Cyp2e1	47592
90	1	98436315	98437109	98436626	N	NA	NA	NA	NA	NA	NA	LOC120885806	258040
91	10	103701690	103703836	103702356	N	NA	NA	NA	NA	NA	NA	Fam20c	103938
92	10	104723772	104725545	104724480	N	NA	LOC144367419,Psmg3,Tmem184a	NA	NA	NA	NA	Psmg3	28502
93	10	107050880	107052426	107051791	N	NA	Wipi2	NA	NA	NA	NA	Wipi2	33236
94	10	107285373	107288501	107286910	N	NA	Foxk1	NA	NA	NA	NA	Foxk1	28443
95	10	107342319	107344422	107343398	N	NA	NA	NA	NA	NA	NA	Foxk1	85389
96	10	109180778	109184510	109181432	N	NA	Eif2ak1,Usp42	NA	NA	NA	NA	Eif2ak1	13116
97	10	109734627	109758835	109736139,109738711	N,N	NA;NA	Baiap2l1	NA	NA	NA	NA	Baiap2l1	8781
98	10	111000304	111002664	111001261	N	NA	LOC101975676	NA	NA	NA	NA	LOC101975676	45513
99	10	111011309	111013071	111012519	N	NA	LOC101975676	NA	NA	NA	NA	LOC101975676	35106
100	10	11379914	11381704	11380603	N	NA	NA	NA	NA	NA	NA	Ralgps2	80810
101	10	11384899	11388682	11386299	N	NA	NA	NA	NA	NA	NA	Ralgps2	73832
102	10	11396507	11398701	11397261	N	NA	NA	NA	NA	NA	NA	Ralgps2	63813
103	10	114722927	114724818	114723797	N	NA	LOC144364791	NA	NA	NA	NA	LOC144364791	8339
104	10	116255931	116257573	116256631	N	NA	LOC106144977	NA	NA	NA	NA	LOC106144977	30446
105	10	117452022	117453887	117453212	N	NA	Hip1,Rhbdd2	NA	NA	NA	NA	Rhbdd2	25021
106	10	118376373	118377818	118377196	N	NA	Clip2,Rfc2	NA	NA	NA	NA	Clip2	12782
107	10	118385936	118386849	118386521	N	NA	Clip2,Rfc2	NA	NA	NA	NA	Clip2	3751
108	10	134095647	134098698	134097180	N	NA	Mrtfb	NA	NA	NA	NA	Mrtfb	38952
109	10	14166231	14168076	14167343	N	NA	NA	NA	NA	NA	NA	Glul	180276
110	10	14184946	14192982	14186650	N	NA	NA	NA	NA	NA	NA	Glul	155370
111	10	142651959	142653511	142652687	N	NA	Hapstr1	NA	NA	NA	NA	Hapstr1	19486
112	10	142668103	142669799	142668867	N	NA	Hapstr1	NA	NA	NA	NA	Hapstr1	3198
113	10	144279148	144279981	144279518	N	NA	Litaf,Snn	NA	NA	NA	NA	Litaf	3964
114	10	144283833	144285497	144284727	N	NA	Litaf,Snn	NA	NA	NA	NA	Litaf	8649
115	10	144585018	144587845	144587424	N	NA	NA	NA	NA	NA	NA	Gspt1	80558
116	10	28911569	28914347	28913375	N	NA	NA	NA	NA	NA	NA	Znf281	143159
117	10	28958705	28968305	28967001	N	NA	NA	NA	NA	NA	NA	Znf281	89201
118	10	29144069	29145818	29145304	N	NA	NA	NA	NA	NA	NA	Znf281	86563
119	10	31602022	31607330	31603228,31605562	N,N	NA;NA	Btg2,LOC144367171	NA	NA	NA	NA	LOC144367171	6536
120	10	31612237	31615296	31614055	N	NA	Btg2,LOC144367171	NA	NA	NA	NA	Btg2	12295
121	10	33889188	33894481	33893071	N	NA	Cdk18	NA	NA	NA	NA	Cdk18	9025
122	10	36111035	36112918	36111833	N	NA	Plxna2	NA	NA	NA	NA	Plxna2	6571
123	10	39155712	39157716	39156104	N	NA	NA	NA	NA	NA	NA	Slc30a1	127914
124	10	39318115	39324438	39322537	N	NA	Lpgat1	NA	NA	NA	NA	Lpgat1	15022
125	10	39327934	39330707	39329398	N	NA	Lpgat1	NA	NA	NA	NA	Lpgat1	24841
126	10	39885396	39887206	39886137	N	NA	Atf3,LOC120887290	NA	NA	NA	NA	Atf3	20903
127	10	41231743	41234589	41233304	N	NA	NA	NA	NA	NA	NA	LOC144367219	65136
128	10	47526796	47528274	47527596	N	NA	NA	NA	NA	NA	NA	Hlx	315451
129	10	47884527	47889990	47884914,47886742,47889125	N,N,N	NA;NA;NA	NA	NA	NA	NA	NA	Dusp10	65941
130	10	49088801	49089985	49089462	N	NA	NA	NA	NA	NA	NA	Tlr5	87785
131	10	62166037	62169632	62168144	N	NA	NA	NA	NA	NA	NA	LOC144367297	107192
132	10	62180177	62193292	62181933,62184610,62187444	N,N,N	NA;NA;NA	NA	NA	NA	NA	NA	LOC144367297	121332
133	10	62195242	62197912	62197437	N	NA	NA	NA	NA	NA	NA	LOC144367297	136397
134	10	62211674	62214205	62213327	N	NA	NA	NA	NA	NA	NA	LOC144367297	152829
135	10	62224706	62235899	62226148,62232219	N,N	NA;NA	NA	NA	NA	NA	NA	LOC144367297	165861
136	10	62288198	62301588	62291915,62296650,62300377	N,N,N	NA;NA;NA	NA	NA	NA	NA	NA	Tomm20	106550
137	10	62307342	62311251	62310266	N	NA	NA	NA	NA	NA	NA	Tomm20	96887
138	10	62328883	62332381	62330778	N	NA	NA	NA	NA	NA	NA	Tomm20	75757
139	10	62352895	62374045	62354117,62367424,62371464	N,N,N	NA;NA;NA	Tomm20	NA	NA	NA	NA	Tomm20	34093
140	10	66509095	66510446	66509692	N	NA	Larp4b	NA	NA	NA	NA	Larp4b	11141
141	10	69782497	69784094	69783061	N	NA	NA	NA	NA	NA	NA	LOC144367032	382468
142	10	71211994	71213107	71212453	N	NA	Rbm17	NA	NA	NA	NA	Rbm17	25773
143	10	71449569	71450932	71450215	N	NA	NA	NA	NA	NA	NA	Pfkfb3	110397
144	10	71468609	71470403	71469488	N	NA	NA	NA	NA	NA	NA	Pfkfb3	129437
145	10	72389458	72390444	72389943	N	NA	Sfmbt2	NA	NA	NA	NA	Sfmbt2	10589
146	10	74099472	74101045	74099807	N	NA	NA	NA	NA	NA	NA	Celf2	1221850
147	10	76165052	76167301	76166309	N	NA	Echdc3	NA	NA	NA	NA	Echdc3	13380
148	10	78936714	78938671	78937739	N	NA	NA	NA	NA	NA	NA	Thnsl1	55514
149	10	81341462	81352397	81351683	N	NA	Bmi1,Commd3	NA	NA	NA	NA	Commd3	41186
150	10	81952386	81956042	81953515	N	NA	Mllt10,Skida1	NA	NA	NA	NA	Skida1	4654
151	10	86316961	86318010	86317470	N	NA	Pter	NA	NA	NA	NA	Pter	15996
152	10	86329968	86333109	86331585	N	NA	Pter	NA	NA	NA	NA	Pter	29003
153	10	88057680	88059798	88058625	N	NA	NA	NA	NA	NA	NA	LOC144367039	591680
154	10	88904773	88906497	88905854	N	NA	NA	NA	NA	NA	NA	Fzd8	206057
155	10	88942555	88943795	88943189	N	NA	NA	NA	NA	NA	NA	Fzd8	168759
156	10	92194502	92195521	92194913	N	NA	Kif5b	NA	NA	NA	NA	Kif5b	4664
157	10	93479648	93480543	93480350	N	NA	NA	NA	NA	NA	NA	Znf438	225461
158	10	94976488	94977425	94976861	N	NA	Bambi	NA	NA	NA	NA	Bambi	10234
159	10	96758893	96759884	96759274	N	NA	NA	NA	NA	NA	NA	Fam107b	91314
160	10	98955053	98975391	98957299,98970556,98974987	N,N,N	NA;NA;NA	NA	NA	NA	NA	NA	Optn	676187
161	11	102905661	102906319	102905798	N	NA	Gstm4,LOC101959378,LOC101959659,LOC101960145,LOC101975766,LOC144368232	NA	NA	NA	NA	LOC101959659	3495
162	11	104608150	104610560	104609077	N	NA	NA	NA	NA	NA	NA	LOC110599414	70139
163	11	106085438	106087279	106085790	N	NA	LOC144368263	NA	NA	NA	NA	LOC144368263	29131
164	11	106092930	106095313	106093823	N	NA	LOC144368263,LOC144368264	NA	NA	NA	NA	LOC144368263	21097
165	11	106097049	106098991	106098045	N	NA	LOC144368263,LOC144368264	NA	NA	NA	NA	LOC144368263	17419
166	11	106145648	106148469	106146285	N	NA	LOC144368263,LOC144368264	NA	NA	NA	NA	LOC144368264	7400
167	11	106168490	106170129	106169490	N	NA	LOC144368264	NA	NA	NA	NA	LOC144368264	30242
168	11	12200814	12203302	12202131	N	NA	Iffo2	NA	NA	NA	NA	Iffo2	38679
169	11	13199153	13199981	13199347	N	NA	NA	NA	NA	NA	NA	Camk2n1	215885
170	11	13203922	13205149	13204675	N	NA	NA	NA	NA	NA	NA	Camk2n1	210717
171	11	13206284	13215448	13214496	N	NA	NA	NA	NA	NA	NA	Camk2n1	200418
172	11	132819133	132824014	132819912	N	NA	Bcl9,LOC144368549	NA	NA	NA	NA	LOC144368549	9939
173	11	17380025	17381948	17381045	N	NA	Mtfr1l,Stmn1	NA	NA	NA	NA	Stmn1	27006
174	11	17996818	18000583	17997818,17999349	N,N	NA;NA	NA	NA	NA	NA	NA	Arid1a	52152
175	11	22700801	22702634	22701641	N	NA	Ak2,LOC120890702,LOC144367989	NA	NA	NA	NA	Ak2	3921
176	11	23666143	23666502	23666218	N	NA	Csmd2	NA	NA	NA	NA	Csmd2	12633
177	11	28233157	28233996	28233616	N	NA	Pabpc4	NA	NA	NA	NA	Pabpc4	3998
178	11	2855385	2856782	2856155	N	NA	NA	NA	NA	NA	NA	Rpl22	539643
179	11	2868202	2886890	2877120,2879644,2885277	N,N,N	NA;NA;NA	NA	NA	NA	NA	NA	Rpl22	509535
180	11	31641289	31642968	31642127	N	NA	Hyi,Ptprf	NA	NA	NA	NA	Ptprf	13358
181	11	39559970	39563095	39561513	N	NA	Coa7,Zyg11b	NA	NA	NA	NA	Coa7	3845
182	11	39565977	39567615	39566626	N	NA	Coa7,Zyg11b	NA	NA	NA	NA	Coa7	9852
183	11	39920508	39922128	39921368	N	NA	Cpt2	NA	NA	NA	NA	Cpt2	48847
184	11	41116668	41119260	41116738,41118608	N,N	NA;NA	NA	NA	NA	NA	NA	Ssbp3	73025
185	11	41433292	41435293	41434466	N	NA	Dhcr24	NA	NA	NA	NA	Dhcr24	13931
186	11	42574685	42577326	42576206	N	NA	NA	NA	NA	NA	NA	Plpp3	283582
187	11	42708514	42717507	42711159	N	NA	NA	NA	NA	NA	NA	Plpp3	143401
188	11	42745547	42756164	42750663,42753728,42754912	N,N,N	NA;NA;NA	NA	NA	NA	NA	NA	Plpp3	104744
189	11	44857608	44863086	44859657,44861263	N,N	NA;NA	Jun,LOC120890779	NA	NA	NA	NA	LOC120890779	25679
190	11	4792849	4810331	4794637,4796584,4809409	N,N,N	NA;NA;NA	Errfi1,LOC144367845	NA	NA	NA	NA	Errfi1	3541
191	11	51349978	51351761	51350450,51350495	N,N	NA;NA	NA	NA	NA	NA	NA	Lepr	196613
192	11	52967151	52968870	52967948	N	NA	NA	NA	NA	NA	NA	Serbp1	99956
193	11	52971696	52975009	52973171	N	NA	NA	NA	NA	NA	NA	Serbp1	104501
194	11	53000278	53003467	53002737	N	NA	NA	NA	NA	NA	NA	Gadd45a	76174
195	11	5872144	5874306	5873364	N	NA	LOC144367852,Slc25a33	NA	NA	NA	NA	LOC144367852	8082
196	11	68792630	68793887	68793792	N	NA	Ccn1	NA	NA	NA	NA	Ccn1	23404
197	11	70600250	70602482	70601321	N	NA	NA	NA	NA	NA	NA	Lmo4	96514
198	11	70682994	70684384	70683743	N	NA	NA	NA	NA	NA	NA	Lmo4	179258
199	11	73287249	73288534	73287846	N	NA	Lrrc8d	NA	NA	NA	NA	Lrrc8d	35705
200	11	77491612	77493116	77492479	N	NA	Abcd3,LOC144367734,LOC144368143	NA	NA	NA	NA	LOC144367734	4999
201	11	77497241	77498994	77498007	N	NA	Abcd3,LOC144367734,LOC144368143	NA	NA	NA	NA	LOC144367734	10628
202	11	77503500	77504948	77503997	N	NA	Abcd3,LOC144367734	NA	NA	NA	NA	LOC144367734	16887
203	11	77981438	77983581	77982735	N	NA	Cnn3	NA	NA	NA	NA	Cnn3	9703
204	11	96006178	96082934	96007347,96053096	N,N	NA;NA	NA	NA	NA	NA	NA	LOC101957588	228377
205	12	1043881	1045785	1044827	N	NA	LOC144368971	NA	NA	NA	NA	LOC144368971	11649
206	12	105631822	105638318	105637634	N	NA	Apob,Tdrd15	NA	NA	NA	NA	Apob	2389
207	12	106812474	106826718	106814965	N	NA	NA	NA	NA	NA	NA	LOC144369445	103442
208	12	106832711	106836503	106833375,106834900	N,N	NA;NA	NA	NA	NA	NA	NA	LOC144369445	93657
209	12	106843577	106846769	106844559	N	NA	NA	NA	NA	NA	NA	LOC144369445	83391
210	12	106867546	106871306	106869736	N	NA	NA	NA	NA	NA	NA	LOC144369445	58854
211	12	106872485	106874254	106873124	N	NA	NA	NA	NA	NA	NA	LOC144369445	55906
212	12	109387801	109389417	109388468	N	NA	NA	NA	NA	NA	NA	LOC144369451	615978
213	12	110934258	110935459	110934755	N	NA	NA	NA	NA	NA	NA	Nbas	861828
214	12	113664749	113668090	113666301	N	NA	Pdia6	NA	NA	NA	NA	Pdia6	8511
215	12	115693983	115697607	115694106,115695865	N,N	NA;NA	NA	NA	NA	NA	NA	LOC120885019	165260
216	12	116814051	116815643	116814845	N	NA	NA	NA	NA	NA	NA	Cmpk2	168646
217	12	117057951	117072107	117058942,117060280,117065191,117069135	N,N,N,N	NA;NA;NA;NA	NA	NA	NA	NA	NA	Cmpk2	412546
218	12	119815309	119817320	119816478	N	NA	NA	NA	NA	NA	NA	Tmem18	61801
219	12	119835793	119837546	119836873	N	NA	NA	NA	NA	NA	NA	Tmem18	82285
220	12	119841723	119843989	119843034	N	NA	NA	NA	NA	NA	NA	Tmem18	88215
221	12	12455831	12463806	12460364	N	NA	NA	NA	NA	NA	NA	LOC144369031	230511
222	12	1674622	1676991	1675865	N	NA	Kdm3a,LOC120884800	NA	NA	NA	NA	Kdm3a	11206
223	12	1977895	1988291	1978151,1986307	N,N	NA;NA	LOC144368979,St3gal5	NA	NA	NA	NA	LOC144368979	35186
224	12	2123695	2129175	2125842,2128221	N,N	NA;NA	Atoh8	NA	NA	NA	NA	Atoh8	6489
225	12	36292598	36301012	36294130	N	NA	LOC101958538	NA	NA	NA	NA	LOC101958538	28409
226	12	41369598	41371365	41370481	N	NA	NA	NA	NA	NA	NA	Nck2	136682
227	12	44468943	44470474	44469493	N	NA	Il1r1	NA	NA	NA	NA	Il1r1	44882
228	12	44473597	44475116	44474569	N	NA	Il1r1	NA	NA	NA	NA	Il1r1	49536
229	12	44489741	44491629	44491150	N	NA	NA	NA	NA	NA	NA	Il1r1	65680
230	12	66689490	66691448	66690392	N	NA	Etaa1	NA	NA	NA	NA	Etaa1	37181
231	12	68674017	68674642	68674632	N	NA	Actr2,Rab1a	NA	NA	NA	NA	Rab1a	43504
232	12	68712612	68713994	68713182	N	NA	Rab1a	NA	NA	NA	NA	Rab1a	4152
233	12	68876507	68880282	68877517,68879510	N,N	NA;NA	Slc1a4	NA	NA	NA	NA	Slc1a4	28340
234	12	68897348	68900008	68898699	N	NA	Slc1a4	NA	NA	NA	NA	Slc1a4	49181
235	12	70938572	70940524	70939802	N	NA	LOC120884889	NA	NA	NA	NA	LOC120884889	19138
236	12	72689618	72690530	72690017	N	NA	NA	NA	NA	NA	NA	Papolg	378613
237	12	78006043	78014041	78006360	N	NA	NA	NA	NA	NA	NA	Psme4	109382
238	12	83017115	83019204	83018479	N	NA	NA	NA	NA	NA	NA	Foxn2	84655
239	12	83093385	83095374	83094483	N	NA	NA	NA	NA	NA	NA	Foxn2	160925
240	12	86507147	86509137	86508686	N	NA	NA	NA	NA	NA	NA	Ppm1b	52879
241	12	86513112	86516955	86515484	N	NA	NA	NA	NA	NA	NA	Ppm1b	58844
242	12	86531290	86534220	86532845	N	NA	NA	NA	NA	NA	NA	Lrpprc	69103
243	12	86535288	86537562	86536599	N	NA	NA	NA	NA	NA	NA	Lrpprc	65761
244	12	86540952	86542408	86541939	N	NA	NA	NA	NA	NA	NA	Lrpprc	60915
245	12	88325482	88326897	88326313	N	NA	NA	NA	NA	NA	NA	Pkdcc	138499
246	12	91456078	91460203	91457967	N	NA	Atl2	NA	NA	NA	NA	Atl2	48963
247	12	96930232	96932897	96931300	N	NA	LOC144369611,Srd5a2	NA	NA	NA	NA	LOC144369611	2779
248	12	98066667	98068034	98067615	N	NA	Lbh	NA	NA	NA	NA	Lbh	4454
249	13	13372487	13378651	13374161	N	NA	Zcchc2	NA	NA	NA	NA	Zcchc2	17872
250	13	13420755	13422367	13421678	N	NA	NA	NA	NA	NA	NA	Zcchc2	66140
251	13	17387065	17392948	17390385	N	NA	Onecut2	NA	NA	NA	NA	Onecut2	4646
252	13	17589938	17592411	17591646	N	NA	NA	NA	NA	NA	NA	Onecut2	207519
253	13	23812624	23826384	23822203,23823971	N,N	NA;NA	NA	NA	NA	NA	NA	Acaa2	76275
254	13	23856219	23868653	23858623,23862285,23867504	N,N,N	NA;NA;NA	NA	NA	NA	NA	NA	Lipg	52737
255	13	2663722	2668036	2666105	N	NA	NA	NA	NA	NA	NA	LOC144369745	287144
256	13	2685084	2695046	2685881,2689541	N,N	NA;NA	NA	NA	NA	NA	NA	LOC144369745	260134
257	13	2704633	2706322	2705231	N	NA	NA	NA	NA	NA	NA	LOC144369745	248858
258	13	28087413	28088922	28088248	N	NA	NA	NA	NA	NA	NA	Epg5	1203587
259	13	28096953	28099828	28097573	N	NA	NA	NA	NA	NA	NA	Epg5	1213127
260	13	32140834	32141697	32141411	N	NA	NA	NA	NA	NA	NA	Pik3c3	1929055
261	13	33504304	33506585	33505205	N	NA	NA	NA	NA	NA	NA	Kiaa1328	1141333
262	13	38652777	38656620	38655094	N	NA	Rnf125	NA	NA	NA	NA	Rnf125	18935
263	13	4286902	4290860	4288181	N	NA	Timm21	NA	NA	NA	NA	Timm21	28281
264	13	46914863	46918871	46915481	N	NA	NA	NA	NA	NA	NA	LOC120886246	233352
265	13	47255031	47256228	47255034	N	NA	LOC144370126	NA	NA	NA	NA	LOC144370126	22962
266	13	4783070	4785321	4783896	N	NA	NA	NA	NA	NA	NA	Timm21	463929
267	13	48503268	48506087	48504840	N	NA	NA	NA	NA	NA	NA	Thoc1	126727
268	13	5648149	5649655	5648674	N	NA	NA	NA	NA	NA	NA	Timm21	1329008
269	13	89232928	89234345	89233767	N	NA	Ppp4r1,Rab31	NA	NA	NA	NA	Rab31	27213
270	13	91104553	91109930	91104934,91108182	N,N	NA;NA	Fbp1	NA	NA	NA	NA	Fbp1	14570
271	13	91128548	91133777	91132756	N	NA	Aopep,Fbp1	NA	NA	NA	NA	Fbp1	38565
272	13	97858240	97861218	97859843	N	NA	NA	NA	NA	NA	NA	LOC120886504	60440
273	13	97902116	97911306	97910562	N	NA	NA	NA	NA	NA	NA	LOC120886504	104316
274	13	97919639	97921629	97920482	N	NA	NA	NA	NA	NA	NA	LOC120886504	121839
275	13	97926403	97929318	97927540	N	NA	NA	NA	NA	NA	NA	LOC120886504	128603
276	13	97976282	97988235	97984134,97986797	N,N	NA;NA	NA	NA	NA	NA	NA	LOC120886504	178482
277	13	98094594	98096469	98095657	N	NA	NA	NA	NA	NA	NA	LOC120886504	296794
278	13	98102338	98103905	98103061	N	NA	NA	NA	NA	NA	NA	LOC120886504	304538
279	13	98140710	98142950	98141678	N	NA	NA	NA	NA	NA	NA	LOC120886504	342910
280	13	98932470	98934649	98932959	N	NA	NA	NA	NA	NA	NA	LOC144370071	104643
281	13	98968842	98974210	98972347	N	NA	NA	NA	NA	NA	NA	LOC144370071	65082
282	14	13356742	13357777	13357364	N	NA	NA	NA	NA	NA	NA	Dok2	51865
283	14	14585026	14585843	14585453	N	NA	NA	NA	NA	NA	NA	Atp6v1b2	193317
284	14	14858672	14859961	14859811	N	NA	NA	NA	NA	NA	NA	Atp6v1b2	79512
285	14	18204544	18204821	18204715	N	NA	Tmem192	NA	NA	NA	NA	Tmem192	7121
286	14	33605273	33606768	33605930	N	NA	NA	NA	NA	NA	NA	Irf2	204282
287	14	34119052	34121029	34120028	N	NA	Acsl1	NA	NA	NA	NA	Acsl1	26501
288	14	34146130	34153613	34147898,34152358	N,N	NA;NA	NA	NA	NA	NA	NA	Acsl1	53579
289	14	35806490	35808096	35807201	N	NA	NA	NA	NA	NA	NA	Fat1	160317
290	14	39058380	39061510	39060585	N	NA	NA	NA	NA	NA	NA	LOC110598706	137026
291	14	39074488	39076380	39075371	N	NA	NA	NA	NA	NA	NA	LOC110598706	122156
292	14	39083529	39085317	39084321	N	NA	NA	NA	NA	NA	NA	LOC110598706	113219
293	14	39098333	39100343	39099536	N	NA	NA	NA	NA	NA	NA	LOC110598706	98193
294	14	49254065	49256598	49255229	N	NA	NA	NA	NA	NA	NA	LOC144370389	1726875
295	14	51036700	51038349	51037491	N	NA	NA	NA	NA	NA	NA	LOC144370389	53227
296	14	51648294	51649771	51648951	N	NA	NA	NA	NA	NA	NA	LOC144370405	113613
297	14	5698196	5699943	5698822	N	NA	Ctsb	NA	NA	NA	NA	Ctsb	33068
298	14	5925526	5928854	5927835	N	NA	NA	NA	NA	NA	NA	Gata4	65867
299	14	5939682	5943882	5940571	N	NA	NA	NA	NA	NA	NA	Gata4	80023
300	14	5946607	5949107	5947441	N	NA	NA	NA	NA	NA	NA	Gata4	86948
301	14	64901901	64905639	64903887	N	NA	Tcim	NA	NA	NA	NA	Tcim	34804
302	14	65058327	65059600	65059158	N	NA	NA	NA	NA	NA	NA	Tcim	191230
303	14	66220438	66221990	66221022	N	NA	Gpat4	NA	NA	NA	NA	Gpat4	14348
304	14	70223797	70246799	70245649	N	NA	Ppp1r3b	NA	NA	NA	NA	Ppp1r3b	38348
305	14	70353271	70354905	70353985	N	NA	NA	NA	NA	NA	NA	Ppp1r3b	68124
306	14	70441767	70444381	70443134	N	NA	NA	NA	NA	NA	NA	Ppp1r3b	156620
307	14	7324481	7325917	7324811	N	NA	Kif13b	NA	NA	NA	NA	Kif13b	12529
308	14	9580078	9582153	9581446	N	NA	NA	NA	NA	NA	NA	Dpysl2	92818
309	14	9924461	9925962	9924891	N	NA	Ppp2r2a	NA	NA	NA	NA	Ppp2r2a	8205
310	15	1136072	1137862	1136983	N	NA	NA	NA	NA	NA	NA	Mzf1	88595
311	15	13074510	13077260	13075588	N	NA	LOC101958133,LOC101959274	NA	NA	NA	NA	LOC101959274	10842
312	15	13316581	13321053	13319965	N	NA	LOC144370812,LOC144370813	NA	NA	NA	NA	LOC144370812	20991
313	15	19219780	19222690	19221812	N	NA	Cebpa,LOC120888030,Lrp3	NA	NA	NA	NA	Lrp3	41391
314	15	22962537	22963513	22962959	N	NA	NA	NA	NA	NA	NA	Uqcrfs1	264581
315	15	27537605	27538764	27538333	N	NA	LOC144370843	NA	NA	NA	NA	LOC144370843	19876
316	15	30669447	30670652	30669950	N	NA	NA	NA	NA	NA	NA	LOC144371065	65753
317	15	30688364	30692881	30689564,30691677	N,N	NA;NA	NA	NA	NA	NA	NA	LOC144371065	84670
318	15	31683871	31685580	31684882	N	NA	Tox3	NA	NA	NA	NA	Tox3	27309
319	15	33219931	33221376	33220627	N	NA	NA	NA	NA	NA	NA	Fto	630829
320	15	36742610	36759012	36743850,36749895	N,N	NA;NA	Got2,Slc38a7	NA	NA	NA	NA	Got2	7911
321	15	48460747	48466640	48461945,48464906,48465931	N,N,N	NA;NA;NA	LOC120887963,Marveld3,Tat	NA	NA	NA	NA	Tat	3320
322	15	48539574	48546156	48540310	N	NA	Znf23	NA	NA	NA	NA	Znf23	14583
323	15	53940089	53942921	53941231,53942561	N,N	NA;NA	NA	NA	NA	NA	NA	LOC106145435	138212
324	15	54360407	54362137	54361275	N	NA	NA	NA	NA	NA	NA	Cdyl2	410484
325	15	54366189	54368476	54367241	N	NA	NA	NA	NA	NA	NA	Cdyl2	404145
326	15	55684149	55687748	55685846	N	NA	Hsd17b2,Sdr42e1	NA	NA	NA	NA	Hsd17b2	6614
327	15	9952765	9955508	9953915	N	NA	NA	NA	NA	NA	NA	Pglyrp1	194259
328	16	19103282	19105474	19104410	N	NA	NA	NA	NA	NA	NA	LOC144371395	844414
329	16	19423363	19426577	19424093	N	NA	NA	NA	NA	NA	NA	LOC144371395	1164495
330	16	21747900	21749237	21748197	N	NA	NA	NA	NA	NA	NA	LOC144371494	513622
331	16	25619607	25621166	25620267	N	NA	NA	NA	NA	NA	NA	LOC144371494	4385329
332	16	32117027	32117476	32117475	N	NA	NA	NA	NA	NA	NA	LOC101968204	3797925
333	16	37101214	37110579	37106896,37108803	N,N	NA;NA	NA	NA	NA	NA	NA	Acad9	58866
334	16	45471255	45472697	45472185	N	NA	Bhlhe40	NA	NA	NA	NA	Bhlhe40	49091
335	16	50777537	50779158	50778626	N	NA	NA	NA	NA	NA	NA	Pdzrn3	156043
336	16	50890391	50893351	50891589,50893267	N,N	NA;NA	Pdzrn3	NA	NA	NA	NA	Pdzrn3	41850
337	16	51853103	51857159	51853741	N	NA	NA	NA	NA	NA	NA	LOC144371191	62002
338	16	51956939	51958929	51957867	N	NA	LOC144371191	NA	NA	NA	NA	LOC144371191	37778
339	16	52128634	52145542	52130121,52143727	N,N	NA;NA	Foxp1,LOC110598950	NA	NA	NA	NA	LOC110598950	36922
340	16	6192467	6193962	6193005	N	NA	NA	NA	NA	NA	NA	LOC144371476	8921234
341	16	7316933	7318732	7317987	N	NA	NA	NA	NA	NA	NA	LOC144371476	7796464
342	2	114525046	114526549	114525688	N	NA	NA	NA	NA	NA	NA	Castor1	1006394
343	2	120919448	120920735	120920290	N	NA	NA	NA	NA	NA	NA	Mtmr3	1295142
344	2	130061455	130063252	130062297	N	NA	NA	NA	NA	NA	NA	Tns3	299521
345	2	148561414	148581584	148580179	N	NA	NA	NA	NA	NA	NA	Snx10	178920
346	2	148587101	148589307	148588198	N	NA	NA	NA	NA	NA	NA	Snx10	171197
347	2	150337127	150354160	150338227,150341276	N,N	NA;NA	Pals2	NA	NA	NA	NA	Pals2	47607
348	2	150382421	150386089	150383169	N	NA	NA	NA	NA	NA	NA	Pals2	92901
349	2	176549700	176552223	176550657	N	NA	LOC144375409,Sypl1	NA	NA	NA	NA	Sypl1	48362
350	2	176663712	176665801	176665178	N	NA	Nampt	NA	NA	NA	NA	Nampt	13450
351	2	176871254	176874082	176873154	N	NA	NA	NA	NA	NA	NA	Ccdc71l	148861
352	2	176911008	176912838	176911912	N	NA	NA	NA	NA	NA	NA	Ccdc71l	110105
353	2	182685937	182687707	182686708	N	NA	Wasl	NA	NA	NA	NA	Wasl	34435
354	2	198362317	198364836	198363302	N	NA	Slc25a13	NA	NA	NA	NA	Slc25a13	3989
355	2	199026038	199029238	199028029	N	NA	Pdk4	NA	NA	NA	NA	Pdk4	10959
356	2	213223279	213226021	213225150	N	NA	LOC101961272	NA	NA	NA	NA	LOC101961272	6206
357	2	22124800	22126938	22125873	N	NA	LOC144369767	NA	NA	NA	NA	LOC144369767	6864
358	2	225686309	225689418	225687171,225687865	N,N	NA;NA	Tmem176b	NA	NA	NA	NA	Tmem176b	32248
359	2	227041088	227046209	227041892	N	NA	NA	NA	NA	NA	NA	Cct8l2	71316
360	2	229041267	229043634	229042810	N	NA	NA	NA	NA	NA	NA	Insig1	57253
361	2	229071635	229075086	229073294	N	NA	Insig1	NA	NA	NA	NA	Insig1	25801
362	2	229090658	229096229	229092846,229095678	N,N	NA;NA	Insig1	NA	NA	NA	NA	Insig1	4658
363	2	230345490	230347873	230345962	N	NA	Lmbr1,Nom1	NA	NA	NA	NA	Nom1	16758
364	2	232522265	232524235	232523862	N	NA	NA	NA	NA	NA	NA	Dync2i1	591476
365	2	232572292	232576430	232573518	N	NA	NA	NA	NA	NA	NA	Dync2i1	641503
366	2	2699764	2701277	2700205	N	NA	Hdgfl2,Plin4,Plin5,Ubxn6	NA	NA	NA	NA	Hdgfl2	2111
367	2	28984515	28985541	28985144	N	NA	Cmtm8	NA	NA	NA	NA	Cmtm8	24887
368	2	37029958	37032065	37031152	N	NA	NA	NA	NA	NA	NA	LOC101971161	289004
369	2	39410819	39411484	39411143	N	NA	Kat2b	NA	NA	NA	NA	Kat2b	14795
370	2	42102659	42104955	42104265	N	NA	Plcl2	NA	NA	NA	NA	Plcl2	41207
371	2	42105614	42106719	42105844	N	NA	Plcl2	NA	NA	NA	NA	Plcl2	44162
372	2	47780285	47781516	47780934	N	NA	Rft1	NA	NA	NA	NA	Rft1	29026
373	2	49697548	49699145	49698136	N	NA	NA	NA	NA	NA	NA	LOC144375078	510989
374	2	50165950	50168197	50167032	N	NA	NA	NA	NA	NA	NA	LOC144375078	979391
375	2	50169381	50172294	50170854	N	NA	NA	NA	NA	NA	NA	LOC144375078	982822
376	2	56193172	56194206	56193865	N	NA	Magi1	NA	NA	NA	NA	Magi1	12651
377	2	56203657	56208668	56205408,56207473	N,N	NA;NA	Magi1	NA	NA	NA	NA	Magi1	23136
378	2	56720381	56722044	56720981	N	NA	NA	NA	NA	NA	NA	Lrig1	99807
379	2	56851410	56852759	56852542	N	NA	NA	NA	NA	NA	NA	Lrig1	230836
380	2	58674168	58676655	58675722	N	NA	NA	NA	NA	NA	NA	LOC101969744	480636
381	2	58775516	58957080	58776167,58778137,58782517,58785187,58797851,58816419	N,N,N,N,N,N	NA;NA;NA;NA;NA;NA	NA	NA	NA	NA	NA	LOC101969744	581984
382	2	68525567	68541175	68539572	N	NA	NA	NA	NA	NA	NA	LOC144375136	284524
383	2	74519129	74520426	74519890	N	NA	NA	NA	NA	NA	NA	Bcr	201134
384	2	82819208	82824317	82819788	N	NA	Pebp1,Trafd1	NA	NA	NA	NA	Trafd1	9264
385	2	84062391	84090919	84063804	N	NA	LOC101963847	NA	NA	NA	NA	LOC101963847	32321
386	2	87360888	87362648	87361765	N	NA	NA	NA	NA	NA	NA	LOC120891715	127033
387	2	87454780	87461219	87458126,87460098	N,N	NA;NA	NA	NA	NA	NA	NA	LOC144375214	89924
388	2	88648815	88650712	88649243	N	NA	NA	NA	NA	NA	NA	Spring1	155941
389	2	90730178	90731929	90730582	N	NA	Cux2	NA	NA	NA	NA	Cux2	23915
390	2	90838041	90839763	90838896	N	NA	LOC144375238,Ppp1cc	NA	NA	NA	NA	LOC144375238	40669
391	2	90993377	90995206	90994429	N	NA	Pptc7	NA	NA	NA	NA	Pptc7	5904
392	2	93912255	93914539	93913823	N	NA	LOC120891372,LOC144375266,LOC144375267	NA	NA	NA	NA	LOC144375266	27269
393	3	100372913	100374210	100373738	N	NA	NA	NA	NA	NA	NA	Mbnl1	81897
394	3	100507077	100508995	100508389	N	NA	LOC144376299	NA	NA	NA	NA	LOC144376299	30589
395	3	100602134	100603434	100602851	N	NA	NA	NA	NA	NA	NA	LOC144376299	62550
396	3	102198752	102199417	102198824	N	NA	NA	NA	NA	NA	NA	Tsc22d2	92776
397	3	102214607	102215853	102215324	N	NA	NA	NA	NA	NA	NA	Tsc22d2	108631
398	3	102217402	102219008	102218184	N	NA	NA	NA	NA	NA	NA	Tsc22d2	111426
399	3	102220458	102222074	102220959	N	NA	NA	NA	NA	NA	NA	Tsc22d2	114482
400	3	102230621	102232830	102231958	N	NA	NA	NA	NA	NA	NA	Tsc22d2	124645
401	3	105686648	105693365	105692281	N	NA	NA	NA	NA	NA	NA	Ift80	293237
402	3	10703183	10704997	10703977	N	NA	LOC144375996	NA	NA	NA	NA	LOC144375996	45290
403	3	10954574	10955513	10954949	N	NA	LOC101961636	NA	NA	NA	NA	LOC101961636	10491
404	3	121653536	121655548	121654242	N	NA	NA	NA	NA	NA	NA	Tbl1xr1	175422
405	3	121711362	121715587	121712917	N	NA	NA	NA	NA	NA	NA	Tbl1xr1	233248
406	3	121722767	121725331	121723735	N	NA	NA	NA	NA	NA	NA	Tbl1xr1	244653
407	3	121727220	121730939	121729633	N	NA	NA	NA	NA	NA	NA	Tbl1xr1	249106
408	3	121907775	121918392	121909767,121912076	N,N	NA;NA	NA	NA	NA	NA	NA	Tbl1xr1	429661
409	3	121927870	121933245	121928985	N	NA	NA	NA	NA	NA	NA	Tbl1xr1	449756
410	3	12617450	12618506	12617720	N	NA	Apoh,Prkca	NA	NA	NA	NA	Apoh	4899
411	3	12620649	12622085	12621634	N	NA	Apoh,Prkca	NA	NA	NA	NA	Apoh	8098
412	3	138827198	138828741	138827614	N	NA	Atp13a3	NA	NA	NA	NA	Atp13a3	10394
413	3	139696122	139765838	139765331	N	NA	NA	NA	NA	NA	NA	LOC144375737	191095
414	3	142262752	142264002	142263542	N	NA	NA	NA	NA	NA	NA	Dlg1	55341
415	3	145797645	145798626	145798321	N	NA	Dtx3l,LOC101962583,Parp9	NA	NA	NA	NA	LOC101962583	31325
416	3	158722529	158723930	158723205	N	NA	NA	NA	NA	NA	NA	Cd47	106553
417	3	159214590	159219363	159216114	N	NA	NA	NA	NA	NA	NA	Bbx	83844
418	3	162654013	162656313	162655152	N	NA	NA	NA	NA	NA	NA	Alcam	715019
419	3	164608174	164610668	164609933	N	NA	NA	NA	NA	NA	NA	Nfkbiz	305156
420	3	171148046	171149083	171148860	N	NA	NA	NA	NA	NA	NA	Nsun3	412403
421	3	176374938	176376209	176376098	N	NA	NA	NA	NA	NA	NA	C3H3orf38	2768867
422	3	180493113	180501056	180500380	N	NA	NA	NA	NA	NA	NA	Chmp2b	612736
423	3	190464155	190466312	190465597	N	NA	NA	NA	NA	NA	NA	Nrip1	157088
424	3	19213067	19215612	19214336	N	NA	Dhx8	NA	NA	NA	NA	Dhx8	18392
425	3	19223592	19226588	19224981	N	NA	Arl4d,Dhx8	NA	NA	NA	NA	Dhx8	28917
426	3	19229507	19230781	19230259	N	NA	Arl4d,Dhx8	NA	NA	NA	NA	Dhx8	34832
427	3	192589882	192591526	192590642	N	NA	Cxadr	NA	NA	NA	NA	Cxadr	28312
428	3	192796812	192799015	192798459	N	NA	NA	NA	NA	NA	NA	C3H21orf91	70096
429	3	19591283	19593615	19592538	N	NA	G6pc1,LOC144375602,LOC144375611	NA	NA	NA	NA	G6pc1	2499
430	3	196466210	196467973	196467233	N	NA	NA	NA	NA	NA	NA	Mrpl39	2803407
431	3	201467398	201469519	201467791	N	NA	NA	NA	NA	NA	NA	Hemk2	512669
432	3	202144773	202146276	202145793	N	NA	Cct8	NA	NA	NA	NA	Cct8	12473
433	3	204662563	204664672	204664019	N	NA	NA	NA	NA	NA	NA	Sod1	62885
434	3	204665601	204673917	204670414,204671983	N,N	NA;NA	NA	NA	NA	NA	NA	Sod1	53640
435	3	204674661	204685889	204676779,204678996	N,N	NA;NA	Sod1	NA	NA	NA	NA	Sod1	41668
436	3	204687102	204696764	204688396,204690495,204692407	N,N,N	NA;NA;NA	Sod1	NA	NA	NA	NA	Sod1	30793
437	3	206158722	206160098	206159622	N	NA	Ifngr2	NA	NA	NA	NA	Ifngr2	14010
438	3	208857462	208858818	208857994	N	NA	Cldn14	NA	NA	NA	NA	Cldn14	48871
439	3	208867314	208871891	208868170	N	NA	NA	NA	NA	NA	NA	Cldn14	58723
440	3	214153453	214176166	214162457,214171446,214173635	N,N,N	NA;NA;NA	Sik1	NA	NA	NA	NA	Sik1	33354
441	3	26276314	26286622	26279030,26281790,26285150	N,N,N	NA;NA;NA	LOC101975192,LOC110597783,Tob1	NA	NA	NA	NA	LOC110597783	16039
442	3	29773646	29775682	29774753	N	NA	Hlf,LOC144376076	NA	NA	NA	NA	Hlf	20861
443	3	36495129	36496449	36495670	N	NA	Hnf1b,LOC144376092	NA	NA	NA	NA	LOC144376092	48810
444	3	44589671	44630127	44590093,44602248,44628986	N,N,N	NA;NA;NA	Rph3al	NA	NA	NA	NA	Rph3al	2792
445	3	46760857	46764918	46763854	N	NA	NA	NA	NA	NA	NA	LOC101959994	291358
446	3	46825434	46830577	46828350	N	NA	NA	NA	NA	NA	NA	LOC101959994	355935
447	3	46857376	46860620	46859330	N	NA	NA	NA	NA	NA	NA	LOC101959994	387877
448	3	48406997	48408355	48408070	N	NA	Ube2g1	NA	NA	NA	NA	Ube2g1	27721
449	3	48700628	48716638	48703174,48715409	N,N	NA;NA	Slc13a5	NA	NA	NA	NA	Slc13a5	5644
450	3	63220018	63221182	63220639	N	NA	Pemt	NA	NA	NA	NA	Pemt	26343
451	3	64113644	64115104	64114109	N	NA	LOC101959776	NA	NA	NA	NA	LOC101959776	3431
452	3	70640378	70643216	70641767	N	NA	NA	NA	NA	NA	NA	LOC101966410	253647
453	3	72826488	72827783	72826983	N	NA	NA	NA	NA	NA	NA	LOC144376241	469243
454	3	72841463	72843716	72842687	N	NA	NA	NA	NA	NA	NA	LOC144376241	453310
455	3	72846279	72847300	72846540	N	NA	NA	NA	NA	NA	NA	LOC144376241	449726
456	3	79738433	79739539	79738923	N	NA	Acp3	NA	NA	NA	NA	Acp3	31198
457	3	8921953	8937211	8933448,8935793	N,N	NA;NA	NA	NA	NA	NA	NA	LOC144375991	184087
458	3	9074031	9076035	9074991	N	NA	NA	NA	NA	NA	NA	LOC144375991	336165
459	3	91811783	91814298	91813515	N	NA	Plscr4	NA	NA	NA	NA	Plscr4	48654
460	3	93740637	93742490	93741478	N	NA	NA	NA	NA	NA	NA	Agtr1	141663
461	3	94402607	94404977	94403899	N	NA	Tm4sf1	NA	NA	NA	NA	Tm4sf1	41088
462	3	94521336	94522758	94522271	N	NA	Tm4sf4	NA	NA	NA	NA	Tm4sf4	3627
463	3	99166377	99175793	99174575	N	NA	NA	NA	NA	NA	NA	Arhgef26	263062
464	4	111827859	111830986	111829911	N	NA	NA	NA	NA	NA	NA	Ets1	87500
465	4	139404558	139406440	139405818	N	NA	NA	NA	NA	NA	NA	Zfand5	169498
466	4	141308070	141363531	141310425,141321240,141323792,141331483,141336703,141340660,141348440,141358432,141362088	N,N,N,N,N,N,N,N,N	NA;NA;NA;NA;NA;NA;NA;NA;NA	Klf9,LOC144377262	NA	NA	NA	NA	LOC144377262	17840
467	4	149761526	149763077	149762355	N	NA	Gldc	NA	NA	NA	NA	Gldc	33249
468	4	155940914	155942757	155941736	N	NA	NA	NA	NA	NA	NA	Mpdz	245906
469	4	162836768	162878123	162868902,162876755	N,N	NA;NA	NA	NA	NA	NA	NA	Mtap	235719
470	4	165131423	165133579	165132677	N	NA	NA	NA	NA	NA	NA	Tusc1	1233419
471	4	166771667	166773561	166772540	N	NA	NA	NA	NA	NA	NA	Tusc1	404669
472	4	177392005	177393851	177392859	N	NA	NA	NA	NA	NA	NA	Xpa	84978
473	4	183453833	183455417	183454268	N	NA	Abca1	NA	NA	NA	NA	Abca1	32193
474	4	183475933	183476767	183476376	N	NA	NA	NA	NA	NA	NA	Abca1	54293
475	4	185291857	185298892	185297459	N	NA	Rad23b	NA	NA	NA	NA	Rad23b	40712
476	4	185300416	185302972	185301539	N	NA	Rad23b	NA	NA	NA	NA	Rad23b	36632
477	4	185608031	185609918	185608689	N	NA	NA	NA	NA	NA	NA	Rad23b	268427
478	4	187170224	187171287	187170884	N	NA	Ptpn3	NA	NA	NA	NA	Ptpn3	16697
479	4	187232192	187234798	187233244	N	NA	NA	NA	NA	NA	NA	Ptpn3	78665
480	4	189188594	189193917	189192596	N	NA	NA	NA	NA	NA	NA	Ugcg	120213
481	4	191400869	191403121	191402058	N	NA	NA	NA	NA	NA	NA	Tmem268	57601
482	4	191411597	191412932	191412227	N	NA	NA	NA	NA	NA	NA	Tmem268	68329
483	4	205573058	205575247	205574359	N	NA	Prrc2b	NA	NA	NA	NA	Prrc2b	14583
484	4	206819483	206820494	206819786	N	NA	Gtf3c5,LOC120889933,Tsc1	NA	NA	NA	NA	Tsc1	15590
485	4	207515022	207516610	207515597	N	NA	LOC144377408	NA	NA	NA	NA	LOC144377408	8231
486	4	207668308	207696391	207672243,207682546,207687260,207691993	N,N,N,N	NA;NA;NA;NA	LOC110599283	NA	NA	NA	NA	LOC110599283	34311
487	4	210603720	210605235	210604344	N	NA	LOC144377480	NA	NA	NA	NA	LOC144377480	47109
488	4	211269	212382	211626	N	NA	LOC144376923,LOC144376924,Pgghg,Psmd13	NA	NA	NA	NA	Pgghg	12816
489	4	30249048	30251938	30250575	N	NA	Abtb2,Cat	NA	NA	NA	NA	Cat	24231
490	4	30768481	30770514	30769494	N	NA	Fbxo3	NA	NA	NA	NA	Fbxo3	15485
491	4	4374424	4382412	4380732	N	NA	NA	NA	NA	NA	NA	Fadd	60755
492	4	52488087	52490779	52489409	N	NA	Ipo7,LOC106144938,Tmem41b	NA	NA	NA	NA	Ipo7	19369
493	4	5394350	5396215	5395622	N	NA	Chka	NA	NA	NA	NA	Chka	2491
494	4	55960819	55993273	55963355,55978032	N,N	NA;NA	NA	NA	NA	NA	NA	Mrpl17	668741
495	4	63436604	63438053	63436975	N	NA	Arrb1,Rps3	NA	NA	NA	NA	Arrb1	9505
496	4	64650625	64653232	64651809	N	NA	Tsku	NA	NA	NA	NA	Tsku	24384
497	4	64664918	64667598	64665799	N	NA	Tsku	NA	NA	NA	NA	Tsku	10018
498	4	8385964	8387357	8386875	N	NA	Dnajc4,Macrod1,Nudt22,Stip1,Trpt1,Vegfb	NA	NA	NA	NA	Macrod1	5806
499	4	83967876	83970771	83968476	N	NA	NA	NA	NA	NA	NA	Jrkl	1572024
500	4	87180843	87182510	87181348	N	NA	Birc3	NA	NA	NA	NA	Birc3	47216
501	4	87509964	87512478	87511171	N	NA	NA	NA	NA	NA	NA	LOC101958300	252130
502	4	9333123	9334199	9333652	N	NA	LOC101978269	NA	NA	NA	NA	LOC101978269	9962
503	4	97391132	97393792	97391886	N	NA	Zbtb16	NA	NA	NA	NA	Zbtb16	19828
504	5	1005715	1006626	1005727	N	NA	NA	NA	NA	NA	NA	LOC144377684	1302784
505	5	105102050	105103664	105103410	N	NA	NA	NA	NA	NA	NA	Sel1l	1758133
506	5	106424115	106426185	106425126	N	NA	NA	NA	NA	NA	NA	Galc	2520668
507	5	110370771	110373179	110371904	N	NA	Foxn3	NA	NA	NA	NA	Foxn3	18626
508	5	110386935	110388275	110387638	N	NA	Foxn3	NA	NA	NA	NA	Foxn3	34790
509	5	110849287	110851186	110850490	N	NA	Psmc1	NA	NA	NA	NA	Psmc1	16877
510	5	111320006	111321909	111321166	N	NA	LOC144377918,Ttc7b	NA	NA	NA	NA	Ttc7b	6173
511	5	114257203	114260147	114259011	N	NA	LOC144377571,LOC144377928,LOC144377929	NA	NA	NA	NA	LOC144377928	2459
512	5	114761346	114772121	114762295,114764500,114768149	N,N,N	NA;NA;NA	NA	NA	NA	NA	NA	LOC120886803	164304
513	5	119144848	119146050	119145722	N	NA	LOC144377948,Yy1	NA	NA	NA	NA	Yy1	44310
514	5	119155284	119156620	119156066	N	NA	LOC144377948,Yy1	NA	NA	NA	NA	Yy1	33740
515	5	119166787	119170192	119169137	N	NA	LOC144377948,Yy1	NA	NA	NA	NA	Yy1	20168
516	5	120405461	120407420	120406851	N	NA	NA	NA	NA	NA	NA	LOC144377953	89781
517	5	120433211	120448165	120439834,120442411,120445927,120446665	N,N,N,N	NA;NA;NA;NA	LOC144377953	NA	NA	NA	NA	LOC144377953	49036
518	5	120454138	120469993	120458709,120467514,120469684	N,N,N	NA;NA;NA	LOC144377953,LOC144377954	NA	NA	NA	NA	LOC144377953	27208
519	5	121197533	121199917	121198823	N	NA	NA	NA	NA	NA	NA	Ppp2r5c	60366
520	5	121211450	121212711	121212172	N	NA	LOC144377956,Ppp2r5c	NA	NA	NA	NA	Ppp2r5c	47572
521	5	141838037	141839866	141839067	N	NA	Chd2,LOC144378019	NA	NA	NA	NA	Chd2	32926
522	5	145018514	145020135	145019498	N	NA	NA	NA	NA	NA	NA	Nr2f2	102521
523	5	146437479	146441281	146440244	N	NA	Arrdc4	NA	NA	NA	NA	Arrdc4	46531
524	5	147731674	147733583	147732468	N	NA	NA	NA	NA	NA	NA	Mef2a	63602
525	5	151083964	151088265	151086801	N	NA	NA	NA	NA	NA	NA	LOC120886919	107606
526	5	155076609	155089470	155077798,155086155	N,N	NA;NA	NA	NA	NA	NA	NA	LOC120886165	80413
527	5	155093305	155096394	155094587	N	NA	NA	NA	NA	NA	NA	LOC120886165	97109
528	5	155099179	155105336	155100625	N	NA	NA	NA	NA	NA	NA	LOC120886165	102983
529	5	15705607	15707906	15707155	N	NA	LOC144377517	NA	NA	NA	NA	LOC144377517	22895
530	5	15725423	15727351	15726542	N	NA	LOC144377517	NA	NA	NA	NA	LOC144377517	42711
531	5	16459704	16461763	16460474	N	NA	Smad3	NA	NA	NA	NA	Smad3	12540
532	5	165351915	165352203	165351965	N	NA	NA	NA	NA	NA	NA	Jag1	482847
533	5	170278649	170281075	170279819	N	NA	Shld1	NA	NA	NA	NA	Shld1	24638
534	5	170289155	170291097	170289864	N	NA	Shld1	NA	NA	NA	NA	Shld1	35144
535	5	177839389	177843674	177840808	N	NA	Ahcy,Itch	NA	NA	NA	NA	Ahcy	12116
536	5	180351811	180353419	180352624	N	NA	Blcap	NA	NA	NA	NA	Blcap	39575
537	5	180358770	180359821	180359240	N	NA	Blcap	NA	NA	NA	NA	Blcap	33173
538	5	181909906	181912150	181910838	N	NA	NA	NA	NA	NA	NA	Dhx35	319251
539	5	18265884	18267851	18267067	N	NA	LOC120886319,Plekho2,Rbpms2	NA	NA	NA	NA	Plekho2	4721
540	5	1841404	1842770	1841682	N	NA	NA	NA	NA	NA	NA	LOC144377684	466640
541	5	188166146	188167636	188167119	N	NA	Pmepa1	NA	NA	NA	NA	Pmepa1	2573
542	5	188306554	188311444	188308389,188310897	N,N	NA;NA	LOC144378149,LOC144378151,Pck1	NA	NA	NA	NA	Pck1	17643
543	5	193472467	193474050	193473009	N	NA	LOC144378179,Ptpn1	NA	NA	NA	NA	Ptpn1	6335
544	5	193486220	193488586	193487439	N	NA	LOC144378179,Ptpn1	NA	NA	NA	NA	Ptpn1	20088
545	5	193877947	193880118	193878755	N	NA	Slc9a8	NA	NA	NA	NA	Slc9a8	2341
546	5	19427454	19428947	19428282	N	NA	Usp3	NA	NA	NA	NA	Usp3	21544
547	5	194317923	194318777	194318236	N	NA	Ddx27,Stau1	NA	NA	NA	NA	Stau1	5535
548	5	194319626	194320961	194320323	N	NA	Ddx27,Stau1	NA	NA	NA	NA	Stau1	3351
549	5	194901880	194902798	194902262	N	NA	NA	NA	NA	NA	NA	LOC120886321	362677
550	5	197552977	197554334	197553416	N	NA	NA	NA	NA	NA	NA	Fam217b	97823
551	5	19812898	19814060	19813358	N	NA	Tpm1	NA	NA	NA	NA	Tpm1	18770
552	5	19924282	19925397	19924672	N	NA	NA	NA	NA	NA	NA	Tpm1	130154
553	5	22696046	22697345	22696729	N	NA	Bnip2	NA	NA	NA	NA	Bnip2	45412
554	5	23992179	23998882	23997411	N	NA	NA	NA	NA	NA	NA	Aqp9	103211
555	5	24004380	24005984	24005341	N	NA	NA	NA	NA	NA	NA	Aqp9	96109
556	5	24107235	24110307	24109219	N	NA	Aqp9	NA	NA	NA	NA	Aqp9	5142
557	5	25212221	25214479	25213087	N	NA	Tcf12	NA	NA	NA	NA	Tcf12	21049
558	5	28631989	28634330	28632884	N	NA	NA	NA	NA	NA	NA	Onecut1	217081
559	5	28918047	28920060	28919038	N	NA	Atosa	NA	NA	NA	NA	Atosa	43643
560	5	30986948	30989291	30988356	N	NA	Gabpb1,LOC101961191,Usp8	NA	NA	NA	NA	Usp8	28781
561	5	35802899	35804371	35803669	N	NA	B2m,Spg11	NA	NA	NA	NA	B2m	9124
562	5	40809506	40813419	40810201,40812650	N,N	NA;NA	NA	NA	NA	NA	NA	Thbs1	421174
563	5	5468286	5469551	5468911	N	NA	Zfand6	NA	NA	NA	NA	Zfand6	29788
564	5	5491162	5493147	5492035	N	NA	Mthfs	NA	NA	NA	NA	Mthfs	34274
565	5	55742208	55743444	55742716	N	NA	LOC101966884,LOC101967171	NA	NA	NA	NA	LOC101967171	17427
566	5	62174091	62175980	62175373	N	NA	Tmem229b	NA	NA	NA	NA	Tmem229b	42526
567	5	63141230	63142759	63141927	N	NA	NA	NA	NA	NA	NA	Zfp36l1	245623
568	5	63144308	63146385	63145568	N	NA	NA	NA	NA	NA	NA	Zfp36l1	241997
569	5	63178385	63182490	63179332	N	NA	NA	NA	NA	NA	NA	Zfp36l1	205892
570	5	63235452	63236797	63236158	N	NA	NA	NA	NA	NA	NA	Zfp36l1	151585
571	5	63241341	63248353	63243281	N	NA	NA	NA	NA	NA	NA	Zfp36l1	140029
572	5	63309929	63311973	63311393	N	NA	NA	NA	NA	NA	NA	Zfp36l1	76409
573	5	63330522	63333291	63331764	N	NA	NA	NA	NA	NA	NA	Zfp36l1	55091
574	5	64142725	64144982	64143865	N	NA	Susd6	NA	NA	NA	NA	Susd6	4085
575	5	64331382	64372738	64333471,64336860,64338765,64343797,64361879,64364301	N,N,N,N,N,N	NA;NA;NA;NA;NA;NA	Slc10a1,Smoc1,Srsf5	NA	NA	NA	NA	Slc10a1	16412
576	5	6451959	6453947	6453210	N	NA	Morf4l1	NA	NA	NA	NA	Morf4l1	32048
577	5	64884906	64887496	64886682	N	NA	Synj2bp	NA	NA	NA	NA	Synj2bp	47571
578	5	65496845	65498025	65497577	N	NA	NA	NA	NA	NA	NA	Frmd6	115692
579	5	71257673	71260116	71258509	N	NA	NA	NA	NA	NA	NA	Dorip1	161855
580	5	75947668	75948931	75948534	N	NA	Fbxo33	NA	NA	NA	NA	Fbxo33	25684
581	5	79454808	79458350	79457832	N	NA	Nfkbia	NA	NA	NA	NA	Nfkbia	26009
582	5	79465125	79467080	79465814	N	NA	Nfkbia	NA	NA	NA	NA	Nfkbia	36326
583	5	79840334	79842021	79841211	N	NA	Baz1a	NA	NA	NA	NA	Baz1a	49381
584	5	9390644	9393145	9391992	N	NA	C5H15orf39	NA	NA	NA	NA	C5H15orf39	6782
585	5	9402686	9410943	9407624	N	NA	C5H15orf39	NA	NA	NA	NA	C5H15orf39	18824
586	5	9441033	9442775	9441475	N	NA	NA	NA	NA	NA	NA	C5H15orf39	57171
587	5	95636967	95638112	95637504	N	NA	Dcaf4	NA	NA	NA	NA	Dcaf4	15232
588	5	97751204	97752430	97752097	N	NA	Tmed10	NA	NA	NA	NA	Tmed10	18589
589	5	99203428	99206718	99204162,99206122	N,N	NA;NA	LOC110597758	NA	NA	NA	NA	LOC110597758	33373
590	6	106101921	106105124	106104332	N	NA	NA	NA	NA	NA	NA	Parp11	139934
591	6	110136592	110138942	110138238	N	NA	Washc1	NA	NA	NA	NA	Washc1	46099
592	6	115588449	115592071	115589298	N	NA	NA	NA	NA	NA	NA	LOC144365097	993957
593	6	131004892	131007539	131006122	N	NA	NA	NA	NA	NA	NA	Spry2	127626
594	6	131044385	131046675	131045762	N	NA	NA	NA	NA	NA	NA	Spry2	167119
595	6	131379221	131421262	131408964,131420558	N,N	NA;NA	NA	NA	NA	NA	NA	Ndfip2	121885
596	6	133909489	133911143	133910227	N	NA	NA	NA	NA	NA	NA	Cln5	202025
597	6	13820779	13825783	13821087,13824518	N,N	NA;NA	Cry1	NA	NA	NA	NA	Cry1	5183
598	6	13957190	13958105	13957931	N	NA	Tmem263	NA	NA	NA	NA	Tmem263	28047
599	6	142882510	142883747	142883095	N	NA	NA	NA	NA	NA	NA	LOC101971599	2248959
600	6	14753985	14755607	14754782	N	NA	NA	NA	NA	NA	NA	Nuak1	146526
601	6	15008514	15009455	15008883	N	NA	NA	NA	NA	NA	NA	Appl2	369549
602	6	158152590	158155552	158153810	N	NA	NA	NA	NA	NA	NA	LOC101978069	87711
603	6	158243601	158247590	158245152	N	NA	LOC120888441	NA	NA	NA	NA	LOC120888441	47447
604	6	158366468	158369666	158368049	N	NA	NA	NA	NA	NA	NA	LOC120888441	71431
605	6	163260432	163262000	163261130	N	NA	NA	NA	NA	NA	NA	Spryd7	53587
606	6	165830543	165834261	165832600	N	NA	NA	NA	NA	NA	NA	Foxo1	238263
607	6	165884178	165886525	165885221	N	NA	NA	NA	NA	NA	NA	Foxo1	291898
608	6	171562044	171564433	171563665	N	NA	NA	NA	NA	NA	NA	Stard13	589122
609	6	171831161	171832103	171831401	N	NA	NA	NA	NA	NA	NA	Stard13	321452
610	6	174376326	174378442	174377763	N	NA	NA	NA	NA	NA	NA	Uspl1	249813
611	6	174794222	174798504	174794945	N	NA	Hmgb1	NA	NA	NA	NA	Hmgb1	34611
612	6	175226361	175234318	175228463,175230999	N,N	NA;NA	NA	NA	NA	NA	NA	Ubl3	61154
613	6	175254799	175261804	175256840,175260733	N,N	NA;NA	Ubl3	NA	NA	NA	NA	Ubl3	33668
614	6	176189851	176191821	176190711	N	NA	Slc46a3	NA	NA	NA	NA	Slc46a3	9344
615	6	177034728	177037014	177035836	N	NA	NA	NA	NA	NA	NA	Polr1d	95696
616	6	177691907	177694468	177692874	N	NA	NA	NA	NA	NA	NA	Usp12	154830
617	6	182015359	182016612	182016126	N	NA	NA	NA	NA	NA	NA	LOC120888503	182091
618	6	187049850	187051700	187050803	N	NA	NA	NA	NA	NA	NA	Mbnl2	98194
619	6	188942291	188943991	188943014	N	NA	NA	NA	NA	NA	NA	Tm9sf2	54829
620	6	188947330	188949829	188948579	N	NA	Tm9sf2	NA	NA	NA	NA	Tm9sf2	48991
621	6	192075355	192076316	192076077	N	NA	NA	NA	NA	NA	NA	LOC101967703	274843
622	6	196979020	196980748	196979851	N	NA	NA	NA	NA	NA	NA	LOC144365221	227069
623	6	197155364	197159383	197157993	N	NA	LOC144365221	NA	NA	NA	NA	LOC144365221	48434
624	6	197161518	197168155	197166915	N	NA	LOC144365221	NA	NA	NA	NA	LOC144365221	39662
625	6	197169766	197171658	197170636	N	NA	LOC144365221	NA	NA	NA	NA	LOC144365221	36159
626	6	197174878	197176807	197175604	N	NA	LOC144365221	NA	NA	NA	NA	LOC144365221	31010
627	6	197802443	197804093	197803141	N	NA	LOC101976209,Naxd,Rab20	NA	NA	NA	NA	Rab20	11080
628	6	197810777	197814851	197814145	N	NA	LOC101976209,Naxd,Rab20	NA	NA	NA	NA	Naxd	11333
629	6	198365480	198376490	198375187	N	NA	NA	NA	NA	NA	NA	Arhgef7	201349
630	6	198590742	198595029	198591791,198593880	N,N	NA;NA	NA	NA	NA	NA	NA	Arhgef7	426611
631	6	199229890	199238082	199237058	N	NA	NA	NA	NA	NA	NA	Tubgcp3	103896
632	6	24763672	24776851	24765961,24768635	N,N	NA;NA	NA	NA	NA	NA	NA	Plxnc1	203829
633	6	25435694	25449455	25441543,25445825	N,N	NA;NA	NA	NA	NA	NA	NA	LOC120888129	164719
634	6	25508647	25511445	25509753	N	NA	NA	NA	NA	NA	NA	LOC120888129	102729
635	6	25534469	25536395	25535165	N	NA	NA	NA	NA	NA	NA	LOC120888129	77779
636	6	25927910	25930022	25928616	N	NA	NA	NA	NA	NA	NA	Eea1	293928
637	6	26976263	26977569	26976721	N	NA	NA	NA	NA	NA	NA	Btg1	689157
638	6	28723370	28724313	28723908	N	NA	Dusp6	NA	NA	NA	NA	Dusp6	30039
639	6	28977164	28978636	28978236	N	NA	NA	NA	NA	NA	NA	Dusp6	222812
640	6	33612692	33614492	33613865	N	NA	NA	NA	NA	NA	NA	Ccdc59	1121885
641	6	4285932	4287982	4287117	N	NA	Rtl6	NA	NA	NA	NA	Rtl6	25956
642	6	46491784	46492955	46492277	N	NA	NA	NA	NA	NA	NA	Rap1b	58465
643	6	46642063	46643308	46642671	N	NA	LOC144378620	NA	NA	NA	NA	LOC144378620	39279
644	6	49071291	49073387	49072560	N	NA	NA	NA	NA	NA	NA	Llph	325852
645	6	51106422	51108008	51106916	N	NA	NA	NA	NA	NA	NA	Avpr1a	51621
646	6	5403187	5405829	5404249	N	NA	Cyb5r3	NA	NA	NA	NA	Cyb5r3	41629
647	6	55728836	55730957	55729882	N	NA	Avil,Ctdsp2	NA	NA	NA	NA	Ctdsp2	4533
648	6	56594472	56597731	56595692	N	NA	LOC144378644	NA	NA	NA	NA	LOC144378644	24351
649	6	56604769	56607518	56606636	N	NA	LOC144378644	NA	NA	NA	NA	LOC144378644	34648
650	6	61800249	61802662	61801574	N	NA	Aaas,Sp1	NA	NA	NA	NA	Sp1	6116
651	6	61817120	61818013	61817666	N	NA	Aaas,Myg1,Sp1	NA	NA	NA	NA	Sp1	22987
652	6	62120678	62123253	62121482	N	NA	Eif4b,Krt18	NA	NA	NA	NA	Eif4b	13429
653	6	65404677	65406871	65405838	N	NA	LOC101972766,Tuba1c	NA	NA	NA	NA	Tuba1c	19789
654	6	67310184	67316273	67311480,67315291	N,N	NA;NA	NA	NA	NA	NA	NA	LOC144378376	70071
655	6	67318327	67326755	67319283,67320233,67322916	N,N,N	NA;NA;NA	NA	NA	NA	NA	NA	LOC144378376	59589
656	6	67461457	67466015	67464778	N	NA	Slc38a4	NA	NA	NA	NA	Slc38a4	18892
657	6	6846811	6848270	6847682	N	NA	Ep300	NA	NA	NA	NA	Ep300	31632
658	6	6872256	6874535	6873309	N	NA	NA	NA	NA	NA	NA	Rbx1	52918
659	6	77312504	77314844	77313821	N	NA	NA	NA	NA	NA	NA	Dennd5b	205757
660	6	902725	904387	903569	N	NA	Alg12,Creld2,Pim3	NA	NA	NA	NA	Pim3	3772
661	6	93183652	93185278	93184505	N	NA	NA	NA	NA	NA	NA	Atf7ip	164238
662	6	97631847	97633400	97632334,97632712	N,N	NA;NA	NA	NA	NA	NA	NA	LOC101959030	76187
663	7	110625	114194	111967	N	NA	C7H8orf33,LOC101958661,Znf16	NA	NA	NA	NA	LOC101958661	22917
664	7	11504782	11506992	11505282	N	NA	NA	NA	NA	NA	NA	Cyrib	176134
665	7	11510763	11512755	11511337	N	NA	NA	NA	NA	NA	NA	Cyrib	182115
666	7	12097190	12098776	12098246	N	NA	NA	NA	NA	NA	NA	LOC120892893	655975
667	7	121095110	121098826	121096098	N	NA	NA	NA	NA	NA	NA	Mmadhc	216061
668	7	121422083	121424026	121422995	N	NA	NA	NA	NA	NA	NA	Rnd3	257020
669	7	121492794	121493700	121493314	N	NA	NA	NA	NA	NA	NA	Rnd3	187346
670	7	121737655	121738996	121738360	N	NA	NA	NA	NA	NA	NA	Rnd3	56609
671	7	121786717	121788074	121787411	N	NA	NA	NA	NA	NA	NA	Rnd3	105671
672	7	12271580	12289701	12286537,12288627	N,N	NA;NA	NA	NA	NA	NA	NA	LOC120892893	465050
673	7	132674558	132675374	132675202	N	NA	NA	NA	NA	NA	NA	Fign	516027
674	7	139667142	139669012	139668073	N	NA	Gorasp2	NA	NA	NA	NA	Gorasp2	29483
675	7	139686618	139688111	139687390	N	NA	Gorasp2,LOC144365562	NA	NA	NA	NA	Gorasp2	10384
676	7	141863900	141865694	141864726	N	NA	NA	NA	NA	NA	NA	LOC120892777	308079
677	7	141869234	141871262	141870552	N	NA	NA	NA	NA	NA	NA	LOC120892777	302511
678	7	141926964	141928900	141927868	N	NA	NA	NA	NA	NA	NA	LOC120892777	244873
679	7	142285830	142287474	142286707	N	NA	NA	NA	NA	NA	NA	Sp3	57775
680	7	14917781	14920592	14919331	N	NA	NA	NA	NA	NA	NA	Trib1	90674
681	7	14957906	14959814	14958869	N	NA	NA	NA	NA	NA	NA	Trib1	51452
682	7	157070118	157071748	157070857	N	NA	NA	NA	NA	NA	NA	Nabp1	145241
683	7	167724779	167726806	167725585	N	NA	Raph1	NA	NA	NA	NA	Raph1	5996
684	7	167797339	167801915	167798143,167800966	N,N	NA;NA	NA	NA	NA	NA	NA	Raph1	78556
685	7	168531876	168533275	168532457	N	NA	NA	NA	NA	NA	NA	Pard3b	74005
686	7	17094002	17096727	17094925	N	NA	Zhx2	NA	NA	NA	NA	Zhx2	19501
687	7	171066223	171067760	171067011	N	NA	NA	NA	NA	NA	NA	Klf7	126317
688	7	173771433	173773691	173772542	N	NA	Cps1,Lancl1	NA	NA	NA	NA	Lancl1	30807
689	7	173789262	173791673	173790907	N	NA	Cps1,Lancl1	NA	NA	NA	NA	Cps1	15997
690	7	173796628	173803923	173798727,173800727,173802220	N,N,N	NA;NA;NA	Cps1	NA	NA	NA	NA	Cps1	3747
691	7	177955123	177956841	177955899	N	NA	Fn1	NA	NA	NA	NA	Fn1	15913
692	7	178150382	178152384	178151185	N	NA	NA	NA	NA	NA	NA	Fn1	211172
693	7	178276894	178278547	178277596	N	NA	NA	NA	NA	NA	NA	Mreg	166258
694	7	179527947	179529367	179528692	N	NA	NA	NA	NA	NA	NA	LOC144365628	388355
695	7	18653080	18655192	18654387	N	NA	Sntb1	NA	NA	NA	NA	Sntb1	15502
696	7	187254821	187257567	187256232	N	NA	NA	NA	NA	NA	NA	Irs1	236534
697	7	192525519	192527126	192526658	N	NA	Atg16l1	NA	NA	NA	NA	Atg16l1	4411
698	7	192806793	192822598	192807455	N	NA	LOC101974755,Usp40	NA	NA	NA	NA	LOC101974755	9825
699	7	193049851	193051492	193050612	N	NA	NA	NA	NA	NA	NA	Spp2	104953
700	7	195128078	195130992	195129213	N	NA	NA	NA	NA	NA	NA	Cops8	193942
701	7	195132211	195134927	195134110	N	NA	NA	NA	NA	NA	NA	Cops8	190007
702	7	195312562	195315102	195313997	N	NA	Cops8	NA	NA	NA	NA	Cops8	9832
703	7	196254101	196258149	196256000	N	NA	Per2,Traf3ip1	NA	NA	NA	NA	Per2	4496
704	7	196269018	196270353	196269774	N	NA	Per2,Traf3ip1	NA	NA	NA	NA	Per2	19413
705	7	196722412	196723745	196723015	N	NA	NA	NA	NA	NA	NA	Hdac4	288347
706	7	22053375	22056998	22054335,22056115	N,N	NA;NA	Eif3h,Utp23	NA	NA	NA	NA	Utp23	31922
707	7	33460957	33463138	33461767	N	NA	LOC144365440	NA	NA	NA	NA	LOC144365440	25649
708	7	33463934	33466084	33464725	N	NA	LOC144365440	NA	NA	NA	NA	LOC144365440	28626
709	7	33493531	33495776	33494995	N	NA	NA	NA	NA	NA	NA	LOC144365440	58223
710	7	33626738	33628598	33627135	N	NA	NA	NA	NA	NA	NA	Klf10	54150
711	7	33675992	33677991	33676568	N	NA	NA	NA	NA	NA	NA	Klf10	103404
712	7	3391204	3393576	3393017	N	NA	Chrac1	NA	NA	NA	NA	Chrac1	39445
713	7	35403868	35404926	35404014	N	NA	LOC144365446	NA	NA	NA	NA	LOC144365446	42926
714	7	39944537	39946255	39945640	N	NA	Ndufaf6	NA	NA	NA	NA	Ndufaf6	31185
715	7	39966311	39970085	39968291	N	NA	Tp53inp1	NA	NA	NA	NA	Tp53inp1	26807
716	7	40292686	40300547	40299992	N	NA	Virma	NA	NA	NA	NA	Virma	44866
717	7	47005112	47007875	47006255	N	NA	NA	NA	NA	NA	NA	Wwp1	68909
718	7	47399656	47400191	47399927	N	NA	NA	NA	NA	NA	NA	Ca2	118451
719	7	47451278	47452301	47451805	N	NA	NA	NA	NA	NA	NA	Ca2	66341
720	7	51355803	51357647	51356652	N	NA	NA	NA	NA	NA	NA	LOC144365464	75593
721	7	61081778	61085407	61082394	N	NA	NA	NA	NA	NA	NA	Nsmaf	450291
722	7	64532669	64535222	64533935	N	NA	LOC144365480,Ttpa	NA	NA	NA	NA	Ttpa	11600
723	7	66255994	66276334	66256644	N	NA	NA	NA	NA	NA	NA	LOC120892981	175805
724	7	70380322	70382678	70381502	N	NA	Cyp7a1	NA	NA	NA	NA	Cyp7a1	2594
725	7	70464580	70466237	70465003	N	NA	Ubxn2b	NA	NA	NA	NA	Ubxn2b	6540
726	7	70469011	70470746	70469964	N	NA	Ubxn2b	NA	NA	NA	NA	Ubxn2b	10971
727	7	7475799	7477199	7476816	N	NA	NA	NA	NA	NA	NA	LOC144365393	55088
728	7	7520989	7522495	7521543	N	NA	LOC120892882,LOC144365393	NA	NA	NA	NA	LOC144365393	9792
729	7	78757889	78760563	78759370	N	NA	Ppdpfl	NA	NA	NA	NA	Ppdpfl	20989
730	7	8459374	8461300	8460576	N	NA	NA	NA	NA	NA	NA	LOC101975814	54863
731	7	8490475	8494085	8492526	N	NA	LOC101975814	NA	NA	NA	NA	LOC101975814	22078
732	7	8497484	8502178	8498949,8501073	N,N	NA;NA	LOC101975814	NA	NA	NA	NA	LOC101975814	13985
733	7	85786880	85789535	85787300	N	NA	NA	NA	NA	NA	NA	LOC110597324	2712277
734	7	9164821	9165917	9165532	N	NA	NA	NA	NA	NA	NA	Phf20l1	73410
735	7	92676798	92678334	92677727	N	NA	Gpr39	NA	NA	NA	NA	Gpr39	26812
736	7	96459937	96471205	96468366	N	NA	Ccdc93,Insig2	NA	NA	NA	NA	Insig2	9221
737	7	98534786	98537308	98535909	N	NA	NA	NA	NA	NA	NA	Ralb	196609
738	8	100191325	100192988	100191997	N	NA	Pkhd1	NA	NA	NA	NA	Pkhd1	28332
739	8	10187773	10191588	10189684	N	NA	Arid1b	NA	NA	NA	NA	Arid1b	49633
740	8	10194788	10196386	10195232	N	NA	NA	NA	NA	NA	NA	Arid1b	56648
741	8	10207444	10208932	10208221	N	NA	NA	NA	NA	NA	NA	Arid1b	69304
742	8	102289875	102291136	102290479	N	NA	NA	NA	NA	NA	NA	LOC144366185	281870
743	8	102748537	102768854	102753508	N	NA	NA	NA	NA	NA	NA	Mmut	56674
744	8	104766508	104767446	104766832	N	NA	NA	NA	NA	NA	NA	Adgrf5	126540
745	8	106818469	106820925	106819698	N	NA	NA	NA	NA	NA	NA	Cdc5l	338490
746	8	107652624	107657099	107656619	N	NA	LOC144366201	NA	NA	NA	NA	LOC144366201	26414
747	8	109915609	109922535	109921277	N	NA	NA	NA	NA	NA	NA	Foxp4	100698
748	8	1105921	1108852	1106866	N	NA	NA	NA	NA	NA	NA	C8H6orf120	388848
749	8	110984884	110986608	110985803	N	NA	NA	NA	NA	NA	NA	Mocs1	208404
750	8	110988513	110991686	110989019,110990267	N,N	NA;NA	NA	NA	NA	NA	NA	Mocs1	203326
751	8	111184536	111185261	111184802	N	NA	Mocs1	NA	NA	NA	NA	Mocs1	9751
752	8	111830416	111835154	111832952	N	NA	Kcnk5	NA	NA	NA	NA	Kcnk5	40293
753	8	111856096	111861554	111857183,111858915	N,N	NA;NA	Kcnk5	NA	NA	NA	NA	Kcnk5	13893
754	8	113848780	113851033	113849907	N	NA	NA	NA	NA	NA	NA	Mtch1	69686
755	8	113853150	113853955	113853871	N	NA	NA	NA	NA	NA	NA	Mtch1	66764
756	8	113854542	113856382	113855513	N	NA	NA	NA	NA	NA	NA	Mtch1	64337
757	8	113860554	113863299	113862505	N	NA	NA	NA	NA	NA	NA	Mtch1	57420
758	8	114206217	114207555	114206698	N	NA	Cdkn1a	NA	NA	NA	NA	Cdkn1a	17030
759	8	114398631	114408917	114402465	N	NA	Etv7,Kctd20	NA	NA	NA	NA	Kctd20	6560
760	8	114497112	114500098	114498306	N	NA	Etv7	NA	NA	NA	NA	Etv7	42228
761	8	115856889	115858057	115857458	N	NA	Bltp3a,Ilrun,Snrpc	NA	NA	NA	NA	Snrpc	7910
762	8	115873784	115875274	115874747	N	NA	Ilrun,Snrpc	NA	NA	NA	NA	Snrpc	24805
763	8	115895064	115897120	115896544	N	NA	Ilrun,Snrpc	NA	NA	NA	NA	Ilrun	10673
764	8	121352745	121354414	121353805	N	NA	NA	NA	NA	NA	NA	LOC106145487	206065
765	8	133190400	133192420	133191529	N	NA	NA	NA	NA	NA	NA	Exoc2	524282
766	8	133497272	133498925	133497880	N	NA	NA	NA	NA	NA	NA	Gmds	688664
767	8	136763901	136767178	136765774	N	NA	Pxdc1	NA	NA	NA	NA	Pxdc1	6465
768	8	136827006	136831789	136828150,136830663	N,N	NA;NA	NA	NA	NA	NA	NA	Pxdc1	69570
769	8	136843843	136846793	136845586	N	NA	NA	NA	NA	NA	NA	Pxdc1	86407
770	8	137144367	137150072	137145225,137146615,137148478	N,N,N	NA;NA;NA	Eci2	NA	NA	NA	NA	Eci2	6521
771	8	138045271	138046918	138046453	N	NA	NA	NA	NA	NA	NA	Lyrm4	183545
772	8	139696728	139698334	139697437	N	NA	LOC144366336,LOC144366337	NA	NA	NA	NA	LOC144366337	33006
773	8	143446531	143449281	143447621	N	NA	Elovl2,LOC110598371	NA	NA	NA	NA	LOC110598371	17589
774	8	144171852	144177128	144174325	N	NA	LOC144365914	NA	NA	NA	NA	LOC144365914	13908
775	8	144180893	144184333	144183424	N	NA	LOC144365914	NA	NA	NA	NA	LOC144365914	6703
776	8	144242894	144245263	144244108	N	NA	Hivep1	NA	NA	NA	NA	Hivep1	7512
777	8	144653838	144655702	144654759	N	NA	NA	NA	NA	NA	NA	Hivep1	401063
778	8	145512340	145514115	145513048	N	NA	Gfod1	NA	NA	NA	NA	Gfod1	8544
779	8	145533532	145537375	145536474	N	NA	Gfod1,Sirt5	NA	NA	NA	NA	Gfod1	29736
780	8	145541082	145544130	145542726	N	NA	Gfod1,LOC144366366,Nol7,Sirt5	NA	NA	NA	NA	Sirt5	25086
781	8	145546327	145548167	145547257	N	NA	Gfod1,LOC144366366,Nol7,Sirt5	NA	NA	NA	NA	Sirt5	21049
782	8	147303729	147316316	147314160	N	NA	Dtnbp1	NA	NA	NA	NA	Dtnbp1	11607
783	8	148287280	148298972	148296064	N	NA	Atxn1,LOC144366376,LOC144366378	NA	NA	NA	NA	LOC144366378	43463
784	8	153529732	153531196	153530539	N	NA	NA	NA	NA	NA	NA	Mrs2	620387
785	8	153875091	153876735	153876076	N	NA	NA	NA	NA	NA	NA	Mrs2	274848
786	8	17255347	17257648	17255632	N	NA	Ust	NA	NA	NA	NA	Ust	2216
787	8	1747040	1749327	1748857	N	NA	NA	NA	NA	NA	NA	LOC144365938	68198
788	8	22786814	22787840	22787299	N	NA	NA	NA	NA	NA	NA	Vta1	324495
789	8	26485105	26487013	26485980	N	NA	NA	NA	NA	NA	NA	Perp	73794
790	8	37810847	37813433	37811781	N	NA	Tpd52l1	NA	NA	NA	NA	Tpd52l1	18590
791	8	3820030	3821516	3821022	N	NA	NA	NA	NA	NA	NA	Sft2d1	1077589
792	8	391077	395070	391512,394008	N,N	NA;NA	Pdcd2,Psmb1,Tbp	NA	NA	NA	NA	Pdcd2	17511
793	8	39900034	39901688	39900785	N	NA	Fabp7,Smpdl3a	NA	NA	NA	NA	Fabp7	4427
794	8	40443620	40444181	40444025	N	NA	LOC144366059	NA	NA	NA	NA	LOC144366059	31027
795	8	42050431	42053554	42052654	N	NA	NA	NA	NA	NA	NA	LOC120889124	1264284
796	8	43089670	43091153	43090393	N	NA	NA	NA	NA	NA	NA	LOC120889124	226685
797	8	45901381	45907292	45904638	N	NA	LOC144366070	NA	NA	NA	NA	LOC144366070	9733
798	8	46203825	46213465	46205194,46209390,46210705	N,N,N	NA;NA;NA	LOC144366078	NA	NA	NA	NA	LOC144366078	21591
799	8	48888265	48889619	48889028	N	NA	NA	NA	NA	NA	NA	Marcks	265771
800	8	5075534	5077183	5076138	N	NA	Qki	NA	NA	NA	NA	Qki	15634
801	8	5079425	5081198	5080476	N	NA	Qki	NA	NA	NA	NA	Qki	19525
802	8	50982447	50984082	50983448	N	NA	LOC101963759,LOC101964056,LOC144366096	NA	NA	NA	NA	LOC101963759	4244
803	8	52725866	52728211	52727451	N	NA	Slc16a10	NA	NA	NA	NA	Slc16a10	16180
804	8	54547803	54553412	54549485,54551438	N,N	NA;NA	LOC101958405	NA	NA	NA	NA	LOC101958405	14817
805	8	54563775	54564694	54564271	N	NA	LOC101958405	NA	NA	NA	NA	LOC101958405	30789
806	8	71629398	71630487	71630199	N	NA	NA	NA	NA	NA	NA	Pm20d2	84168
807	8	7253045	7261219	7255233	N	NA	Slc22a3	NA	NA	NA	NA	Slc22a3	12014
808	8	77305034	77307196	77305902	N	NA	NA	NA	NA	NA	NA	LOC120888918	185095
809	8	77384997	77386637	77385604	N	NA	NA	NA	NA	NA	NA	LOC120888918	105654
810	8	77391267	77392906	77391904	N	NA	NA	NA	NA	NA	NA	LOC120888918	99385
811	8	77399570	77402428	77400132	N	NA	NA	NA	NA	NA	NA	LOC120888918	89863
812	8	8437086	8440681	8437649,8439834	N,N	NA;NA	Ezr	NA	NA	NA	NA	Ezr	44910
813	8	99143588	99145819	99144372	N	NA	NA	NA	NA	NA	NA	Elovl5	97020
814	8	99499421	99502356	99500808	N	NA	LOC101958905,LOC101959480,LOC120883630	NA	NA	NA	NA	LOC101958905	2423
815	9	10044220	10046229	10045363	N	NA	LOC144366620	NA	NA	NA	NA	LOC144366620	26760
816	9	103418784	103421090	103419906	N	NA	NA	NA	NA	NA	NA	LOC101976546	85394
817	9	103608834	103622272	103614458,103619085,103619172,103621490	N,N,N,N	NA;NA;NA;NA	LOC101969767,LOC101977100	NA	NA	NA	NA	LOC101969767	14228
818	9	10513059	10515941	10513712	N	NA	Bst1,Fbxl5	NA	NA	NA	NA	Bst1	10248
819	9	10683379	10685321	10684403	N	NA	NA	NA	NA	NA	NA	Bst1	157190
820	9	107643383	107644220	107643702	N	NA	Hpgds,Pdlim5	NA	NA	NA	NA	Pdlim5	13432
821	9	117033172	117034986	117034049	N	NA	Etfdh,Fnip2,Ppid	NA	NA	NA	NA	Ppid	5702
822	9	126021265	126023157	126022526	N	NA	NA	NA	NA	NA	NA	Nr3c2	350882
823	9	126059122	126060854	126059793	N	NA	NA	NA	NA	NA	NA	Nr3c2	313185
824	9	131836772	131837262	131837246	N	NA	NA	NA	NA	NA	NA	Znf330	127048
825	9	131891741	131893257	131892100	N	NA	NA	NA	NA	NA	NA	Znf330	71053
826	9	133758940	133761783	133760099	N	NA	Noct	NA	NA	NA	NA	Noct	25800
827	9	133771531	133778949	133773414,133774133,133775742	N,N,N	NA;NA;NA	Noct	NA	NA	NA	NA	Noct	38391
828	9	133787401	133791064	133788926	N	NA	NA	NA	NA	NA	NA	Noct	54261
829	9	141857979	141859886	141859114	N	NA	NA	NA	NA	NA	NA	Jade1	148175
830	9	142043104	142057258	142044195	N	NA	LOC120892605	NA	NA	NA	NA	LOC120892605	30432
831	9	142064664	142067810	142066900	N	NA	LOC120892605	NA	NA	NA	NA	LOC120892605	19880
832	9	146021548	146022448	146021921	N	NA	NA	NA	NA	NA	NA	Afg2a,Nudt6	89088
833	9	147020221	147021315	147021002	N	NA	NA	NA	NA	NA	NA	Anxa5	227807
834	9	17014751	17017939	17017110	N	NA	NA	NA	NA	NA	NA	LOC120892394	223675
835	9	17022033	17025499	17024570	N	NA	NA	NA	NA	NA	NA	LOC120892394	216115
836	9	17030128	17033791	17031999	N	NA	NA	NA	NA	NA	NA	LOC120892394	207823
837	9	17127656	17130077	17128968	N	NA	NA	NA	NA	NA	NA	LOC120892394	111537
838	9	17131120	17133078	17132396	N	NA	NA	NA	NA	NA	NA	LOC120892394	108536
839	9	17135022	17139456	17135994,17138148	N,N	NA;NA	NA	NA	NA	NA	NA	LOC120892394	102158
840	9	18416680	18448947	18445161,18448103	N,N	NA;NA	Pi4k2b,Sepsecs	NA	NA	NA	NA	Pi4k2b	13156
841	9	22923425	22924541	22923996	N	NA	NA	NA	NA	NA	NA	Stim2	3189076
842	9	28046444	28048045	28047321	N	NA	NA	NA	NA	NA	NA	Pgcka1	188481
843	9	28870241	28872251	28870964	N	NA	NA	NA	NA	NA	NA	LOC144366648	73322
844	9	30701182	30703255	30702171	N	NA	NA	NA	NA	NA	NA	Rbm47	96473
845	9	30766448	30768264	30767250	N	NA	NA	NA	NA	NA	NA	Rbm47	161739
846	9	30783230	30784384	30783961	N	NA	NA	NA	NA	NA	NA	Rbm47	178521
847	9	30785711	30787298	30786335	N	NA	NA	NA	NA	NA	NA	Rbm47	181002
848	9	39150439	39151899	39151300	N	NA	NA	NA	NA	NA	NA	Chic2	205984
849	9	39152969	39155879	39154185	N	NA	NA	NA	NA	NA	NA	Chic2	202004
850	9	39171423	39173145	39172174	N	NA	NA	NA	NA	NA	NA	Chic2	184738
851	9	39192540	39216282	39209433	N	NA	NA	NA	NA	NA	NA	Chic2	141601
852	9	40323021	40327350	40324475	N	NA	NA	NA	NA	NA	NA	Kdr	66434
853	9	51451848	51454616	51453590	N	NA	LOC101969097	NA	NA	NA	NA	LOC101969097	36400
854	9	51842934	51855247	51847652,51849752	N,N	NA;NA	LOC144366700	NA	NA	NA	NA	LOC144366700	12349
855	9	51855834	51861274	51857302	N	NA	LOC144366700	NA	NA	NA	NA	LOC144366700	25249
856	9	53302968	53304382	53304086	N	NA	Grsf1,Mob1b	NA	NA	NA	NA	Mob1b	7783
857	9	53492743	53493667	53493059	N	NA	Slc4a4	NA	NA	NA	NA	Slc4a4	20208
858	9	55198482	55201724	55199797	N	NA	LOC101970734	NA	NA	NA	NA	LOC101970734	5958
859	9	55261432	55266029	55263732	N	NA	LOC101965856,LOC144366714	NA	NA	NA	NA	LOC144366714	2999
860	9	55272897	55276719	55274035	N	NA	LOC101965856,LOC144366714	NA	NA	NA	NA	LOC144366714	14464
861	9	55279133	55282942	55280558	N	NA	LOC101965856,LOC144366714	NA	NA	NA	NA	LOC144366714	20700
862	9	55284622	55288292	55285445,55287103	N,N	NA;NA	LOC101965856,LOC144366714	NA	NA	NA	NA	LOC101965856	16646
863	9	58279838	58283716	58282666	N	NA	NA	NA	NA	NA	NA	Sowahb	51020
864	9	6707434	6708810	6708004	N	NA	NA	NA	NA	NA	NA	Znf518b	413075
865	9	67280280	67282726	67281703	N	NA	LOC144366764	NA	NA	NA	NA	LOC144366764	17177
866	9	71471450	71472607	71472111	N	NA	NA	NA	NA	NA	NA	Nudt9	3306507
867	9	75468071	75469605	75469023	N	NA	NA	NA	NA	NA	NA	LOC144366802	1654124
868	9	89990149	89991926	89991072	N	NA	NA	NA	NA	NA	NA	Ugt8	56051
869	9	90001168	90004016	90003196	N	NA	NA	NA	NA	NA	NA	Ugt8	67070
870	9	90013136	90015322	90013860	N	NA	NA	NA	NA	NA	NA	Ugt8	79038
871	9	90039557	90040765	90040147	N	NA	NA	NA	NA	NA	NA	Ugt8	105459
872	9	93780886	93786442	93781902,93784585	N,N	NA;NA	NA	NA	NA	NA	NA	Elovl6	69034
873	9	93815020	93816466	93815708	N	NA	Elovl6,LOC120892545	NA	NA	NA	NA	Elovl6	39010
874	9	93818570	93821792	93820781	N	NA	Elovl6,LOC120892545	NA	NA	NA	NA	Elovl6	33684
875	x	12848271	12851599	12849543	N	NA	NA	NA	NA	NA	NA	Atp11c	58450
876	x	12860704	12864629	12861395,12863461	N,N	NA;NA	Atp11c	NA	NA	NA	NA	Atp11c	45420
877	x	16680853	16682348	16681728	N	NA	LOC144364651	NA	NA	NA	NA	LOC144364651	27519
878	x	30380668	30383527	30382231	N	NA	Slc25a5	NA	NA	NA	NA	Slc25a5	29603
879	x	32973916	32974943	32974397	N	NA	NA	NA	NA	NA	NA	Pls3	644693
880	x	33483254	33484603	33483672	N	NA	NA	NA	NA	NA	NA	Pls3	135033
881	x	40355022	40357994	40356122	N	NA	Tsc22d3	NA	NA	NA	NA	Tsc22d3	30499
882	x	40361493	40366124	40362328,40362364,40364552	N,N,N	NA;NA;NA	Tsc22d3	NA	NA	NA	NA	Tsc22d3	36970
883	x	41127331	41128620	41127897	N	NA	NA	NA	NA	NA	NA	Rbm41	251335
884	x	76976190	76979302	76977657	N	NA	NA	NA	NA	NA	NA	LOC101960618	88282
885	x	79782330	79785034	79783572	N	NA	Hsd17b10,Smc1a	NA	NA	NA	NA	Hsd17b10	19600
886	x	87802821	87804934	87803698	N	NA	Araf	NA	NA	NA	NA	Araf	33912
887	x	88850019	88851255	88851008	N	NA	NA	NA	NA	NA	NA	Krabd4	100788
888	x	89242654	89247084	89243178,89244398	N,N	NA;NA	NA	NA	NA	NA	NA	Krabd4	493423
889	x	93469717	93471818	93471089	N	NA	Usp9x	NA	NA	NA	NA	Usp9x	34378
890	x	94530432	94531751	94530644	N	NA	NA	NA	NA	NA	NA	LOC144371779	176492
891	x	94542913	94544936	94544034	N	NA	NA	NA	NA	NA	NA	LOC144371779	163307
892	x	94559411	94560952	94560248	N	NA	NA	NA	NA	NA	NA	LOC144371779	147291
893	x	94698635	94701127	94700233	N	NA	LOC144371779	NA	NA	NA	NA	LOC144371779	7116
894	x	95813503	95815177	95814589	N	NA	Otc	NA	NA	NA	NA	Otc	4919
895	x	95819726	95821773	95820972	N	NA	Otc	NA	NA	NA	NA	Otc	11142
896	y	24602784	24611398	24607065	N	NA	NA	NA	NA	NA	NA	LOC144371868	1719778
897	y	3429692	3429954	3429846	N	NA	NA	NA	NA	NA	NA	LOC144371991	485852
