long-eRNA	baseMean	log2FoldChange	lfcSE	stat	pvalue	padj
6:24762648-24776851:+	183.55498263858064	2.7712503976947294	0.3301729439348787	8.393329764298656	4.7256372213097263e-17	5.6235082933585746e-15
7:192807330-192822598:+	75.24744416548884	-1.8716964484174152	0.34271393286307034	-5.461395843411018	4.7240538013371544e-08	2.810812011795607e-06
6:131379221-131420566:-	195.399544018062	-3.317676767990146	0.638306100986368	-5.197626597745774	2.0184907084082008e-07	8.006679810019196e-06
14:70223797-70245679:-	82.49865260595413	2.458998956547228	0.5401637164910309	4.552321604496473	5.305714598939339e-06	0.00015784500931844534
5:120433211-120446584:-	80.80485267813118	2.1038387762259756	0.4910482641293675	4.2843828802777635	1.8324710717797856e-05	0.00033964693419959966
16:52132552-52144314:-	99.19237327920855	-1.8780121879415201	0.440318436494876	-4.265122766358148	1.9979231423505864e-05	0.00033964693419959966
3:48700628-48715916:-	81.06790822483624	2.8664184738654437	0.6676456189294294	4.293323272998855	1.7601842961852644e-05	0.00033964693419959966
5:120454138-120468102:-	269.81826295981335	2.072130664616889	0.4977518358073517	4.162979451910811	3.1412164541243434e-05	0.0004672559475509961
4:55960819-55978342:-	215.88051574325834	-1.6088831673737545	0.4013406807159687	-4.008771711114854	6.103538445010299e-05	0.0007263210749562256
1:224151876-224187323:-	268.14351041619597	-2.3415929033239298	0.5821039072247316	-4.022637323442525	5.7550079490585e-05	0.0007263210749562256
9:39192540-39210559:-	834.5173325614554	1.545770200628706	0.3880527520721145	3.9834022368727977	6.793562584671953e-05	0.0007349399523417841
nw_027520944.1:213475-230568:+	630.1290321525025	1.064629631837108	0.3056952064507315	3.482650723241527	0.0004964756532914455	0.0049233835618068345
13:23857812-23868653:+	303.6209447385335	-2.164532890485193	0.6375652257398396	-3.3949983516956066	0.000686290137467638	0.006223329452988216
8:148287280-148297509:-	104.115060431186	1.6888434269719041	0.500065325182396	3.3772456155721415	0.0007321564062339078	0.006223329452988216
nw_027522873.1:102468-140092:+	342.96424388402215	0.7398227908884447	0.23159042654855175	3.194530973988014	0.0014005825496248802	0.01111128822702405
3:8921953-8936124:-	66.90255143760983	2.955860456374685	0.9360405396534637	3.1578338022293235	0.001589461473704606	0.011157677861183896
nw_027524096.1:68841-108170:+	354.6115601611702	0.8198740287846347	0.2596994624164289	3.157010881562643	0.001593953980169128	0.011157677861183896
nw_027522939.1:24011-54205:-	265.06889356440195	-0.8619028798274234	0.279845775447953	-3.0799209973699386	0.002070555096918921	0.013688669807408422
8:147303729-147314699:-	130.73072171893924	1.4906703471140923	0.48806919520451764	3.0542192823487877	0.0022564708072877818	0.014132632950907687
nw_027523678.1:127482-160598:+	2041.3753244496165	-1.204508170667648	0.40066349656744915	-3.0062837792483466	0.002644620613409368	0.01573549264978574
nw_027522803.1:16604-65739:-	525.1510654317598	0.7916588632979594	0.2684309705186537	2.9492083635816746	0.003185891012320992	0.01805338240315229
nw_027522943.1:14582-39583:+	248.6078825295804	0.7447375670577726	0.2561334298951404	2.907615641436044	0.0036419566090411955	0.019699674385268286
12:106814014-106826718:+	147.35580183130477	-1.500516111833209	0.5346391546220373	-2.8065959981812365	0.005006799151584959	0.02590474343646131
13:46908447-46918871:+	46.89494615048358	-1.9011308500090356	0.7079487982470486	-2.6854072705772283	0.00724414733356064	0.03362970277401307
16:36786274-36796508:+	104.90725162856018	1.2009650911183536	0.44509369535643456	2.6982298415991073	0.006970929302679522	0.03362970277401307
nw_027524315.1:236159-274648:+	339.03008417287737	0.6700446965853323	0.2499549232063524	2.6806621289558326	0.007347666152305378	0.03362970277401307
nw_027520961.1:213113-253052:+	391.7769289694965	-2.288023112462861	0.8582566744432055	-2.6658960898232658	0.007678342156500008	0.0338415820971667
nw_027523806.1:2722-40561:-	391.95850690848374	0.6363541157739354	0.24662701364838321	2.5802287687803216	0.009873488322087518	0.04196232536887195
4:141308070-141332184:-	167.58469796473764	-1.7774337422734479	0.6989046178650891	-2.543170694311465	0.010985154986113339	0.0450770152878444
10:62352895-62372965:-	191.69999698587324	1.012765295296477	0.4038717636014382	2.5076407577132	0.012154016321490681	0.0482109314085797
nw_027522592.1:99989-138190:-	341.54422092742294	0.6295296971457818	0.2563521631713616	2.4557221962077427	0.01406018020286974	0.0539729498110161
10:109735239-109758835:+	278.39393844150044	0.7346591619632293	0.3294020761157494	2.230280909659706	0.025728799731457964	0.0956789740013593
nw_027523678.1:73209-86960:-	384.0005034390553	-1.055182557097278	0.4788559738302277	-2.203548905649404	0.02755608397789373	0.09644629392262806
4:141343218-141358977:-	144.50064066917233	-1.29095691836352	0.583939535926292	-2.2107715592774513	0.027051660262727813	0.09644629392262806
13:16561478-16573778:-	84.66096575121705	1.134532262154024	0.5189403430422138	2.186247951937963	0.028797469769658714	0.09791139721683963
4:162836768-162876740:-	990.2638893829271	0.5086303161325059	0.2381432261913747	2.1358168538615687	0.032694344834881574	0.10515208203651101
nw_027521117.1:74848-111561:-	344.0456158908864	0.5971668848951527	0.2788437477498338	2.1415824802028705	0.03222709479244181	0.10515208203651101
2:150337601-150354160:+	73.85000047007017	1.4271007451269466	0.6735874826923353	2.1186568661026954	0.03411947613367176	0.10684783315544577
nw_027523678.1:112411-122973:-	136.75111998790916	-0.7528204310899561	0.35990135344763835	-2.0917410392553113	0.0364616872198386	0.11125489177335367
7:12271580-12289093:-	143.46162257193998	-1.0041607883190777	0.4836412042557097	-2.0762515258897585	0.03787069400943701	0.11266531467807511
nw_027520944.1:158747-171780:-	156.82386296276553	-0.6663259129864133	0.3227297328553052	-2.0646561043235465	0.03895555069134811	0.1130661105431811
nw_027522939.1:65023-75411:+	2072.5113737354372	-1.0001506968023304	0.5058036757513696	-1.9773496017335381	0.04800212654165022	0.13600602520134228
nw_027522939.1:4726-16031:-	50.83921171182252	-1.2080870218986017	0.6209430258111565	-1.9455682271661583	0.05170662671984167	0.13728979297076904
nw_027522124.1:17052-32072:+	322.1743331106216	0.8230823912931022	0.42343395878271484	1.9438270696551927	0.0519163082662572	0.13728979297076904
12:113015448-113031864:+	360.09825875600797	0.5843804590075516	0.3001797907351551	1.9467681604293716	0.05156253576722904	0.13728979297076904
1:50829653-50840743:+	57.57973618229457	1.913222358096536	1.1073390403155114	1.7277656512059811	0.08403024790769197	0.21738259784815964
nw_027520965.1:258806-302739:-	375.2569972943072	0.501676457341951	0.30380400261922064	1.6513161545496098	0.09867403533899839	0.24220011714185866
nw_027524451.1:37411-74394:-	220.84349687812963	0.5387272851617059	0.32343098599777786	1.665663799959498	0.09578039597348997	0.24220011714185866
3:204686311-204696764:+	786.4472742698657	1.332495339240571	0.8094535053484941	1.6461666178922674	0.09972945999958886	0.24220011714185866
nw_027522565.1:157924-188176:+	141.89839849202812	-1.3903607010752461	0.8631159800026198	-1.6108619621096876	0.10720981228500676	0.2517554337743044
nw_027523660.1:1693027-1706721:+	55.881477855897096	0.988058198187135	0.6145687474876189	1.6077260716988222	0.10789518590327332	0.2517554337743044
1:206552341-206602464:-	257.46292690044174	-1.3827505341347028	0.8972086603949063	-1.5411694014702058	0.1232755624604764	0.2821113833230133
nw_027520961.1:56210-91616:+	317.57184894936637	-1.2784558300683586	0.8446945614972154	-1.5135125622240355	0.1301495126483756	0.2922224906633339
1:201100539-201146342:-	216.5756258588874	-1.3332514225131467	0.9022884082221185	-1.4776333269538546	0.13950594897983487	0.307429776455562
9:142043796-142057258:+	91.15942574605056	0.6872650397070671	0.47800582488899485	1.4377754494240056	0.15049777736639636	0.3256224637563848
nw_027521246.1:97506-168786:+	419.005181105301	1.0312645664324342	0.7321049739470292	1.4086293675516681	0.15894479035615794	0.33183210618215425
nw_027520990.1:727242-743996:-	52.80214288143413	0.8014215179950382	0.5665001759893745	1.4146889126651743	0.15715972659382693	0.33183210618215425
nw_027522568.1:23741-61661:+	231.13702506814693	0.45437390752816065	0.32638154975846345	1.3921556162240698	0.16387527966695337	0.3362268669028871
nw_027520944.1:90897-133681:+	442.74946712415436	-0.3006828879493853	0.22227255523778683	-1.3527665960726245	0.17613020741189034	0.35524567257652456
5:64336315-64361749:+	123.72586535954025	0.592082467819605	0.4440659039733231	1.3333211636423543	0.1824264313879751	0.3618124222528173
9:103608834-103618998:-	82.4225626942815	0.41478297631326666	0.31552771119342116	1.314569090443537	0.18865476391267344	0.36803142468210065
nw_027522720.1:1569338-1591478:+	287.1271577157727	0.3406086123410342	0.30998608357639146	1.0987867855593467	0.2718610774538389	0.5217978744678521
3:214161600-214172576:+	82.41340612248693	0.6644353484762937	0.628846831587704	1.0565932991961433	0.29069723997211727	0.5490947866139992
15:36743580-36759012:+	118.88930886551243	0.6519171176850395	0.6246620319409446	1.0436317310008552	0.2966558063148915	0.5515943898667515
3:44589820-44630127:+	222.12970463055254	0.39774742121482826	0.39392557122073274	1.0097019596424066	0.31263810332385555	0.5636959741748304
nw_027522423.1:265565-308518:+	372.4058602430611	-0.2749727033195528	0.27140323285278595	-1.0131519084325094	0.31098760736348396	0.5636959741748304
nw_027522720.1:2591169-2612024:+	261.4892618970973	0.2825955673611818	0.3168573196826025	0.891870093593732	0.3724625661071862	0.6615379905485844
4:207685703-207696391:+	516.2802360363974	-0.42513151897134194	0.4996368326417888	-0.8508810623978498	0.39483542562511587	0.6909619948439527
nw_027526045.1:515022-542292:+	169.00418734575004	0.5030010021706787	0.6069260074738817	0.8287682451840305	0.4072355601757366	0.70233379218714
2:58775097-58957080:+	2458.4077897982465	-0.2815985727209883	0.3454942301681628	-0.8150601316378728	0.41503789111618705	0.7026442775473438
nw_027521478.1:225502-246440:+	255.38056795103833	0.26154255705105367	0.323784660080535	0.8077669800230812	0.4192247370240455	0.7026442775473438
7:66256675-66276334:+	115.95806602879446	0.43909327141513993	0.5585123799346129	0.7861835962643231	0.43175993479712915	0.7053633341519381
nw_027522374.1:153262-175364:+	278.2281190300942	-0.2626451308123086	0.33911138096263704	-0.7745099266994127	0.4386293002289363	0.7053633341519381
nw_027522888.1:230268-271653:-	280.4697911999621	0.18095240433447374	0.2331787120532434	0.7760245467568908	0.43773449250250185	0.7053633341519381
nw_027521924.1:127889-148884:-	276.43030190322116	0.21843442713993325	0.2891742059577182	0.755373137159653	0.45002512658865856	0.7140398675206716
8:102753491-102768854:+	53.98933164956753	0.41576557418486637	0.5827832154005913	0.7134137758224197	0.47558975111965085	0.7440933407981671
nw_027523416.1:1375554-1397456:-	266.9653235388576	-0.2371123805360521	0.3368376198155033	-0.7039367534598009	0.4814721616929317	0.7440933407981671
13:23812624-23824010:-	160.1440290529457	0.3500540521509166	0.5302577942084228	0.6601582399622864	0.5091522876931952	0.7767836184037208
6:67461457-67471604:-	52.73363869443594	-0.4315576618036779	0.6698321408503854	-0.6442773278329013	0.5193956148377165	0.782380736274535
6:25435694-25446704:-	127.22496073226019	0.3762315108076496	0.606781750960462	0.620044208996267	0.5352286815518748	0.7855643880929324
nw_027526147.1:601143-612348:-	30.732558161025377	0.5056523154667598	0.8555782057332428	0.5910065404639526	0.5545160386538346	0.7855643880929324
5:64361863-64372738:+	97.52465457414338	0.22135258480011982	0.37101093657809747	0.5966201073253949	0.5507610435279104	0.7855643880929324
10:98955053-98974881:-	482.3365510507486	-0.6213958105913467	0.99694041302559	-0.6233028599026172	0.5330855187955341	0.7855643880929324
nw_027524440.1:581478-602450:+	278.3837211417098	0.18028319297918471	0.3023241435147539	0.5963241667808995	0.5509586895593516	0.7855643880929324
nw_027523264.1:1018013-1042331:+	306.56010116069416	0.30087996246188775	0.5606267529968684	0.536684988458923	0.5914852269956484	0.78716841164756
nw_027521991.1:211427-232231:+	259.06189981311746	0.28356218435566455	0.5290297216691289	0.5360042597625788	0.5919556064376351	0.78716841164756
nw_027522074.1:314076-334897:+	281.43475489961446	0.3037964826803687	0.5397897375351225	0.5628052212841514	0.5735675245245788	0.78716841164756
nw_027521300.1:158532-185085:+	547.432481520416	0.314166463344626	0.5660274495498554	0.5550375049734304	0.5788690074764786	0.78716841164756
11:96007073-96082934:+	1282.1040110848526	-0.3052729461480753	0.5747749338657842	-0.5311173611815154	0.5953374541872303	0.78716841164756
11:4794739-4810331:+	679.4113193393374	0.23398907859642618	0.42607719791842985	0.549170619173153	0.582888365393176	0.78716841164756
nw_027521049.1:408859-429953:-	222.24209039324046	0.2539504035939693	0.5494982289608469	0.4621496307171245	0.6439740211136219	0.8371012940281573
nw_027522274.1:388524-408444:+	174.5402426400856	-0.25641900942748735	0.5602385003632379	-0.4576961584418686	0.6471707483242897	0.8371012940281573
nw_027526147.1:276884-298468:-	249.39567449547033	0.23214029006952513	0.5452421019874938	0.42575635524721406	0.6702853927263355	0.847674878824897
nw_027520962.1:288231-329574:-	280.7123520085534	0.11037198313578976	0.277630399650198	0.3975500639514029	0.6909618760169328	0.847674878824897
9:18416680-18445179:-	401.1726655716597	-0.27139230321863367	0.6280672188004424	-0.4321070979265102	0.6656635761486737	0.847674878824897
nw_027521325.1:299687-319017:+	171.8462411574078	0.11898114641266569	0.2974277959281527	0.4000337158851388	0.6891316838393087	0.847674878824897
nw_027522984.1:14503-35330:+	258.98965265802923	0.12493724003335983	0.30362050671235286	0.41149144168883217	0.6807122154638667	0.847674878824897
nw_027524982.1:409549-424450:-	325.1476985476321	-0.2955375614501382	0.8385376406396657	-0.3524440014698587	0.7245053078086037	0.8797564451961616
nw_027521144.1:73082-89413:-	186.39015779662736	-0.07901119451362769	0.24895792608134829	-0.3173676603002002	0.7509646431288366	0.8936479253233155
nw_027526100.1:937845-958611:-	255.74550046018885	0.10780176233290462	0.3391887797364837	0.31782231244988696	0.7506197246926225	0.8936479253233155
nw_027521339.1:30701-60988:+	345.6996515494432	0.1289805153125015	0.5727830705243487	0.22518213604746995	0.8218375859627519	0.9126846943279332
4:55977722-55993273:+	193.69391948846695	0.07631372039552367	0.33137456267308407	0.23029444318214187	0.8178629782804537	0.9126846943279332
1:14553169-14596043:+	964.7530684077237	0.08827022810490445	0.3472411507778723	0.25420439918242954	0.7993376521593303	0.9126846943279332
2:148561414-148580944:-	279.15357995181824	0.06904214952716256	0.35008303216899694	0.19721649775312042	0.8436581208073333	0.9126846943279332
2:84061698-84090919:+	178.14676847790633	-0.28072192869756896	1.4217357646560076	-0.19745014205610165	0.8434752941800765	0.9126846943279332
nw_027521300.1:174289-202622:-	676.6736116476686	0.14685892018512348	0.6429575563196568	0.2284115315881134	0.8193263254739782	0.9126846943279332
nw_027521144.1:51395-62700:-	112.8848346073538	-0.08156487804137852	0.40580281858437567	-0.20099633197697794	0.8407014422006436	0.9126846943279332
nw_027520962.1:829076-892064:-	325.0402414151322	0.11328775835715194	0.5025535037517996	0.22542427325927536	0.8216492302179339	0.9126846943279332
4:207668308-207688818:-	502.4022659791587	0.09573677656090264	0.4170796442680478	0.22954075528887416	0.8184486479468278	0.9126846943279332
nw_027521401.1:188889-252487:+	441.87490303292	0.10067153259223345	0.42532982124426055	0.2366905106670602	0.8128968972035344	0.9126846943279332
nw_027523079.1:145543-166827:-	139.11813135125587	-0.09031606844206452	0.5103593752905982	-0.17696563013198033	0.8595353866238449	0.9214838829570949
1:3522361-3545027:+	163.2737607501741	-0.11506321184365666	0.7126310569123586	-0.16146252780814108	0.8717291225509091	0.9228147410069971
nw_027524086.1:137256-166008:-	160.67692515764358	-0.09868439167471776	0.6338977330790518	-0.15567872627556956	0.8762862666705098	0.9228147410069971
nw_027522627.1:10905-40739:-	161.66855016767207	-0.07775158490285557	0.6502217212213275	-0.11957703405664893	0.9048182133328925	0.9282186843673639
nw_027526179.1:359719-420100:+	396.23831999701457	-0.20622404357923005	1.5066627435335174	-0.13687472160862013	0.8911298199901738	0.9282186843673639
nw_027524175.1:1490023-1512248:-	83.73929578131758	0.05625942411631052	0.44269201399606567	0.12708479560873784	0.8988732852306962	0.9282186843673639
2:68525567-68539628:-	221.21095170834076	-0.049933836563666546	0.7724456591386438	-0.064643817947463	0.9484575959714185	0.9625846020886167
3:139696122-139765483:-	584.4467025803043	0.01638164919581073	0.28708413369970104	0.057062189347414256	0.954495655852578	0.9625846020886167
10:81341462-81352066:-	24.238772953463144	-0.008890667855565972	0.4932102615647482	-0.018026121004375763	0.9856180152465056	0.9856180152465056
12:117058947-117072107:+	91.35143153340442	-7.451528822343718	2.7328245717153608	-2.726676603930886	NA	NA
