long-eRNA	log2fc	pvalue	FDR
4:162836768-162876740:-	-1.9059900515511952	1.655119221776771e-71	1.9861430661321254e-69
nw_027521300.1:174289-202622:-	-1.0732700622304232	1.2325089029009706e-40	7.395053417405824e-39
9:142043796-142057258:+	-2.051897885451229	8.290502370600013e-37	3.316200948240005e-35
nw_027523264.1:1018013-1042331:+	-1.6635926727379462	8.998154250066234e-36	2.6994462750198704e-34
2:58775097-58957080:+	-1.0666200285208243	1.1041985997492448e-34	2.6500766393981876e-33
nw_027522939.1:65023-75411:+	0.814194404197091	3.898596996024614e-31	7.797193992049229e-30
16:36786274-36796508:+	-1.6644314699812797	1.7306071951234314e-29	2.966755191640168e-28
2:68525567-68539628:-	-2.3363206065210624	3.862912279282158e-29	5.794368418923237e-28
5:120454138-120468102:-	-1.6069303353477427	5.271412437356337e-27	7.028549916475116e-26
nw_027521144.1:51395-62700:-	-1.1327621639151326	3.3095067747010075e-26	3.971408129641209e-25
nw_027522124.1:17052-32072:+	-1.6130874318567967	5.611706956065208e-22	6.1218621338893184e-21
7:66256675-66276334:+	-1.5106557867978678	7.7511217553835875e-22	7.751121755383587e-21
nw_027520944.1:213475-230568:+	-1.3190261849190856	1.522538767639832e-21	1.4054204008983064e-20
5:64336315-64361749:+	-2.4718732233600096	4.808826670493414e-21	3.8470613363947314e-20
nw_027520990.1:727242-743996:-	-2.5310956856588978	4.492071880691567e-21	3.8470613363947314e-20
nw_027521049.1:408859-429953:-	-1.1631260264557823	5.951085553012217e-19	4.463314164759162e-18
nw_027526045.1:515022-542292:+	-1.218675651667485	8.075068200529269e-18	5.606559926302637e-17
nw_027520944.1:158747-171780:-	-1.5280072750269664	8.409839889453954e-18	5.606559926302637e-17
5:64361863-64372738:+	-1.3909080948319636	1.5491083841287285e-17	9.78384242607618e-17
13:23812624-23824010:-	-1.4927449703173439	5.619078351910971e-17	3.3714470111465827e-16
nw_027521339.1:30701-60988:+	-0.9561257775936306	6.068436166899157e-17	3.4676778096566615e-16
nw_027522720.1:2591169-2612024:+	-1.0567200655777962	1.616652407681968e-16	8.818104041901645e-16
4:141343218-141358977:-	-1.3723882096586644	3.620265877695014e-16	1.8888343709713118e-15
6:25435694-25446704:-	-1.314414387911264	7.198475155838302e-16	3.599237577919151e-15
15:36743580-36759012:+	-1.2495100077285515	2.1790459730509765e-15	1.0459420670644686e-14
nw_027522274.1:388524-408444:+	-1.935348325260835	5.091830937487681e-13	2.350075817302007e-12
nw_027523660.1:1693027-1706721:+	-1.8865263292216177	1.7404523027354746e-12	7.701806749014724e-12
2:148561414-148580944:-	-1.0344352285602043	1.797088241436769e-12	7.701806749014724e-12
10:62352895-62372965:-	-0.8511430301170714	2.0770352122954875e-12	8.594628464670983e-12
10:98955053-98974881:-	-0.8827733294381691	6.7365424379727496e-12	2.6946169751890998e-11
nw_027522720.1:1569338-1591478:+	-1.4199280381507906	3.984683283780907e-11	1.5424580453345446e-10
nw_027521401.1:188889-252487:+	0.8921327219558268	1.4764070928738721e-10	5.536526598277021e-10
13:16561478-16573778:-	-1.3164326279999816	9.44383801326828e-10	3.4341229139157383e-09
4:55960819-55978342:-	0.7914336348254813	3.345376381263164e-09	1.1807210757399402e-08
nw_027521246.1:97506-168786:+	-1.1054551467216283	4.645917045917114e-08	1.592885844314439e-07
2:150337601-150354160:+	-1.5005441956577943	5.142316928299063e-08	1.7141056427663543e-07
nw_027522873.1:102468-140092:+	-0.7419957414398565	7.759785490817213e-08	2.516687186210988e-07
nw_027522943.1:14582-39583:+	-0.7723065505231956	8.400305901187579e-08	2.652728179322393e-07
nw_027523678.1:127482-160598:+	0.3929025877113311	6.427351465310423e-07	1.9776466047108995e-06
14:70223797-70245679:-	-1.694084642041151	1.46628636542228e-06	4.39885909626684e-06
6:24762648-24776851:+	-1.7084550519529826	1.5800462286453825e-06	4.624525547254778e-06
nw_027522984.1:14503-35330:+	-0.6360558269107738	1.6506645951692748e-06	4.7161845576265e-06
nw_027524315.1:236159-274648:+	-0.680806186045566	1.9357348997870952e-06	5.402050883126777e-06
nw_027521117.1:74848-111561:-	-0.6373874943232739	2.6284536846071897e-06	7.1685100489287e-06
nw_027521478.1:225502-246440:+	-0.6251480432210355	6.771807050691221e-06	1.7665583610498837e-05
nw_027524982.1:409549-424450:-	-1.3136939479696421	6.71472113705844e-06	1.7665583610498837e-05
4:141308070-141332184:-	-0.6991686228456122	1.127477263103733e-05	2.878665352605276e-05
1:14553169-14596043:+	-0.7799578598922808	1.692660401216688e-05	4.231651003041719e-05
9:18416680-18445179:-	-0.7397568487826361	1.905214809375319e-05	4.665832186225271e-05
1:201100539-201146342:-	-1.2289347906639545	2.53229442307356e-05	6.077506615376544e-05
nw_027526100.1:937845-958611:-	-0.5417144215425791	3.4029508434825e-05	8.006943161135294e-05
nw_027524086.1:137256-166008:-	-1.5318935968339802	4.221694355117638e-05	9.74237158873301e-05
nw_027521924.1:127889-148884:-	-0.5550708973834846	4.652139747274796e-05	0.00010533146597603312
12:106814014-106826718:+	0.5530840776453978	4.876581170803914e-05	0.0001083684704623092
nw_027524096.1:68841-108170:+	-0.6291664523626902	8.530452738095658e-05	0.000186118968831178
4:55977722-55993273:+	0.9141893119355677	9.85525810709079e-05	0.00021118410229480265
1:206552341-206602464:-	-1.0788269769338679	0.00013876119624038093	0.00029212883419027567
13:46908447-46918871:+	1.2467816444875324	0.00016169856522162322	0.0003345487556309446
5:120433211-120446584:-	-0.9972526503903572	0.00017599777615174794	0.00035796157861372465
nw_027520965.1:258806-302739:-	0.39224892453961796	0.00025949239045874964	0.0005189847809174993
3:44589820-44630127:+	-0.8400398575984287	0.0002961025714411334	0.0005824968618514101
nw_027524175.1:1490023-1512248:-	-0.5623189005286108	0.0003833229931866431	0.0007419154706838252
nw_027526147.1:276884-298468:-	-0.7137239681506128	0.00045967393670371954	0.0008755694032451801
16:52132552-52144314:-	-0.937668799073763	0.00047088268379727693	0.0008829050321198942
6:67461457-67471604:-	-0.68958397101764	0.0007211356360342529	0.001331327328063236
nw_027521300.1:158532-185085:+	-0.7495806126825126	0.0015045043337016883	0.0027354624249121603
9:39192540-39210559:-	-0.6195446463999696	0.002036148674108056	0.0036468334461636823
6:131379221-131420566:-	0.8283733606199059	0.0022085107260364422	0.0038973718694760746
3:8921953-8936124:-	-0.9672975072908647	0.002321902347206455	0.004038091038619922
nw_027524451.1:37411-74394:-	-1.1388399442708068	0.0029611659222839285	0.00507628443820102
12:113015448-113031864:+	-0.5647627728167713	0.0033923915200473297	0.005733619470502529
9:103608834-103618998:-	-0.745490418384472	0.004568407063273144	0.007614011772121907
nw_027520961.1:56210-91616:+	-0.48978749853499287	0.004654592726507676	0.007651385303848235
nw_027523678.1:73209-86960:-	0.5199365395393646	0.00827061750192681	0.013232988003082896
10:81341462-81352066:-	0.7804864571135147	0.008230721756538608	0.013232988003082896
nw_027522592.1:99989-138190:-	-0.4459963958350673	0.013598008412097186	0.02147053959804819
7:192807330-192822598:+	0.5662243871528959	0.01914021363676338	0.02982890436898189
nw_027524440.1:581478-602450:+	-0.270407261386224	0.03311376410155631	0.0504854740107489
nw_027522568.1:23741-61661:+	-0.70087080463351	0.03323627039040969	0.0504854740107489
1:224151876-224187323:-	0.517614828067404	0.035569875826112665	0.053354813739169
2:84061698-84090919:+	-0.8857475846891983	0.04168087656849949	0.061749446768147385
13:23857812-23868653:+	-0.4663481302043372	0.04932044442623299	0.07217626013595071
nw_027520944.1:90897-133681:+	-0.3286170804392373	0.05481944202287827	0.07925702461139027
3:204686311-204696764:+	-0.16629337563841765	0.06455845201980698	0.09222636002829569
nw_027522565.1:157924-188176:+	-0.6016893113333118	0.07289842597455515	0.10291542490525432
nw_027522939.1:4726-16031:-	-0.4330816240316927	0.07554234680342957	0.10540792577222731
nw_027523079.1:145543-166827:-	-0.575328756999242	0.09160217231148145	0.12634782387790544
nw_027522888.1:230268-271653:-	-0.19844264782963217	0.11809658281623167	0.16104079474940683
nw_027520962.1:829076-892064:-	0.7034432065459197	0.12470915176170207	0.16814717091465448
11:4794739-4810331:+	-0.19857361254245237	0.15384691387840024	0.20512921850453367
4:207685703-207696391:+	-0.12002480481373665	0.16347621881132046	0.21557303579514786
nw_027520961.1:213113-253052:+	0.41612425237964157	0.1827590188146506	0.23838132888867467
10:109735239-109758835:+	-0.6447801869120257	0.18628732587434918	0.24037074306367637
3:214161600-214172576:+	0.37265897758709965	0.19005644321708723	0.24262524666011137
nw_027520962.1:288231-329574:-	0.1661647044755546	0.19470280129482753	0.24594038058294004
8:102753491-102768854:+	-0.2393696265031927	0.23377994043630718	0.29222492554538393
nw_027521991.1:211427-232231:+	0.15647567512137756	0.2736752340219513	0.3385672998209707
nw_027521325.1:299687-319017:+	-0.6194848338804948	0.31642940153651644	0.38746457331002016
nw_027521144.1:73082-89413:-	0.25813074432740585	0.35453894045977596	0.4297441702542739
8:147303729-147314699:-	-0.2387673911283949	0.36751696893248886	0.43934379897162834
nw_027523416.1:1375554-1397456:-	0.1260475596999647	0.3734422291258841	0.43934379897162834
nw_027526179.1:359719-420100:+	0.46960970067290997	0.37012356930449375	0.43934379897162834
nw_027522074.1:314076-334897:+	-0.12282748145554297	0.39522678909710696	0.46045839506459063
8:148287280-148297509:-	-0.2795575410991981	0.41208133815140124	0.47547846709777064
nw_027523678.1:112411-122973:-	-0.2519438154251116	0.42586181366223885	0.48669921561398727
3:48700628-48715916:-	0.24364176600723803	0.44551628612706196	0.5043580597664853
3:139696122-139765483:-	-0.13221167016383897	0.5531496158137774	0.6203547093238625
nw_027522423.1:265565-308518:+	0.09166920810318584	0.6048640707310816	0.6659053989699981
1:3522361-3545027:+	0.15481339741311043	0.5995201894874757	0.6659053989699981
12:117058947-117072107:+	-0.9240520371518365	0.6192997383723191	0.6755997145879845
nw_027522374.1:153262-175364:+	0.05235958656959811	0.7223763430951006	0.7809473979406493
nw_027523806.1:2722-40561:-	0.14574060298748834	0.7699066891605464	0.8249000241005854
nw_027522803.1:16604-65739:-	0.1195356749525194	0.7900871475278475	0.832583584485179
4:207668308-207688818:-	-0.06976733489115011	0.79095440526092	0.832583584485179
nw_027522627.1:10905-40739:-	-0.11448942238293384	0.803526061020333	0.8384619767168692
nw_027522939.1:24011-54205:-	0.06259081172677293	0.8577160931237258	0.8872925101279922
1:50829653-50840743:+	-0.008862733596226866	0.8966197915696473	0.9196100426355357
nw_027526147.1:601143-612348:-	-0.00736025263910037	0.9207363032547708	0.9363420033099366
7:12271580-12289093:-	0.0100814158329629	0.9465663781703761	0.9545207174827323
11:96007073-96082934:+	-0.013195283748442907	0.986293972474853	0.986293972474853
