long-eRNA	ppc_SRR13652347	ppc_SRR13652348	ppc_SRR13652349	ppc_SRR13652338	ppc_SRR13652339	ppc_SRR13652340	gbc_SRR13652347	gbd_SRR13652347	gbc_SRR13652348	gbd_SRR13652348	gbc_SRR13652349	gbd_SRR13652349	gbc_SRR13652338	gbd_SRR13652338	gbc_SRR13652339	gbd_SRR13652339	gbc_SRR13652340	gbd_SRR13652340	SRR13652347-pindex	SRR13652347-pvalue	SRR13652347-FDR	SRR13652348-pindex	SRR13652348-pvalue	SRR13652348-FDR	SRR13652349-pindex	SRR13652349-pvalue	SRR13652349-FDR	SRR13652338-pindex	SRR13652338-pvalue	SRR13652338-FDR	SRR13652339-pindex	SRR13652339-pvalue	SRR13652339-FDR	SRR13652340-pindex	SRR13652340-pvalue	SRR13652340-FDR
1:3522361-3545027:+	18.44	0.4948453608247263	0.5355279726571354	20.6352	0.05966584601140112	0.08585879353592168	21.3468	1.7064122894591647e-05	2.5920186675329084e-05	20.2225	0.0008589354728424888	0.0013628442835767489	58.758	0.006260470442773456	0.008537005149236531	10.2203	0.06106160548272352	0.10922298833875715
1:14553169-14596043:+	26.2349	0.001691631394338263	0.0029540428826504	14.3051	0.006128199287656242	0.012052125265723943	12.9288	1.4909413385485868e-06	4.010480774622863e-06	10.8352	0.000699828760723668	0.0011729524299453028	14.7447	1.9465251155923726e-05	3.959034133408216e-05	2.3997	0.6246424314071235	0.7087289125580825
1:50829653-50840743:+	13.4547	0.4920634920634833	0.5355279726571354	0.0	NA	NA	33.6367	0.05364481938135406	0.058521621143295344	33.6367	0.01241839217264879	0.016604367062305683	19.3747	9.541758451907468e-07	4.095116642378063e-06	15.5246	1.0	1.0
1:201100539-201146342:-	25.9733	0.4964539007092036	0.5355279726571354	72.0984	0.013917485470042297	0.024882777052499867	85.2991	2.2476481830814247e-06	4.010480774622863e-06	48.1117	0.007130363274351683	0.010101347971998216	20.8391	0.9999999999999697	1.0	19.0655	0.061199301479773385	0.10922298833875715
1:206552341-206602464:-	94.2104	0.013626619009038088	0.01920860751876453	33.1173	0.24590163934426126	0.29849082490137796	60.6374	1.9589941777454497e-06	4.010480774622863e-06	9.8742	0.49875311720698534	0.5029798385392479	30.7025	0.49618320610684685	0.5248738284066875	45.2187	0.0008727688293903969	0.003322152318324736
1:224151876-224187323:-	29.3542	0.0001249805979109733	0.0002658678173742523	30.849	0.029588066527630068	0.04718097094946416	30.8874	8.450195823417881e-07	4.010480774622863e-06	45.6963	0.00020141332496683957	0.0003538915352400394	66.9822	0.013602009531981141	0.017550980041265988	11.2944	0.9999999999999697	1.0
10:62352895-62372965:-	216.138	7.3131883794182e-07	5.1270340408130695e-06	43.5909	0.0003629016646949864	0.0009309216616088781	118.4409	7.393844851331587e-07	4.010480774622863e-06	53.79	5.794519715805001e-07	5.68030567537282e-06	66.0369	2.231213525808501e-06	5.578033814521253e-06	70.2616	7.734847945082112e-07	9.127120575196892e-06
10:81341462-81352066:-	32.0167	0.23170731707317493	0.27109756097561466	67.8	0.02155416903006257	0.036860752834020044	51.2267	0.005187080393818103	0.006224496472581723	70.7737	4.449364073987216e-05	9.289023242183837e-05	130.1323	7.515632590007702e-08	4.095116642378063e-06	56.5	0.048496880317641405	0.09381363733576535
10:98955053-98974881:-	33.3257	2.811432301212316e-07	3.8121923028746563e-06	14.8583	3.657338524180037e-07	6.178905132454525e-06	112.974	4.5820362533499283e-07	4.010480774622863e-06	23.5362	7.604016277743715e-07	5.68030567537282e-06	15.7756	1.1085968739164742e-06	4.095116642378063e-06	38.2963	0.027701886101446093	0.059433137454011624
10:109735239-109758835:+	4.4308	1.0	1.0	3.2052	1.0	1.0	7.2118	0.1232798314044023	0.12976824358358138	7.3288	0.020941386279720562	0.027087227905290726	1.3024	1.0	1.0	1.3138	1.0	1.0
11:4794739-4810331:+	9.178	0.00010744348844905161	0.00023718656884035922	10.0931	0.0031584708552924775	0.006425854498698489	18.6187	1.7240937014457442e-06	4.010480774622863e-06	8.7924	1.1533122202997018e-06	5.68030567537282e-06	16.3966	1.1860859963751e-06	4.095116642378063e-06	8.8564	0.0001391013085416351	0.0006079242373301089
11:96007073-96082934:+	31.2856	9.983529497554307e-06	2.7811260743187e-05	10.3156	0.06977805276640994	0.09802155031471874	18.898	5.388236796769331e-06	8.737681292058374e-06	19.6861	7.259883804088362e-05	0.00014398769544775252	45.1883	5.5005577878629896e-05	0.0001015487591605475	8.5313	0.003373178170149855	0.010711377860576821
12:106814014-106826718:+	53.1581	1.9369704500631383e-06	7.070324392230593e-06	50.7687	3.32509893251059e-06	1.4372376081607582e-05	58.3106	7.648959464499893e-07	4.010480774622863e-06	72.6517	1.5929010410375914e-06	5.68030567537282e-06	118.0016	1.5460393008095595e-06	4.757044002490952e-06	32.2897	0.0062382109923102445	0.01840272242731522
12:113015448-113031864:+	20.556	0.0029420654487859856	0.004848192359267047	12.0918	0.037084533218619924	0.05757861736575199	11.9165	0.00024228971095012963	0.0003380786664420413	8.7149	5.888808363167222e-05	0.00012082210262360336	9.1917	0.005971817257355478	0.008236989320490315	11.0864	0.0002443788360941347	0.0010298822378252818
12:117058947-117072107:+	NA	NA	NA	304.025	0.0003442978971343803	0.0009028255969301529	34.1253	1.4856428808098208e-06	4.010480774622863e-06	0.0	NA	NA	243.22	1.0	1.0	NA	NA	NA
13:16561478-16573778:-	77.6944	0.00047023537186719665	0.0009169589751410335	22.1588	0.05694685511199149	0.08399661129018746	73.8024	1.0666063539198164e-05	1.662243668446467e-05	24.616	0.0007547036952738663	0.0012302704073642477	23.4391	0.0007397333737590254	0.0012502535894518738	18.4796	0.0014963287904412044	0.005350509008244307
13:23812624-23824010:-	24.6008	4.9850528794103955e-05	0.00011903085446755433	22.5804	0.05640564056405481	0.08399661129018746	58.0778	1.5639944422455565e-06	4.010480774622863e-06	12.5523	9.650532352945442e-05	0.0001852279596775012	17.1923	0.0028414208811687602	0.004371416740259631	11.8034	0.01058880746175987	0.027605923656042728
13:23857812-23868653:+	6.9067	0.00013659843484318174	0.00028539315851164754	19.0052	0.0007534001379484142	0.0017096387745752476	12.6994	2.4496212139212864e-06	4.140204868599357e-06	8.0578	0.06724482951360339	0.07694360300114234	6.3909	0.21429987219485375	0.2419998126351598	13.862	0.05840259567091977	0.10922298833875715
13:46908447-46918871:+	3.7327	1.0	1.0	37.7	0.05218554861730658	0.07997265892002826	18.85	0.05684643745177336	0.0614556080559712	32.5	0.05338691159586616	0.06228473019517718	71.8095	0.004478454738399917	0.006397792483428454	18.85	0.4883720930232549	0.5947358596230421
14:70223797-70245679:-	104.415	0.22413793103448248	0.2648902821316611	32.1277	1.0	1.0	46.4067	0.027411633549741063	0.03074201893428904	16.7064	0.029757382731631525	0.036479566567351775	10.9431	0.12220155697302422	0.14187361854093558	23.4202	0.029194651299638278	0.06093257711899263
15:36743580-36759012:+	52.4836	1.6350456471978774e-05	4.251118682714481e-05	101.88	0.02155416903006257	0.036860752834020044	127.2061	2.2414026870414906e-06	4.010480774622863e-06	37.2465	8.446542345397811e-07	5.68030567537282e-06	50.2722	1.0950185519688735e-06	4.095116642378063e-06	32.8556	8.606595923258264e-05	0.0004062313275777901
16:36786274-36796508:+	81.1561	1.4806023981249184e-06	6.5677337087304225e-06	118.7357	9.59940504778885e-07	6.66311644493579e-06	94.8459	2.0918409419685523e-06	4.010480774622863e-06	38.4347	3.7062306284531396e-07	5.68030567537282e-06	47.4096	5.52261965810802e-07	4.095116642378063e-06	4.9584	0.3708813504301051	0.4692380557716955
16:52132552-52144314:-	25.8312	0.003116679417905033	0.004985822911006429	31.6116	5.882991926383222e-06	2.3937691286662765e-05	53.2714	1.808289374443875e-06	4.010480774622863e-06	15.6553	0.11861761426978545	0.13192052428135018	33.4024	0.0029314901279654327	0.004452896396909518	5.9794	0.9999999999999981	1.0
2:58775097-58957080:+	125.488	1.6836651309255502e-06	6.799210591971396e-06	205.8307	1.2082468949277774e-06	7.765247644716272e-06	109.6269	2.272605772286289e-06	4.010480774622863e-06	78.7852	2.125377710181426e-06	5.881859244455574e-06	94.6423	1.0442315610633978e-06	4.095116642378063e-06	19.0176	0.0033766388469532935	0.010711377860576821
2:68525567-68539628:-	30.5706	0.0007411656385132836	0.001398651285581519	71.2473	0.0024224246429521237	0.0050148439976903615	37.7917	1.6208945802794978e-06	4.010480774622863e-06	10.694	0.0008723140138264158	0.001365860100596625	4.7715	0.37218149998713496	0.4023583783644702	7.2232	0.1220506372838136	0.19219730359019507
2:84061698-84090919:+	17.502	0.007406359898701368	0.01083180135185075	0.0	NA	NA	17.1042	0.02048739215932376	0.023414162467798583	8.22	0.12342815506616321	0.13475183901718737	11.4028	0.12314127831782715	0.14187361854093558	0.0	NA	NA
2:148561414-148580944:-	39.1712	2.3325624437665455e-07	3.8121923028746563e-06	50.8108	9.139324708548237e-06	3.478839727769974e-05	47.2927	5.804410907987157e-07	4.010480774622863e-06	25.8766	1.789357401596957e-06	5.68030567537282e-06	26.5632	8.006622135773783e-06	1.685604660162902e-05	13.0961	0.010995579761305154	0.027605923656042728
2:150337601-150354160:+	73.2235	0.00027410528464734234	0.0005529365224782595	51.8667	0.23170731707317493	0.29828109201213443	59.8462	0.05251458738538622	0.05781422464446189	30.177	0.00020222373442287965	0.0003538915352400394	22.2286	0.0054995777671257295	0.007673829442501018	14.3631	0.24444444444443972	0.3278182491664822
3:8921953-8936124:-	131.72	0.008620252522691671	0.012451475866110192	35.1253	0.48484848484847914	0.5674681753889673	197.58	0.1923076923076922	0.20066889632107013	59.274	0.0026110465593775886	0.0038359819822954694	57.6685	1.0844617813298358e-06	4.095116642378063e-06	33.82	2.4558700675539193e-05	0.00012599681216146193
3:44589820-44630127:+	47.7777	0.0008428288973642968	0.001565253666533694	41.3768	0.029313494259111398	0.04718097094946416	44.807	0.0008503585914046546	0.0011413182402527599	29.7174	0.000890126329699755	0.0013756497822632577	22.4617	0.007437027296545644	0.009916036395394191	23.1982	0.003685715510075177	0.011151652056124894
3:48700628-48715916:-	31.7533	1.0	1.0	67.2424	0.10694183864915766	0.14846043483059534	71.445	0.011218988668696602	0.013198810198466592	108.0388	1.2127753371868568e-06	5.68030567537282e-06	93.4281	4.964787489618745e-06	1.1032861088041656e-05	33.3855	4.3633809145625177e-07	6.966769942064314e-06
3:139696122-139765483:-	53.0571	0.00021780923102952016	0.0004470821057974361	25.087	0.030548300708452845	0.048062659781299144	16.3817	0.0017759176876188901	0.0022915066937017935	37.6155	2.59915096945761e-06	6.7238905514229475e-06	27.1637	0.0004625777190056301	0.0008044829895750089	10.6649	0.06201644253132822	0.10922298833875715
3:204686311-204696764:+	21.365	1.3243509565718122e-05	3.521569589065955e-05	15.1264	1.5658018195297698e-06	8.398391577477856e-06	26.7694	1.7789791646766864e-06	4.010480774622863e-06	9.2724	1.1720701141756227e-06	5.68030567537282e-06	66.5639	1.2355184309963155e-06	4.1183947699877186e-06	12.2215	2.879889684397595e-06	1.788563067152191e-05
3:214161600-214172576:+	34.7026	0.11098779134295253	0.1381443785864409	8.2003	0.24503311258277152	0.29849082490137796	21.4889	0.013411202298390153	0.015624701706862315	24.9425	0.0007281844289873049	0.0012035270423540179	39.0852	1.9412449872694676e-05	3.959034133408216e-05	10.1033	0.0365407988806339	0.07186357113191334
4:55960819-55978342:-	59.9222	2.9324556175958897e-07	3.8121923028746563e-06	26.52	0.0015017247597230784	0.0032218822117695135	42.5468	1.4599363400753138e-06	4.010480774622863e-06	66.7991	9.008135710331932e-07	5.68030567537282e-06	86.0625	4.815538575281717e-07	4.095116642378063e-06	74.52	7.82670101600793e-08	6.966769942064314e-06
4:55977722-55993273:+	19.7794	0.014161074515202909	0.019724353789032624	8.0844	0.24660633484162084	0.29849082490137796	6.4856	0.03791694509901069	0.042129938998900766	13.7716	0.0004503514426885127	0.0007655974525704716	34.9248	8.508639979804372e-07	4.095116642378063e-06	10.3943	0.06762208482439698	0.1172106642379196
4:141308070-141332184:-	290.5886	4.830344693579407e-07	4.6930102025324264e-06	95.1794	3.7531916306380523e-07	6.178905132454525e-06	57.2545	1.488116154247251e-06	4.010480774622863e-06	77.05	8.253148308198683e-06	1.88870124745316e-05	60.3	3.978557931771099e-05	7.700434706653738e-05	81.5824	0.0028275257775294245	0.00953280119281349
4:141343218-141358977:-	93.6	1.8753191042348988e-07	3.8121923028746563e-06	107.01	3.294175836883749e-07	6.178905132454525e-06	86.4398	2.218025635576746e-06	4.010480774622863e-06	34.44	8.535910321173824e-05	0.00016652021774093197	22.3636	0.05811520995969532	0.07116148158330039	47.8703	4.0360822772823036e-06	2.3262986414682807e-05
4:162836768-162876740:-	66.2541	1.2931693047221767e-06	6.355513617189796e-06	64.1051	2.044852430178786e-06	9.65170347044387e-06	57.7378	1.1760377492633822e-06	4.010480774622863e-06	26.3147	6.165708762921122e-07	5.68030567537282e-06	18.6097	3.6398374178647843e-07	4.095116642378063e-06	4.1398	0.17894387438990042	0.27070996382061857
4:207668308-207688818:-	12.0273	0.02047097271619536	0.027850044276684385	4.8175	0.373087219293145	0.4446898169352637	10.1752	0.00010963745451552538	0.00015662493502217913	9.0648	6.008971542098503e-05	0.0001211979005948681	8.0815	0.003979313570689854	0.005753224439551596	9.0749	0.06853843925776655	0.1172106642379196
4:207685703-207696391:+	36.3338	1.2590144912245295e-06	6.355513617189796e-06	31.2978	8.378176450785797e-07	6.178905132454525e-06	26.4245	2.4284803641974926e-06	4.140204868599357e-06	22.1463	2.7223366132067594e-06	6.892724616417114e-06	37.3741	1.8429764330980122e-06	5.265646951708606e-06	24.6795	1.6369819125077113e-06	1.4278244396317916e-05
5:64336315-64361749:+	104.7214	3.3549335640302014e-06	1.0608843972744151e-05	59.2364	0.11479837931699925	0.15751405534192922	44.4273	2.2033476443498326e-05	3.305021466524749e-05	15.6802	0.030041995996642635	0.036479566567351775	13.4258	0.060831171458920044	0.07299740575070406	6.3882	0.4983818770226479	0.5947358596230421
5:64361863-64372738:+	28.5884	0.0006974420259199352	0.0013377166726661052	115.9357	6.634410203388094e-07	6.178905132454525e-06	83.9849	1.5154833389071145e-06	4.010480774622863e-06	28.2171	1.1819230622690175e-05	2.6537517813210015e-05	36.1656	1.577110414561602e-07	4.095116642378063e-06	15.7118	0.01393505805270708	0.03245587468402491
5:120433211-120446584:-	54.1363	0.011643835616438355	0.01661376545272302	39.0758	0.2325581395348845	0.29828109201213443	61.87	0.023720703916957218	0.026853627075800624	46.4025	1.9558886110735606e-06	5.68030567537282e-06	25.8803	0.0001976529738152281	0.0003540053262362294	8.6531	0.21396687457770477	0.30518114859650197
5:120454138-120468102:-	40.8157	8.518429501247236e-06	2.4916406291148166e-05	50.3119	0.0001437827061716277	0.000403960936386954	72.0278	5.992905200796077e-07	4.010480774622863e-06	16.5718	1.3711829735898526e-06	5.68030567537282e-06	27.9485	6.797354654851622e-07	4.095116642378063e-06	7.9867	0.0021681736523836434	0.00752483797003735
6:24762648-24776851:+	25.5561	0.23880597014925792	0.276636618885774	8.0024	0.9999999999999981	1.0	16.2511	0.11954582319546095	0.12695131666774614	8.8849	0.00035985630212023544	0.0006206217384392466	2.8396	0.6236642889027627	0.6507801275507089	3.1438	0.3731549785398693	0.4692380557716955
6:25435694-25446704:-	30.5892	2.894455357826426e-06	9.406979912935884e-06	61.1783	0.0005045349681785737	0.0011673554165700334	83.07	1.53911044714404e-06	4.010480774622863e-06	29.9795	7.65963011956287e-07	5.68030567537282e-06	21.5806	5.16953932482399e-05	9.692886234044981e-05	13.348	0.010410002892485386	0.027605923656042728
6:67461457-67471604:-	66.0689	1.252940685775985e-06	6.355513617189796e-06	43.0494	0.005414831554834201	0.010829663109668403	134.5294	1.9902626252890035e-06	4.010480774622863e-06	56.6305	1.511394647439164e-06	5.68030567537282e-06	41.9283	0.0005849973153911408	0.001002852540670527	41.3135	0.011545437005595157	0.027803297278780174
6:131379221-131420566:-	67.5746	1.1066709812156194e-05	3.0111745302843598e-05	64.9246	0.013917485470042297	0.024882777052499867	34.8186	6.120183553208557e-07	4.010480774622863e-06	50.4325	0.24257425742574276	0.2532134792426613	142.3976	0.0028275257775294245	0.004371416740259631	89.6578	0.23728813559322431	0.3255813953488427
7:12271580-12289093:-	29.5773	0.028084901159003556	0.03734015267731155	5.5665	0.622913757050535	0.706767532038107	15.8353	0.0008559886801895698	0.0011413182402527599	8.257	0.1227099505998223	0.13475183901718737	27.5233	0.013862506741944572	0.01769681711737605	13.3446	0.12135047458849818	0.19219730359019507
7:66256675-66276334:+	128.5815	1.118770219729301e-06	6.355513617189796e-06	79.1636	0.011737629459147489	0.02164125431530318	169.9723	1.5614353809516968e-06	4.010480774622863e-06	50.5738	4.242504055947082e-07	5.68030567537282e-06	69.7854	9.314547513670513e-08	4.095116642378063e-06	23.9914	0.003449426768660332	0.010711377860576821
7:192807330-192822598:+	73.507	6.132563137913949e-06	1.839768941374185e-05	20.8815	0.028617787242677523	0.04718097094946416	30.04	1.3646286285006861e-05	2.0994286592318246e-05	39.8205	0.026569583253109902	0.03361280430546697	71.345	0.0011868393451716238	0.0019509687865834912	64.4406	0.011545437005595157	0.027803297278780174
8:102753491-102768854:+	74.6928	0.00012262604839486968	0.00026568977152221764	182.8145	0.00762463343108497	0.01451139911077462	106.704	1.5183060276451493e-07	4.010480774622863e-06	77.0751	1.378025027007131e-07	5.68030567537282e-06	141.2852	1.3506673843814061e-06	4.301782754540328e-06	54.3503	6.968307708578151e-05	0.00034260846233842573
8:147303729-147314699:-	22.7909	0.11532467532467083	0.142031442241963	19.2987	0.23880597014925792	0.29849082490137796	15.6408	0.0028679961084741483	0.003584995135592685	15.9201	2.9346979152517692e-05	6.349619125726555e-05	23.9809	2.5288098556312877e-05	4.9747079127172876e-05	7.1734	0.010983204183614809	0.027605923656042728
8:148287280-148297509:-	9.7158	1.0	1.0	7.384	1.0	1.0	19.0966	0.0027190967909354576	0.003434648578023736	11.5375	0.000823385115748683	0.0013240922807309903	19.1911	6.995825877790931e-06	1.4991055452409138e-05	6.6403	0.21383308309553875	0.30518114859650197
9:18416680-18445179:-	19.4118	0.0031534264565339807	0.004985822911006429	76.2376	8.015832180415143e-05	0.00023069956031438702	22.7979	2.2621186800601536e-06	4.010480774622863e-06	33.0389	0.00011781267790045667	0.00021905794797116162	20.4651	0.00024340268539894375	0.0004295341507040184	4.2471	0.3737998071401642	0.4692380557716955
9:39192540-39210559:-	3.4853	0.6237277326279318	0.6634194974315275	9.3005	0.011153471001448296	0.020890628224934902	10.8727	0.001689040036771034	0.0022030957001361313	5.2246	0.00018050052695129027	0.00033045481088005455	7.8035	2.4716575273143748e-06	5.931978065554499e-06	2.8393	0.14488406919256788	0.22203013200938973
9:103608834-103618998:-	28.4431	0.0029314901279654327	0.004848192359267047	24.1184	0.055279943302621634	0.08362863217576093	16.6636	0.018704040856125044	0.021581585603221203	12.7884	0.01929662264751869	0.025234045000601366	15.5632	0.018869282156953434	0.02383488272457276	11.3381	0.11859834553055794	0.19219730359019507
9:142043796-142057258:+	111.2768	2.428123675165848e-07	3.8121923028746563e-06	146.1179	6.907178206865211e-07	6.178905132454525e-06	124.63	4.1705236146139524e-07	4.010480774622863e-06	27.6956	3.4529566931001855e-06	8.560455134977543e-06	65.4622	2.340066945228312e-07	4.095116642378063e-06	4.6159	0.497716894977155	0.5947358596230421
nw_027520944.1:90897-133681:+	37.8716	5.227178516974458e-05	0.00011991762480117874	45.5836	6.0890142349602925e-06	2.3950122657510484e-05	28.1834	2.5213429319545014e-06	4.202238219924169e-06	20.9328	0.0017183655198092238	0.0025884240108518686	59.255	5.900610438961047e-07	4.095116642378063e-06	9.0054	0.21724759730598445	0.30518114859650197
nw_027520944.1:158747-171780:-	34.0963	9.050744500828842e-05	0.00020364175126864895	48.8092	3.06935289031791e-07	6.178905132454525e-06	63.3852	1.7473441837580147e-06	4.010480774622863e-06	19.5768	0.0001097777362237925	0.00020735794620049694	15.2813	0.035944649403507924	0.044467607509494335	16.5173	0.014147903172975236	0.03245587468402491
nw_027520944.1:213475-230568:+	10.2037	0.005949099904589237	0.008923649856883856	23.4568	5.839029307223949e-05	0.0001722513645631065	29.4443	1.1112138637553758e-06	4.010480774622863e-06	11.6342	2.3148023570065207e-06	6.26048819281309e-06	10.9009	2.009474768841877e-06	5.387761252903515e-06	3.0474	0.22504773953677557	0.3124192148863473
nw_027520961.1:56210-91616:+	51.7398	0.0016597227935706551	0.002942235861329798	106.2569	4.66024961160289e-07	6.178905132454525e-06	47.235	1.3051157134698114e-06	4.010480774622863e-06	94.0316	2.437647763768927e-07	5.68030567537282e-06	75.5276	0.0031740360264312035	0.004702275594712894	5.3621	0.624030380169771	0.7087289125580825
nw_027520961.1:213113-253052:+	16.8571	0.0611772801144338	0.07780154101509516	7.6353	1.0	1.0	26.264	1.8004075537961556e-06	4.010480774622863e-06	43.9645	0.014391991615926851	0.019029411136614393	44.25	0.059149313247683064	0.07169613726991887	6.4364	0.4989733059549251	0.5947358596230421
nw_027520962.1:288231-329574:-	94.9271	1.7433873312747167e-06	6.799210591971396e-06	74.1457	1.0741153396120729e-05	3.727812061006606e-05	108.904	4.592466294423266e-07	4.010480774622863e-06	143.048	1.8883565195000763e-06	5.68030567537282e-06	170.5393	2.455261912980395e-06	5.931978065554499e-06	14.2811	0.030572635627212488	0.06163991846189794
nw_027520962.1:829076-892064:-	9.116	0.9999999999999413	1.0	6.9261	0.9999999999999413	1.0	9.2383	0.21770833371624512	0.22329059868332835	10.477	0.24895104895105713	0.2576102158710939	18.3671	0.1236301427301788	0.14187361854093558	13.8265	0.03081995923094897	0.06163991846189794
nw_027520965.1:258806-302739:-	90.3874	4.989980782852385e-06	1.5363888199834975e-05	116.133	7.112556089798058e-07	6.178905132454525e-06	91.5146	1.9232923662394917e-06	4.010480774622863e-06	116.6998	1.863214991768171e-06	5.68030567537282e-06	264.6902	3.104928221458392e-06	7.165218972596289e-06	36.6413	2.414120553363214e-06	1.5825901405381068e-05
nw_027520990.1:727242-743996:-	50.8226	0.05388854868340398	0.07005511328842517	325.9655	3.511482787932721e-07	6.178905132454525e-06	17.0324	0.4935064935064819	0.49765360689729266	20.1128	0.24242424242423827	0.2532134792426613	33.1684	0.006561430353484185	0.008846872386720248	6.1784	0.4975845410628087	0.5947358596230421
nw_027521049.1:408859-429953:-	97.6367	1.7428951756072433e-06	6.799210591971396e-06	104.6041	1.354560764563363e-06	7.991908510923842e-06	71.6839	2.036830994073695e-06	4.010480774622863e-06	68.5411	1.3452327420387827e-06	5.68030567537282e-06	36.9847	4.4875468716884234e-05	8.547708327025568e-05	16.6236	0.00012551219015237623	0.0005696322476146306
nw_027521117.1:74848-111561:-	53.3045	4.7460740874588346e-05	0.00011568555588180909	86.1189	9.687506044649373e-06	3.505243896522088e-05	83.093	6.454029841878877e-07	4.010480774622863e-06	63.2906	7.115033460989585e-07	5.68030567537282e-06	71.8507	1.1944090206936019e-06	4.095116642378063e-06	7.1428	0.3734481670475967	0.4692380557716955
nw_027521144.1:51395-62700:-	135.3925	1.3036951009620093e-06	6.355513617189796e-06	251.9244	1.2503364851661792e-06	7.765247644716272e-06	176.3594	1.6740307505953173e-06	4.010480774622863e-06	58.1986	4.940059665443366e-07	5.68030567537282e-06	113.366	7.000237809602691e-07	4.095116642378063e-06	76.7898	4.435423587818674e-07	6.966769942064314e-06
nw_027521144.1:73082-89413:-	12.5672	0.06004440735082229	0.07719995230820008	9.2921	0.12223761642817083	0.16156031317902902	12.1332	0.0058558801517666886	0.00695748136843567	14.2073	0.003076667361535922	0.004464919707594813	17.357	0.003007603391675957	0.004511405087513936	8.9661	0.21473216519588545	0.30518114859650197
nw_027521246.1:97506-168786:+	74.767	5.091922708809849e-05	0.00011915099138615048	41.9588	0.49635036496349044	0.5716812457947609	69.026	3.707971525222196e-07	4.010480774622863e-06	50.7444	0.0018034660565796675	0.002682655759162255	51.6772	1.606893047029555e-06	4.820679141088666e-06	4.0547	0.6246400287320275	0.7087289125580825
nw_027521300.1:158532-185085:+	4.3964	0.3736638149968907	0.41636825099653535	11.8397	0.12251894842949308	0.16156031317902902	16.7263	6.750379844077618e-05	9.759585316738725e-05	8.4128	0.03821068463988411	0.045470714721462094	11.5629	0.011247658652246606	0.014670859111626007	1.8253	0.6870822190852387	0.772149541448173
nw_027521300.1:174289-202622:-	177.7087	1.9610771132763454e-06	7.070324392230593e-06	62.3557	1.8880068783112225e-06	9.282700485030176e-06	74.4616	1.3454449616980295e-06	4.010480774622863e-06	71.589	8.791588692338053e-07	5.68030567537282e-06	72.7437	8.698811643243761e-07	4.095116642378063e-06	13.0444	1.694028996173312e-06	1.4278244396317916e-05
nw_027521325.1:299687-319017:+	2.7565	0.9999999999999413	1.0	4.3132	0.9999999999999981	1.0	6.0349	0.372456757125328	0.37876958351728274	1.5404	1.0	1.0	4.051	0.49863013698635306	0.5248738284066875	3.4916	0.9999999999999332	1.0
nw_027521339.1:30701-60988:+	70.2912	0.00035786419353360554	0.0007096628922615568	60.5959	5.834195130880799e-07	6.178905132454525e-06	149.8456	2.1593827493695944e-06	4.010480774622863e-06	61.7751	1.928469837136491e-06	5.68030567537282e-06	76.821	1.3622312056044373e-06	4.301782754540328e-06	38.3533	5.313638091404985e-07	6.966769942064314e-06
nw_027521401.1:188889-252487:+	60.7757	0.0017557796014568872	0.0029771914981225477	68.6016	0.00042173281872430983	0.0010014270394077681	47.0669	1.587864945714437e-06	4.010480774622863e-06	82.531	2.4026355750929433e-06	6.353636298579117e-06	209.6763	1.124007840422108e-06	4.095116642378063e-06	31.3708	0.0009180068467505556	0.0033851502473926736
nw_027521478.1:225502-246440:+	68.5021	1.3850707592136897e-06	6.482131153120068e-06	41.6309	2.679129166303465e-05	8.781590045105802e-05	49.8475	7.310560158179134e-07	4.010480774622863e-06	22.8217	3.197264937165463e-05	6.79418799147661e-05	41.337	2.0727791664814386e-06	5.407249999516796e-06	38.7165	2.6844568369683337e-07	6.966769942064314e-06
nw_027521924.1:127889-148884:-	38.0876	2.170989898808944e-05	5.5218656121879666e-05	58.0195	7.828696334433253e-07	6.178905132454525e-06	50.9215	1.4873100426827178e-06	4.010480774622863e-06	25.8708	1.1123238323193848e-06	5.68030567537282e-06	35.9716	2.212211837445238e-06	5.578033814521253e-06	39.8546	5.082559164257573e-07	6.966769942064314e-06
nw_027521991.1:211427-232231:+	47.459	2.1673651964838233e-07	3.8121923028746563e-06	58.4846	2.3180273373989385e-07	6.178905132454525e-06	32.5562	5.650125839243874e-05	8.268476837917864e-05	38.5097	7.193278219148071e-06	1.678431584467883e-05	31.7432	2.020410469838818e-06	5.387761252903515e-06	76.4404	2.2613682866093034e-06	1.569655634234693e-05
nw_027522074.1:314076-334897:+	74.6435	7.00767438859593e-07	5.1270340408130695e-06	37.6367	4.4460791603648765e-05	0.00013806245813764617	24.0267	0.0008275315975088615	0.0011284521784211748	16.8698	0.0108562811758954	0.01519879364625356	38.6143	2.6799277393673554e-07	4.095116642378063e-06	65.1575	2.2226405621160385e-06	1.569655634234693e-05
nw_027522124.1:17052-32072:+	15.6513	0.003012835122739006	0.004895857074450885	31.1578	5.110925231511846e-05	0.00015463825059446097	35.236	8.28498628583606e-07	4.010480774622863e-06	11.9633	4.564003700401896e-06	1.0862328806956513e-05	11.7086	0.00010338397995279214	0.00018797087264144023	2.1516	0.6240451929849011	0.7087289125580825
nw_027522274.1:388524-408444:+	52.9788	4.960578502033148e-07	4.6930102025324264e-06	25.228	0.028834697451886295	0.04718097094946416	21.0233	0.0001196143385872267	0.00016886730153490827	8.8831	0.21550980429470762	0.23114918343443475	10.2276	0.4966887417217928	0.5248738284066875	7.0078	0.21618385614013566	0.30518114859650197
nw_027522374.1:153262-175364:+	71.5356	3.70976318046968e-07	4.3404229211495255e-06	28.6466	0.00042433349127447796	0.0010014270394077681	40.5102	5.528756843772236e-07	4.010480774622863e-06	37.4802	1.9406320212294787e-06	5.68030567537282e-06	39.9083	4.5496130164628524e-07	4.095116642378063e-06	63.7072	3.4395184457697584e-07	6.966769942064314e-06
nw_027522423.1:265565-308518:+	25.2566	0.0036814867855810593	0.005667552025170841	50.5828	1.2076320780469227e-05	4.071445291701054e-05	48.1848	6.337085931143462e-07	4.010480774622863e-06	40.732	1.711436170177294e-05	3.771498226872185e-05	86.7206	6.298106027727483e-07	4.095116642378063e-06	10.359	0.06173827532451336	0.10922298833875715
nw_027522565.1:157924-188176:+	40.349	0.11892763555734193	0.14389431937350383	8.4791	0.9999999999999697	1.0	62.0803	9.97584576351013e-07	4.010480774622863e-06	15.0015	0.49685534591193686	0.5029798385392479	20.895	1.0	1.0	39.7263	0.0008288821445740466	0.003260269768657917
nw_027522568.1:23741-61661:+	6.3113	0.9999999999999981	1.0	30.2631	0.06004440735082229	0.08585879353592168	22.6509	0.0018248610420068768	0.002329609840859843	9.2302	0.21700959337782755	0.23114918343443475	23.5438	0.0009029186400760131	0.0015048644001266886	3.5501	1.0	1.0
nw_027522592.1:99989-138190:-	27.557	0.014796564314413434	0.02036703558572202	32.7565	0.014648705293872159	0.025799212308610667	58.3561	9.232466647328282e-07	4.010480774622863e-06	34.9375	1.637934637649731e-07	5.68030567537282e-06	45.9639	1.006137861170817e-06	4.095116642378063e-06	11.9365	0.12327076611614333	0.19219730359019507
nw_027522627.1:10905-40739:-	20.8446	0.245614035087706	0.27899846704137476	14.4175	0.9999999999999697	1.0	20.1028	0.0002452365155762077	0.0003382572628637348	43.5878	0.00019627536434492406	0.00035389042965221153	7.6216	0.24836601307193337	0.27094474153301823	3.8966	1.0	1.0
nw_027522720.1:1569338-1591478:+	19.717	0.0035663653770499535	0.005563529988197927	38.1492	0.0003852302588575368	0.0009671738413870073	20.4417	3.3084248864939104e-05	4.9013702022132e-05	12.0119	0.01113185644878942	0.015226332383976334	10.7315	0.011192252266567965	0.014670859111626007	4.621	0.37330508241165045	0.4692380557716955
nw_027522720.1:2591169-2612024:+	75.5259	1.9941940593470904e-06	7.070324392230593e-06	56.0904	3.870853725371961e-07	6.178905132454525e-06	77.1788	2.1455945132805794e-06	4.010480774622863e-06	32.4689	2.647476307185015e-07	5.68030567537282e-06	40.702	3.38758824131443e-07	4.095116642378063e-06	27.7354	4.140023006002872e-06	2.3262986414682807e-05
nw_027522803.1:16604-65739:-	10.2055	0.2486865148862781	0.27977232924706286	7.6711	0.49900990099034215	0.5716812457947609	9.457	0.2173793868409451	0.22329059868332835	8.9722	0.011521105831263737	0.015579677203640735	6.5402	0.21779983137164383	0.2419998126351598	15.0164	0.020961683157772585	0.04580515949291046
nw_027522873.1:102468-140092:+	80.9605	5.651307239787895e-07	4.722878193251312e-06	51.6506	0.000823854475267918	0.0018342420392757418	90.5563	9.563683758260577e-07	4.010480774622863e-06	52.0494	1.9570801066410556e-06	5.68030567537282e-06	76.2721	1.9889081566056934e-06	5.387761252903515e-06	10.3412	0.12347562010972012	0.19219730359019507
nw_027522888.1:230268-271653:-	114.7813	1.9934220207780774e-07	3.8121923028746563e-06	94.1514	2.3249321718742162e-06	1.0551615241582982e-05	105.8243	5.703929804225338e-07	4.010480774622863e-06	100.965	1.7610221934224546e-06	5.68030567537282e-06	162.529	1.0492614953370192e-06	4.095116642378063e-06	19.0612	0.007500259577152752	0.021072157859619637
nw_027522939.1:4726-16031:-	38.8906	0.0013267650570376204	0.0024254923698968996	77.295	0.002083912197832779	0.004391100702576213	70.6285	1.2453639679985712e-06	4.010480774622863e-06	23.5566	0.006469475809719048	0.00927551351032008	61.0726	0.004986217186087351	0.007039365439182142	80.1578	0.009625126646403184	0.02641313823896688
nw_027522939.1:24011-54205:-	21.3297	0.007337602769807818	0.01083180135185075	20.9471	0.007345707618974382	0.01420972949244225	15.6302	0.0009066152979758364	0.0011955366566714328	12.6935	0.06865158335629412	0.0778051278038	33.3657	0.0017239011846359154	0.002721949238898814	16.1298	0.06082221199569823	0.10922298833875715
nw_027522939.1:65023-75411:+	7.1072	2.335233103614137e-06	8.035949209495706e-06	8.6698	1.4924121839402611e-06	8.385935128807182e-06	6.5107	2.9898891110297494e-06	4.914886209911917e-06	8.4418	1.5818000975110638e-06	5.68030567537282e-06	24.0781	2.8447116450889743e-06	6.693439164915234e-06	7.2077	1.2954216081399472e-06	1.3323874178339086e-05
nw_027522943.1:14582-39583:+	61.8233	9.40982465423306e-06	2.6852426452323612e-05	57.7826	0.00017376585942595387	0.0004768458467968037	74.1114	1.4486975882839146e-06	4.010480774622863e-06	39.7196	1.2590374543722378e-06	5.68030567537282e-06	66.4285	1.6885004845070429e-06	4.941952637581589e-06	9.8302	0.12280153869234423	0.19219730359019507
nw_027522984.1:14503-35330:+	54.616	1.174331497646152e-07	3.8121923028746563e-06	49.059	8.361044046791573e-07	6.178905132454525e-06	66.0933	8.332484962438097e-07	4.010480774622863e-06	28.8407	1.068928720809737e-06	5.68030567537282e-06	55.0067	4.425942418247058e-07	4.095116642378063e-06	27.5754	8.079579107668595e-06	4.3335924304767915e-05
nw_027523079.1:145543-166827:-	16.6726	0.24503311258277152	0.27899846704137476	7.6547	0.9999999999999981	1.0	24.2726	8.42155061189192e-06	1.3382840821731176e-05	14.6639	0.029895393135066384	0.036479566567351775	14.0705	0.02994806029980632	0.0374350753747579	9.0828	0.24725274725268576	0.3278182491664822
nw_027523264.1:1018013-1042331:+	88.8343	7.449536640497622e-07	5.1270340408130695e-06	88.6122	1.7487440121565443e-06	8.971817105846619e-06	70.7611	7.927674238351339e-07	4.010480774622863e-06	30.4426	5.66898362946051e-07	5.68030567537282e-06	40.5548	5.355666842811323e-06	1.1685091293406524e-05	12.0824	0.000479746631341378	0.0019520724999407795
nw_027523416.1:1375554-1397456:-	49.769	1.1190610069236835e-06	6.355513617189796e-06	39.9153	2.7685792464752917e-05	8.829523002272552e-05	40.6063	1.900823583418304e-06	4.010480774622863e-06	50.232	1.403649603773076e-06	5.68030567537282e-06	39.9883	4.5234375201214316e-07	4.095116642378063e-06	51.191	2.3470860298123002e-07	6.966769942064314e-06
nw_027523660.1:1693027-1706721:+	58.5923	0.024173381494859543	0.03250903028619042	31.7375	0.4857142857142856	0.5674681753889673	107.2817	1.6721406131038343e-06	4.010480774622863e-06	33.1174	0.026833751336297163	0.03361280430546697	32.974	0.0014854609383227585	0.0023767375013164136	4.0302	0.9999999999998395	1.0
nw_027523678.1:73209-86960:-	5.1449	0.06876878991909323	0.0865155744143431	4.204	0.12322396767892044	0.16156031317902902	13.0976	1.825890716961509e-06	4.010480774622863e-06	5.7607	0.02162522218484476	0.0276709832257691	18.2765	4.1064202298520175e-06	9.297555237400795e-06	12.543	0.029433533015106608	0.06093257711899263
nw_027523678.1:112411-122973:-	13.4004	0.005514178068461166	0.00837868615597346	3.7873	1.0	1.0	12.3394	0.0029558993159413574	0.0036567826588965245	18.0172	0.001452990027028894	0.0022167411950825434	3.3851	0.9999999999997601	1.0	3.575	0.9999999999998731	1.0
nw_027523678.1:127482-160598:+	37.7701	2.864662070850317e-06	9.406979912935884e-06	16.5362	5.316334006522729e-07	6.178905132454525e-06	16.1513	1.0881699169196418e-06	4.010480774622863e-06	24.8041	2.023889311084018e-06	5.734353048071384e-06	52.5143	9.988517198914481e-07	4.095116642378063e-06	21.4637	1.3549702554243139e-06	1.3323874178339086e-05
nw_027523806.1:2722-40561:-	6.4632	0.4989106753814338	0.5355279726571354	12.5591	0.24789915966385626	0.29849082490137796	4.858	0.6241789812002656	0.6241789812002656	6.319	0.21755217264417387	0.23114918343443475	9.4289	0.06932581779647719	0.0823673082730422	8.2478	0.12378809383775276	0.19219730359019507
nw_027524086.1:137256-166008:-	35.8103	0.11929699982247755	0.14389431937350383	10.8835	0.9999999999999697	1.0	26.5966	2.353801918676071e-06	4.093568554219255e-06	13.4072	0.0610277230279918	0.07050775767311673	8.5834	0.24809160305343	0.27094474153301823	3.7759	0.9999999999999413	1.0
nw_027524096.1:68841-108170:+	43.5568	0.0017250892444449079	0.0029681682588243263	26.8042	0.060392202232894064	0.08585879353592168	83.961	5.859504821055646e-07	4.010480774622863e-06	42.5889	7.973500429913276e-07	5.68030567537282e-06	60.9312	6.039268753187515e-07	4.095116642378063e-06	9.1918	0.21707987094301687	0.30518114859650197
nw_027524175.1:1490023-1512248:-	87.2301	3.183054138486169e-05	7.92377306814642e-05	83.2392	0.0013086069714185722	0.002859548567173917	284.6214	1.942422337009549e-06	4.010480774622863e-06	116.4006	1.926921798675735e-06	5.68030567537282e-06	212.26	6.606123448952346e-07	4.095116642378063e-06	25.8403	0.014302588843807586	0.03245587468402491
nw_027524315.1:236159-274648:+	87.2783	2.67767674703105e-07	3.8121923028746563e-06	58.426	0.000397390613253567	0.0009769185909150188	69.0353	6.57182744359276e-07	4.010480774622863e-06	36.3225	1.2587477291757563e-06	5.68030567537282e-06	79.2352	1.173779320733605e-06	4.095116642378063e-06	17.6193	0.02070468426217062	0.04580515949291046
nw_027524440.1:581478-602450:+	57.676	1.5156308558608669e-06	6.5677337087304225e-06	46.8332	9.802800727561771e-06	3.505243896522088e-05	55.2651	9.828542761000465e-07	4.010480774622863e-06	30.0534	1.055802472441983e-06	5.68030567537282e-06	59.7019	5.552922339879996e-07	4.095116642378063e-06	43.8576	3.257820110751592e-07	6.966769942064314e-06
nw_027524451.1:37411-74394:-	0.0	NA	NA	29.9867	0.1212407213733541	0.16156031317902902	19.9296	0.0036987301259852547	0.004529057297124802	7.5359	0.37337556649606285	0.3830318311468231	19.8685	0.003699340662196725	0.005413669261751305	3.2273	1.0	1.0
nw_027524982.1:409549-424450:-	8.6888	0.12215375202128118	0.1458366223111214	19.3981	0.24175824175824356	0.29849082490137796	9.2372	7.682270343271716e-07	4.010480774622863e-06	5.6627	0.03745252546760441	0.045018692228736605	4.7938	0.21635842303797406	0.2419998126351598	1.026	1.0	1.0
nw_027526045.1:515022-542292:+	202.4554	5.214455780591584e-07	4.6930102025324264e-06	203.3884	0.0002006337586633356	0.0005380632618698546	69.9423	1.447077805036642e-06	4.010480774622863e-06	49.7766	6.481423536394269e-07	5.68030567537282e-06	92.7212	3.592357641072827e-07	4.095116642378063e-06	24.0192	0.007225498920672734	0.020795338357058112
nw_027526100.1:937845-958611:-	45.4414	1.1386809531520499e-06	6.355513617189796e-06	45.0647	3.4103943244492567e-06	1.4372376081607582e-05	82.6084	1.1923406397406566e-06	4.010480774622863e-06	27.8765	4.127585353926024e-06	1.0024135859534629e-05	45.4816	7.489406237133957e-07	4.095116642378063e-06	49.4175	1.8761020277876123e-06	1.475866928526255e-05
nw_027526147.1:276884-298468:-	26.1078	0.0015635718156683485	0.0028144292682030273	27.4467	0.028834697451886295	0.04718097094946416	24.0158	8.475799187096412e-06	1.3382840821731176e-05	14.0512	0.011019122620068317	0.015226332383976334	38.5216	2.183406168912204e-05	4.366812337824408e-05	2.6619	0.6241948463257243	0.7087289125580825
nw_027526147.1:601143-612348:-	42.525	0.05183413078149907	0.06814149776893699	14.58	0.9999999999999981	1.0	58.32	0.00505644559715912	0.0061290249662534785	34.02	0.11149228130360164	0.12516586297291127	153.09	0.001318391562294017	0.002137932263179487	7.29	0.24566473988439147	0.3278182491664822
nw_027526179.1:359719-420100:+	0.0	NA	NA	148.455	1.0	1.0	5.2175	0.10889432987303595	0.11667249629253851	10.0223	0.03862178814735205	0.04550487910430588	10.9967	0.12413941622331864	0.14187361854093558	42.4157	1.0	1.0
