long-eRNA	baseMean	log2FoldChange	lfcSE	stat	pvalue	padj
3:48700628-48715916:-	19.756950843633025	3.0792258771536507	0.8481827810473642	3.630380085470871	0.00028300416384677686	0.014026628915150005
4:141343218-141358977:-	37.22581425467349	-2.6104539987410904	0.6928879169491491	-3.767498227181051	0.0001648917113869786	0.014026628915150005
4:141308070-141332184:-	32.69544579603002	-2.228776873735874	0.6234910991236732	-3.57467312182717	0.00035066572287875014	0.014026628915150005
13:23857812-23868653:+	15.073593031021211	-2.3947688703700067	0.7373767466906218	-3.2476869946303997	0.001163471843070113	0.024077158090043217
16:52132552-52144314:-	15.234335609233057	-2.726950106091181	0.8421803605318947	-3.2379644953593134	0.001203857904502161	0.024077158090043217
nw_027520944.1:158747-171780:-	23.89546673005856	-2.152943072948751	0.6646095610875655	-3.2394103229957754	0.0011977712499141014	0.024077158090043217
2:68525567-68539628:-	19.94481318194101	-2.381500391573962	0.8152466779527965	-2.9212022029384497	0.0034868344297924628	0.05977430451072793
1:201100539-201146342:-	15.192735823095054	-2.824136713288243	1.0106423361080221	-2.7943977927581947	0.0051996474311467355	0.07799471146720104
6:131379221-131420566:-	12.750852183350718	-2.282404622825762	0.8340511221653598	-2.7365284479207865	0.006209122611496785	0.0827883014866238
nw_027520961.1:56210-91616:+	23.155477886384016	-2.0561205127910958	0.7781105030696488	-2.642453102328902	0.008230786310895199	0.09175905763600768
nw_027522274.1:388524-408444:+	10.35292337729636	-2.3365599537414297	0.8867063297528559	-2.635100117524456	0.008411246949967371	0.09175905763600768
nw_027523264.1:1018013-1042331:+	32.35881781704818	-1.5720925626926139	0.6133160300717897	-2.563266710163434	0.010369235963357417	0.10369235963357418
1:206552341-206602464:-	13.73620078489411	-2.3828512476654913	1.0008810210497445	-2.3807537534944045	0.017277256974917558	0.15948237207616206
12:117058947-117072107:+	15.202824285381256	-6.620580958775998	2.854717086607019	-2.3191723585628257	0.0203856926000433	0.1630855408003464
3:8921953-8936124:-	13.429458257804457	2.1337610792555344	0.9186705949086302	2.3226617800559466	0.020197329008670807	0.1630855408003464
nw_027520961.1:213113-253052:+	11.564514844563407	-2.362053552042876	1.0306639485484688	-2.291778571831744	0.02191842378121213	0.16438817835909098
5:64336315-64361749:+	9.086726303143799	-1.9941116645058776	0.9100079966722612	-2.191312243186865	0.028429204685482372	0.16708708839040087
nw_027522939.1:4726-16031:-	13.64104179811521	-1.6874853274438089	0.7583850912399526	-2.2251035086736555	0.02607429026826082	0.16708708839040087
2:58775097-58957080:+	70.89350113903909	-1.370086057090537	0.6258052924160816	-2.189316826965411	0.028573820162303927	0.16708708839040087
4:162836768-162876740:-	45.074608365088075	-1.443593068007704	0.6621280742657842	-2.1802323811876807	0.02924024046832015	0.16708708839040087
nw_027521144.1:51395-62700:-	70.79187457055046	-1.1637701373041158	0.5316403538584105	-2.1890176862196165	0.028595554561181784	0.16708708839040087
nw_027521300.1:174289-202622:-	80.21732594004213	-1.2849838114043173	0.5949867643409801	-2.159684699587549	0.03079708645646601	0.16798410794436003
1:224151876-224187323:-	12.608729461006995	-1.80526325832593	0.8503571530847839	-2.122947107314964	0.03375828436463314	0.17613017929373814
nw_027520990.1:727242-743996:-	11.148295703337716	-2.2591457754710356	1.0800681047429888	-2.0916697433710607	0.036468068900743715	0.18234034450371858
nw_027522565.1:157924-188176:+	10.852430071035128	-2.093514462555626	1.1209412209439054	-1.8676398221779649	0.06181229181037484	0.2966990006897992
nw_027521049.1:408859-429953:-	32.68576644596994	-1.1188341092393441	0.6310271413197126	-1.7730364289869456	0.07622267065913621	0.3513090546760824
9:142043796-142057258:+	25.093675956895108	-1.3699321332851346	0.7800294260080933	-1.756256991862408	0.07904453730211854	0.3513090546760824
1:50829653-50840743:+	5.741483012015331	2.048529408607508	1.2405406172764297	1.6513199004358228	0.09867327085848146	0.4228854465363491
8:148287280-148297509:-	7.555731731224796	1.4672807329669495	1.0044127249688846	1.4608344722159947	0.14406087303974507	0.44572354401652964
7:192807330-192822598:+	11.372519245993603	-1.2570875775950805	0.794633703403236	-1.5819711298567622	0.11365616130557309	0.44572354401652964
9:18416680-18445179:-	16.241598139265054	-1.1221249759176	0.7282743820750128	-1.5407997363856472	0.12336553363655084	0.44572354401652964
5:64361863-64372738:+	23.324088550857738	-1.083262568406708	0.7002029393828255	-1.5470694386994717	0.12184650240485884	0.44572354401652964
10:98955053-98974881:-	30.24717172465412	-1.0287335971262626	0.674148144694201	-1.5259755666803836	0.1270159495576957	0.44572354401652964
2:148561414-148580944:-	24.87970668943475	-0.9371661234250233	0.6347404353746238	-1.4764556836085414	0.1398216037244091	0.44572354401652964
3:204686311-204696764:+	64.5690232307351	0.8268513229583206	0.5602788286317789	1.4757854138046254	0.14000150766696956	0.44572354401652964
nw_027524982.1:409549-424450:-	8.414056038994799	-1.599700481835548	0.9971347631679619	-1.6042971731856943	0.10864856391594876	0.44572354401652964
nw_027522720.1:1569338-1591478:+	10.847653408480866	-1.1388737570096952	0.7811586596967783	-1.4579288635829382	0.14486015180537212	0.44572354401652964
nw_027523678.1:127482-160598:+	86.99700446015272	-0.9572504049586641	0.6459275447273608	-1.4819779908328716	0.1383461512875263	0.44572354401652964
nw_027524086.1:137256-166008:-	5.065783097721661	-1.7048224430758447	1.129666597624248	-1.5091376930690716	0.13126359878740113	0.44572354401652964
7:66256675-66276334:+	25.55119483701985	-1.0184641654086812	0.7267209557875726	-1.4014514887697664	0.16107910447942453	0.4725548604710579
9:39192540-39210559:-	15.022936915247646	1.0992988285596414	0.7924839268980266	1.3871559930086688	0.16539420116487025	0.4725548604710579
13:23812624-23824010:-	17.437068837775858	-1.0184947885761848	0.7329930943457827	-1.3895012059905154	0.16468039445560456	0.4725548604710579
4:55960819-55978342:-	33.26546646122004	-0.8331831907206538	0.6176097183058727	-1.3490448191231632	0.1773225706317617	0.488446084006522
nw_027521401.1:188889-252487:+	28.216749085651486	0.9566687173164948	0.7153533747244754	1.3373372533329617	0.18111257602315245	0.488446084006522
8:147303729-147314699:-	9.895794226996047	1.0789048820874099	0.8105569884964811	1.3310660414990598	0.18316728150244577	0.488446084006522
5:120433211-120446584:-	10.016577170757591	1.1491440806184487	0.8769358885243671	1.3104083156547857	0.19005774198942882	0.49580280518981434
6:67461457-67471604:-	17.21778574958388	-0.91543786256284	0.7428781992669626	-1.2322852702719653	0.21784254012886684	0.5125706826561572
3:214161600-214172576:+	8.05741124937614	1.1089401485531656	0.8816299516812391	1.2578294855323977	0.20845342973012015	0.5125706826561572
nw_027522720.1:2591169-2612024:+	32.62939867410669	-0.7299672804023297	0.5872431047132992	-1.243041041339618	0.2138527101379386	0.5125706826561572
nw_027520965.1:258806-302739:-	51.15429090688951	0.8469788772359276	0.6685071035443871	1.2669706466023967	0.20516578585780776	0.5125706826561572
nw_027521339.1:30701-60988:+	47.65688063717101	-0.891752062496403	0.7181503623215324	-1.2417344741199827	0.21433454601379143	0.5125706826561572
12:106814014-106826718:+	39.20306086791303	-0.8461340772049075	0.7322134596078401	-1.15558388896331	0.24785140108491954	0.5507808912998212
nw_027526045.1:515022-542292:+	28.282446453792257	-0.8206868033679334	0.7076061359672192	-1.1598073584341457	0.2461272474883035	0.5507808912998212
nw_027523660.1:1693027-1706721:+	7.964174845481318	-1.124160408922263	0.9633677738085421	-1.166906802869323	0.24324800834356797	0.5507808912998212
4:55977722-55993273:+	9.997584946352722	0.9677767338760216	0.8476956059336603	1.1416559518556224	0.25359705687502043	0.5533026695454991
6:25435694-25446704:-	20.385477340300838	-0.7184383508420007	0.6630619566057089	-1.0835161687148664	0.27857937808673316	0.5969558101858568
6:24762648-24776851:+	4.696092127067703	1.184906054466957	1.1251328239935177	1.0531254881190664	0.29228348263571124	0.6153336476541289
nw_027523678.1:112411-122973:-	6.765002667590832	-1.0373082209602804	1.0175245639108605	-1.0194429282113655	0.30799273484802014	0.6372263479614211
nw_027522939.1:24011-54205:-	8.797178999325187	-0.8246149028624898	0.8220502179145713	-1.0031198640813268	0.31580303154937794	0.6423112506089043
nw_027526147.1:276884-298468:-	11.266307769675747	-0.7928529386130231	0.8202039511533709	-0.9666534006549387	0.33371732967823253	0.6579918737888908
10:81341462-81352066:-	8.893237016950959	0.8490637626293475	0.8797393971927205	0.9651309982691918	0.3344792025093528	0.6579918737888908
nw_027520944.1:90897-133681:+	17.77252290174405	-0.67999064142733	0.7591582572566196	-0.895716584687653	0.37040415045634756	0.66977970280437
4:207685703-207696391:+	81.37398840386619	-0.5444740815955623	0.6162667562952007	-0.8835038983260545	0.3769640772099403	0.66977970280437
5:120454138-120468102:-	24.562029313751	0.6016066250684109	0.6846235265952314	0.8787407994293155	0.379541831589143	0.66977970280437
7:12271580-12289093:-	6.029079827906657	-0.8467126414020796	0.9490622156676147	-0.8921571498939743	0.3723087061437206	0.66977970280437
nw_027522803.1:16604-65739:-	5.212608322992054	0.901958209577347	1.002463702094998	0.8997415145230597	0.36825782503925697	0.66977970280437
2:84061698-84090919:+	4.321579226333362	-1.1517202214429971	1.2872038046560816	-0.8947458182433796	0.3709229798437277	0.66977970280437
1:14553169-14596043:+	14.693929079277078	-0.7048532892674308	0.768906076687018	-0.916696213800818	0.3593018506789528	0.66977970280437
nw_027522124.1:17052-32072:+	16.8799478476633	-0.6431098412341244	0.7668152251796738	-0.8386764113655102	0.40165091877026227	0.6985233369917604
11:96007073-96082934:+	15.837687405170486	-0.5661832337914244	0.7102028176232782	-0.7972134434585588	0.42532707973470063	0.7291321366880582
nw_027522984.1:14503-35330:+	30.13081975764939	-0.438623440457465	0.6128486551382519	-0.7157124957033908	0.4741688934292373	0.7902814890487289
nw_027523079.1:145543-166827:-	5.490166993513962	-0.7572983324473384	1.0490079091086635	-0.7219186107860814	0.47034451832850255	0.7902814890487289
15:36743580-36759012:+	24.656259999498246	-0.5048570372561593	0.7228167667263897	-0.698457839519465	0.4848909154375539	0.7935870019377558
nw_027523806.1:2722-40561:-	4.234247363461358	0.7522015012595008	1.091038025283353	0.6894365584225599	0.4905485839532857	0.7935870019377558
nw_027521991.1:211427-232231:+	34.13491369619168	0.512495129027855	0.7527728923677522	0.6808097558027976	0.4959918762110973	0.7935870019377558
nw_027521300.1:158532-185085:+	7.706430874978178	-0.5788111506035409	0.871162612400209	-0.6644122949776421	0.5064264658251043	0.7996207355133226
nw_027520962.1:829076-892064:-	2.995359906314551	0.746224051692106	1.2635275722673687	0.5905878653308891	0.5547965974333267	0.8621563664827153
nw_027521246.1:97506-168786:+	11.448990232989914	-0.5116898065638783	0.8969875853613978	-0.5704536104116955	0.5683700772351621	0.8621563664827153
nw_027524175.1:1490023-1512248:-	22.904636633938477	-0.40383148158648213	0.7193283102890659	-0.5614007898899466	0.5745243456813034	0.8621563664827153
3:44589820-44630127:+	9.481712156785987	-0.4493115692892585	0.8008561303351894	-0.5610390584151539	0.5747709109884769	0.8621563664827153
nw_027521924.1:127889-148884:-	28.535535690264723	-0.31923999094022404	0.6141362337492298	-0.5198195015970662	0.6031893856813703	0.8630902403610866
nw_027523678.1:73209-86960:-	13.002750910845592	-0.4257940973265555	0.8028866117103975	-0.5303290540858341	0.5958838058265279	0.8630902403610866
14:70223797-70245679:-	4.267060463067312	0.5876080375627438	1.0753845038153529	0.5464166867552688	0.5847795423116307	0.8630902403610866
nw_027521478.1:225502-246440:+	27.699110816335974	-0.3292207065350235	0.63504262773752	-0.5184230036776353	0.6041631682527606	0.8630902403610866
16:36786274-36796508:+	28.429017137881477	-0.3818465363651918	0.7546557646157507	-0.5059877022997594	0.6128652827863936	0.8652215756984382
nw_027526100.1:937845-958611:-	30.983827077190057	-0.28902369058873395	0.6070729412945822	-0.47609384462498255	0.6340075220536707	0.8846616586795406
9:103608834-103618998:-	7.94256173308466	-0.38501388857705526	0.8506438498327588	-0.452614673758884	0.650826230648222	0.8976913526182373
nw_027524096.1:68841-108170:+	20.66932812108542	0.3505111715137143	0.8095968939629669	0.43294530170189566	0.6650545078523616	0.9068925107077658
nw_027520962.1:288231-329574:-	34.19756945995638	0.3060375152729426	0.7400981878709282	0.4135093427986004	0.6792334787724066	0.913203415044328
nw_027522592.1:99989-138190:-	16.25711592524718	0.31331559758009014	0.7721273047562524	0.40578230513295815	0.684902561283246	0.913203415044328
nw_027522627.1:10905-40739:-	4.982349935057332	-0.4124574032539147	1.1358956103668671	-0.36311206724419054	0.7165211706079255	0.9448630821203413
11:4794739-4810331:+	26.162687034330073	0.18438205742875036	0.6140469066312079	0.30027357102132407	0.7639684908791164	0.9451156588195255
nw_027522374.1:153262-175364:+	30.307284649135102	-0.19350914727932275	0.6231157785018687	-0.31055087024849337	0.7561420813707082	0.9451156588195255
10:62352895-62372965:-	39.19775492320605	0.20415171777560534	0.6004792320714681	0.3399813130444909	0.7338706006390303	0.9451156588195255
8:102753491-102768854:+	17.418866860456514	0.23603985580240694	0.6875195915190863	0.34332091581691926	0.7313570474521767	0.9451156588195255
nw_027526179.1:359719-420100:+	2.8938433203105203	0.4454970153443787	1.379483674577653	0.32294475357294344	0.7467370822279167	0.9451156588195255
nw_027522939.1:65023-75411:+	99.10576518975552	-0.18488600576140493	0.6126939506340724	-0.30175915001293513	0.7628356735644405	0.9451156588195255
nw_027521325.1:299687-319017:+	1.702359412120822	-0.43913314839134826	1.5629458054604806	-0.28096505128785915	0.7787372055350386	0.9535557618796391
3:139696122-139765483:-	11.615358207311013	-0.17986397088933886	0.7985069028647827	-0.22525036445401478	0.8217845108323849	0.9668053068616294
nw_027523416.1:1375554-1397456:-	28.366029518505055	-0.13713044928271403	0.5832930120325033	-0.23509702062926927	0.8141334310942433	0.9668053068616294
nw_027521144.1:73082-89413:-	7.584777933367004	0.20641406199413184	0.8637844867880254	0.23896477090215013	0.8111329001648941	0.9668053068616294
nw_027522074.1:314076-334897:+	35.517209906565625	0.20486119160071975	0.8433401450243433	0.24291644695131448	0.8080701242970283	0.9668053068616294
nw_027522423.1:265565-308518:+	18.77928961935719	-0.16049761664465922	0.768792937106392	-0.20876572728249224	0.8346311274529167	0.9713269941518236
1:3522361-3545027:+	7.748213018798655	-0.17916980904977267	0.8977783272911227	-0.19957020970909808	0.8418167282649138	0.9713269941518236
nw_027524315.1:236159-274648:+	25.679099910676715	0.05016177897123767	0.7183793221769021	0.06982631239890455	0.9443319040220509	0.9887517185816548
nw_027524451.1:37411-74394:-	4.076196006869693	-0.0685312428049842	1.2362846399437384	-0.05543322353993087	0.9557933279622662	0.9887517185816548
nw_027520944.1:213475-230568:+	23.820737684794285	-0.11469271188626372	0.6985633814213057	-0.1641836874599818	0.8695865423655664	0.9887517185816548
4:207668308-207688818:-	11.288464031516257	0.04965017126232493	0.7777628751974152	0.0638371576294671	0.9490998910746409	0.9887517185816548
13:46908447-46918871:+	4.49981512011027	-0.10517971832726804	1.0826327074490345	-0.09715180190251127	0.922605843416805	0.9887517185816548
13:16561478-16573778:-	11.343882814219919	-0.07880767422722616	0.7597695607700337	-0.10372575883055099	0.9173869843215828	0.9887517185816548
10:109735239-109758835:+	2.5722436776674686	0.1842004160842596	1.400839155154785	0.13149290937966857	0.8953853953690861	0.9887517185816548
nw_027522873.1:102468-140092:+	27.116002722547098	0.08656443405473538	0.7421926795893854	0.11663337086890528	0.9071505920604236	0.9887517185816548
nw_027524440.1:581478-602450:+	34.697160413600066	-0.03865811170422202	0.6208451777854105	-0.06226691144178276	0.950350278170432	0.9887517185816548
nw_027526147.1:601143-612348:-	4.733285650302804	-0.06487340576700375	1.0730891813848449	-0.06045481297582668	0.9517934040065749	0.9887517185816548
nw_027522568.1:23741-61661:+	5.122118411919939	-0.15284492846828182	1.1054393700830072	-0.13826622481955272	0.8900300177739905	0.9887517185816548
nw_027522943.1:14582-39583:+	25.81952656871429	0.07408012961586694	0.7397614613766225	0.10014056352437067	0.9202327321324463	0.9887517185816548
12:113015448-113031864:+	13.57737299508612	-0.005775003001578497	0.7126802896991471	-0.00810321694741463	0.9935346390597888	0.9935346390597888
2:150337601-150354160:+	8.378141762189408	-0.025471541364421844	0.941783743829756	-0.027046061828209123	0.9784229954273885	0.9935346390597888
nw_027522888.1:230268-271653:-	34.15457457000755	-0.007894071400283949	0.7083991980709275	-0.011143535201311118	0.9911089293236122	0.9935346390597888
nw_027521117.1:74848-111561:-	28.31851246111562	0.027579995764403308	0.7642598650338635	0.03608719628785069	0.9712128315613031	0.9935346390597888
