Enhancer_ID	chr	start	end	center	FANTOM5	associated_gene-FANTOM5	associated_gene-50kb	associated_gene-4DGenome	Cell_Tissue	Detection_method	PMID	closest_gene	distance
1	1	10335112	10337220	10335692	N	NA	NA	NA	NA	NA	NA	Sec23ip	67001
2	1	103756872	103758821	103757732	N	NA	Glrx	NA	NA	NA	NA	Glrx	31365
3	1	10563499	10566069	10565090	N	NA	Inpp5f	NA	NA	NA	NA	Inpp5f	29002
4	1	10568571	10569798	10569069	N	NA	Inpp5f	NA	NA	NA	NA	Inpp5f	34074
5	1	107419996	107420922	107420484	N	NA	NA	NA	NA	NA	NA	Fam174a	199363
6	1	114697479	114699890	114698946	N	NA	NA	NA	NA	NA	NA	Fer	150702
7	1	114705757	114706856	114706325	N	NA	NA	NA	NA	NA	NA	Fer	143736
8	1	115532957	115534666	115533781	N	NA	NA	NA	NA	NA	NA	Pja2	97955
9	1	119666738	119669189	119667425	N	NA	Matr3	NA	NA	NA	NA	Matr3	3657
10	1	119912098	119913412	119912758	N	NA	Ube2d2	NA	NA	NA	NA	Ube2d2	26756
11	1	119930673	119932809	119931892	N	NA	Ube2d2	NA	NA	NA	NA	Ube2d2	7359
12	1	121052195	121053510	121052999	N	NA	NA	NA	NA	NA	NA	Zmat2	104084
13	1	123626490	123627471	123626994	N	NA	NA	NA	NA	NA	NA	Nr3c1	58101
14	1	142568383	142569821	142569289	N	NA	NA	NA	NA	NA	NA	LOC144377411	1025534
15	1	144692454	144693867	144693332	N	NA	NA	NA	NA	NA	NA	Cdo1	88721
16	1	144993554	144995893	144994779	N	NA	NA	NA	NA	NA	NA	Fem1c	106983
17	1	144997400	144998716	144997936	N	NA	NA	NA	NA	NA	NA	Fem1c	110829
18	1	145491052	145493998	145491668,145493346	N,N	NA;NA	LOC144366454	NA	NA	NA	NA	LOC144366454	32620
19	1	14551868	14596100	14553640,14582997,14590653	N,N,N	NA;NA;NA	Ablim1,Fhip2a	NA	NA	NA	NA	Fhip2a	44200
20	1	151658884	151660711	151659641	N	NA	LOC144377745,Thoc3	NA	NA	NA	NA	LOC144377745	2479
21	1	151671795	151675510	151672957,151673678	N,N	NA;NA	LOC144377745,Thoc3	NA	NA	NA	NA	LOC144377745	15390
22	1	152518098	152519383	152519063	N	NA	NA	NA	NA	NA	NA	Znf354b	176652
23	1	15577427	15581936	15579170,15581194	N,N	NA;NA	Habp2,LOC144377168	NA	NA	NA	NA	Habp2	7554
24	1	171179839	171181255	171180535	N	NA	Pwwp2a	NA	NA	NA	NA	Pwwp2a	4917
25	1	178550267	178551276	178550480	N	NA	Pank3	NA	NA	NA	NA	Pank3	7731
26	1	182648675	182649868	182649302	N	NA	Cpeb4	NA	NA	NA	NA	Cpeb4	5967
27	1	182651426	182652667	182651891	N	NA	Cpeb4	NA	NA	NA	NA	Cpeb4	3168
28	1	18268900	18270629	18269581	N	NA	NA	NA	NA	NA	NA	Dusp5	79325
29	1	189757728	189759324	189758467	N	NA	LOC101964166	NA	NA	NA	NA	LOC101964166	28201
30	1	201105641	201146577	201146099	N	NA	NA	NA	NA	NA	NA	LOC144364881	5527860
31	1	206558541	206602099	206600923	N	NA	NA	NA	NA	NA	NA	Gtf2h2c	2544202
32	1	210208167	210209585	210208821	N	NA	NA	NA	NA	NA	NA	Pik3r1	122138
33	1	210349697	210350859	210349886,210350328	N,N	NA;NA	Pik3r1	NA	NA	NA	NA	Pik3r1	17974
34	1	210355206	210357001	210356196	N	NA	Pik3r1	NA	NA	NA	NA	Pik3r1	23483
35	1	210385128	210387238	210385906	N	NA	NA	NA	NA	NA	NA	Pik3r1	53405
36	1	210757066	210759639	210758094	N	NA	NA	NA	NA	NA	NA	Pik3r1	425343
37	1	211138942	211140267	211139443	N	NA	NA	NA	NA	NA	NA	Mast4	610738
38	1	212355153	212357136	212355702	N	NA	Erbin	NA	NA	NA	NA	Erbin	2909
39	1	212363547	212365350	212364401	N	NA	Erbin	NA	NA	NA	NA	Erbin	11303
40	1	212389868	212410524	212390464,212391845	N,N	NA;NA	Erbin	NA	NA	NA	NA	Erbin	37624
41	1	220492707	220493459	220493171	N	NA	NA	NA	NA	NA	NA	Map3k1	301300
42	1	224182903	224186563	224185355	N	NA	NA	NA	NA	NA	NA	Itga1,Pelo	566268
43	1	23113872	23115405	23114631	N	NA	NA	NA	NA	NA	NA	Gsto1	205766
44	1	244172370	244173191	244172841	N	NA	NA	NA	NA	NA	NA	Nipbl	114055
45	1	249229593	249233612	249231981	N	NA	LOC120885840,Selenop	NA	NA	NA	NA	LOC120885840	2255
46	1	249234919	249237692	249236264	N	NA	LOC120885840,Selenop	NA	NA	NA	NA	LOC120885840	7581
47	1	249245574	249248385	249246255	N	NA	LOC120885840	NA	NA	NA	NA	LOC120885840	18236
48	1	249250984	249253447	249252053	N	NA	LOC120885840	NA	NA	NA	NA	LOC120885840	23646
49	1	250728616	250730369	250729575	N	NA	NA	NA	NA	NA	NA	Ankh	135012
50	1	250743401	250744176	250743616	N	NA	NA	NA	NA	NA	NA	Ankh	121205
51	1	257531087	257532954	257532544	N	NA	NA	NA	NA	NA	NA	Tent4a	392026
52	1	30480948	30481829	30481217	N	NA	NA	NA	NA	NA	NA	Ccnj	104303
53	1	31600251	31603659	31601564	N	NA	LOC101964587,LOC101971054,LOC144366915	NA	NA	NA	NA	LOC101971054	7268
54	1	3484485	3487137	3485777	N	NA	NA	NA	NA	NA	NA	Mgmt	657556
55	1	3521891	3523913	3522214	N	NA	NA	NA	NA	NA	NA	Mgmt	694962
56	1	35912627	35913518	35913052	N	NA	Pank1	NA	NA	NA	NA	Pank1	6986
57	1	36432336	36433932	36432910	N	NA	NA	NA	NA	NA	NA	Ch25h	101464
58	1	44043724	44046108	44044775	N	NA	NA	NA	NA	NA	NA	LOC144375240	79535
59	1	50855484	50856763	50856117	N	NA	NA	NA	NA	NA	NA	Unc5b	57574
60	1	51047005	51047742	51047252	N	NA	Pcbd1	NA	NA	NA	NA	Pcbd1	23323
61	1	6961951	6963365	6962648	N	NA	NA	NA	NA	NA	NA	Lhpp	81110
62	1	71156949	71163411	71162150	N	NA	NA	NA	NA	NA	NA	LOC110599542	405691
63	1	71668623	71671646	71670895	N	NA	NA	NA	NA	NA	NA	LOC144366972	634891
64	1	74940323	74942199	74940809	N	NA	NA	NA	NA	NA	NA	Mapk8	505253
65	1	78075272	78078144	78075569	N	NA	NA	NA	NA	NA	NA	LOC106145160	68860
66	1	91650944	91651944	91651321	N	NA	NA	NA	NA	NA	NA	Atg10	103627
67	1	97485	99623	97817	N	NA	Cyp2e1	NA	NA	NA	NA	Cyp2e1	47592
68	1	98436315	98437006	98436686	N	NA	NA	NA	NA	NA	NA	Mblac2	594403
69	1	99746050	99747764	99746675	N	NA	NA	NA	NA	NA	NA	Arrdc3	80072
70	10	103701666	103703715	103702371	N	NA	NA	NA	NA	NA	NA	Fam20c	103914
71	10	107285178	107288532	107286916	N	NA	NA	NA	NA	NA	NA	Ap5z1	91457
72	10	107342319	107343935	107343402	N	NA	NA	NA	NA	NA	NA	Ap5z1	148598
73	10	109180798	109184267	109181429	N	NA	Eif2ak1,Usp42	NA	NA	NA	NA	Eif2ak1	13359
74	10	109734746	109748173	109736064,109738711	N,N	NA;NA	Baiap2l1	NA	NA	NA	NA	Baiap2l1	8900
75	10	111011770	111013071	111012521	N	NA	LOC101975676	NA	NA	NA	NA	LOC101975676	35106
76	10	11385252	11387611	11386309	N	NA	NA	NA	NA	NA	NA	Ralgps2	74903
77	10	11396507	11397914	11397261	N	NA	NA	NA	NA	NA	NA	Ralgps2	64600
78	10	117453038	117453887	117453575	N	NA	Rhbdd2	NA	NA	NA	NA	Rhbdd2	26037
79	10	118385936	118386779	118386521	N	NA	Rfc2	NA	NA	NA	NA	Rfc2	31905
80	10	134095647	134098698	134097178	N	NA	Mrtfb	NA	NA	NA	NA	Mrtfb	38956
81	10	14143154	14145105	14144229	N	NA	NA	NA	NA	NA	NA	Glul	203247
82	10	14185736	14188365	14186668	N	NA	NA	NA	NA	NA	NA	Glul	159987
83	10	142651959	142653377	142652695	N	NA	Hapstr1	NA	NA	NA	NA	Hapstr1	19620
84	10	142668103	142669971	142668868	N	NA	Hapstr1	NA	NA	NA	NA	Hapstr1	3026
85	10	144279144	144279981	144279472	N	NA	Litaf	NA	NA	NA	NA	Litaf	3960
86	10	144283833	144285496	144284726	N	NA	Litaf	NA	NA	NA	NA	Litaf	8649
87	10	28884982	28886235	28885718	N	NA	NA	NA	NA	NA	NA	Nr5a2	154690
88	10	28911495	28914117	28913362	N	NA	NA	NA	NA	NA	NA	Znf281	143389
89	10	28954815	28967971	28966983	N	NA	NA	NA	NA	NA	NA	Znf281	89535
90	10	29144069	29145818	29145278	N	NA	NA	NA	NA	NA	NA	Znf281	86563
91	10	31604901	31606238	31605572	N	NA	Btg2,LOC144367171	NA	NA	NA	NA	LOC144367171	9415
92	10	31612303	31615217	31614038	N	NA	Btg2,LOC144367171	NA	NA	NA	NA	Btg2	12374
93	10	33886825	33897621	33888753,33893088,33896941	N,N,N	NA;NA;NA	Cdk18	NA	NA	NA	NA	Cdk18	5891
94	10	36111037	36113098	36112412	N	NA	Plxna2	NA	NA	NA	NA	Plxna2	6573
95	10	39328679	39330079	39329448	N	NA	NA	NA	NA	NA	NA	Lpgat1	66104
96	10	39885396	39886819	39886137	N	NA	Atf3,LOC120887290	NA	NA	NA	NA	Atf3	21290
97	10	47888611	47889413	47889229	N	NA	NA	NA	NA	NA	NA	Dusp10	65935
98	10	62167389	62169016	62168150	N	NA	NA	NA	NA	NA	NA	LOC144367297	108544
99	10	62180757	62190424	62181937,62184653,62187443,62188503	N,N,N,N	NA;NA;NA;NA	NA	NA	NA	NA	NA	LOC144367297	121912
100	10	62291087	62293036	62291932	N	NA	NA	NA	NA	NA	NA	Tomm20	115102
101	10	62294494	62301312	62296669,62300160	N,N	NA;NA	NA	NA	NA	NA	NA	Tomm20	106826
102	10	62308057	62311251	62310290	N	NA	NA	NA	NA	NA	NA	Tomm20	96887
103	10	62329689	62331923	62330782	N	NA	NA	NA	NA	NA	NA	Tomm20	76215
104	10	62368406	62373925	62370496,62372870	N,N	NA;NA	Tomm20	NA	NA	NA	NA	Tomm20	34213
105	10	70229905	70231097	70230336	N	NA	Akr1e2	NA	NA	NA	NA	Akr1e2	16909
106	10	71211994	71213107	71212481	N	NA	Rbm17	NA	NA	NA	NA	Rbm17	25773
107	10	71468756	71470365	71469510	N	NA	NA	NA	NA	NA	NA	Pfkfb3	129584
108	10	72389458	72390374	72389959	N	NA	Sfmbt2	NA	NA	NA	NA	Sfmbt2	10589
109	10	76129776	76131290	76130854	N	NA	Echdc3,Usp6nl	NA	NA	NA	NA	Usp6nl	46736
110	10	76165052	76167298	76166258	N	NA	Echdc3	NA	NA	NA	NA	Echdc3	13383
111	10	78937142	78938322	78937739	N	NA	NA	NA	NA	NA	NA	Thnsl1	55861
112	10	81350886	81352595	81351663	N	NA	NA	NA	NA	NA	NA	Commd3	50610
113	10	81952290	81955644	81953512,81955302	N,N	NA;NA	Mllt10,Skida1	NA	NA	NA	NA	Skida1	5052
114	10	86316589	86318010	86317470	N	NA	Pter	NA	NA	NA	NA	Pter	15624
115	10	88904446	88906055	88905995	N	NA	NA	NA	NA	NA	NA	Fzd8	206499
116	10	92194194	92195368	92194915	N	NA	Kif5b	NA	NA	NA	NA	Kif5b	4817
117	10	93479669	93480463	93480350	N	NA	NA	NA	NA	NA	NA	Znf438	225491
118	10	98952269	98975339	98957251,98970556,98974934	N,N,N	NA;NA;NA	NA	NA	NA	NA	NA	Mcm10	728897
119	11	102905496	102906319	102905821	N	NA	Gstm4,LOC101959378,LOC101959659,LOC101960145,LOC101975766,LOC144368232	NA	NA	NA	NA	LOC101959659	3495
120	11	104605362	104606373	104605932	N	NA	NA	NA	NA	NA	NA	LOC110599414	74328
121	11	104608106	104609925	104609064	N	NA	NA	NA	NA	NA	NA	LOC110599414	70776
122	11	106085491	106086835	106085752	N	NA	LOC144368263	NA	NA	NA	NA	LOC144368263	29575
123	11	106097049	106098991	106097862	N	NA	LOC144368263,LOC144368264	NA	NA	NA	NA	LOC144368263	17419
124	11	12200814	12203302	12202118	N	NA	Iffo2,LOC144367912	NA	NA	NA	NA	LOC144367912	32203
125	11	13199153	13199981	13199347	N	NA	NA	NA	NA	NA	NA	Camk2n1	215885
126	11	13203549	13215090	13204621,13214496	N,N	NA;NA	NA	NA	NA	NA	NA	Camk2n1	200776
127	11	132819133	132820414	132819390	N	NA	Bcl9,LOC144368549	NA	NA	NA	NA	LOC144368549	9939
128	11	15692793	15694250	15693691	N	NA	Id3	NA	NA	NA	NA	Id3	2339
129	11	17996733	18000092	17997844,17999354	N,N	NA;NA	NA	NA	NA	NA	NA	Rps6ka1	65405
130	11	22700801	22702313	22701641	N	NA	Ak2,LOC120890702	NA	NA	NA	NA	Ak2	3921
131	11	2855610	2856782	2856146	N	NA	NA	NA	NA	NA	NA	Rpl22	539643
132	11	2878262	2880502	2879644	N	NA	NA	NA	NA	NA	NA	Rpl22	515923
133	11	2884558	2886766	2885260	N	NA	NA	NA	NA	NA	NA	Rpl22	509659
134	11	39560096	39562781	39561145,39561507	N,N	NA;NA	Coa7,Zyg11b	NA	NA	NA	NA	Coa7	3971
135	11	39565977	39567540	39566890	N	NA	Coa7,Zyg11b	NA	NA	NA	NA	Coa7	9852
136	11	41117444	41119085	41118073	N	NA	NA	NA	NA	NA	NA	Pars2	207089
137	11	41433292	41435293	41434466	N	NA	Dhcr24	NA	NA	NA	NA	Dhcr24	13931
138	11	42708682	42713583	42709720,42711159	N,N	NA;NA	NA	NA	NA	NA	NA	Plpp3	147325
139	11	42750753	42755837	42753808,42754984	N,N	NA;NA	NA	NA	NA	NA	NA	Plpp3	105071
140	11	4793096	4810455	4793933,4794656,4796590,4809409	N,N,N,N	NA;NA;NA;NA	LOC144367845	NA	NA	NA	NA	LOC144367845	26429
141	11	51349978	51351282	51350487	N	NA	NA	NA	NA	NA	NA	Lepr	196621
142	11	52971963	52974530	52973165	N	NA	NA	NA	NA	NA	NA	Serbp1	104768
143	11	53000595	53003467	53002732	N	NA	NA	NA	NA	NA	NA	Gadd45a	76174
144	11	68793374	68793887	68793725	N	NA	NA	NA	NA	NA	NA	Bcl10	304464
145	11	70600354	70602067	70601356	N	NA	NA	NA	NA	NA	NA	Lmo4	96618
146	11	77497478	77499244	77498017	N	NA	Abcd3	NA	NA	NA	NA	Abcd3	35861
147	11	96052810	96080761	96053096	N	NA	NA	NA	NA	NA	NA	LOC101957588	230550
148	12	105633899	105638254	105637575	N	NA	Apob	NA	NA	NA	NA	Apob	2453
149	12	106815340	106827009	106815917	N	NA	NA	NA	NA	NA	NA	Ttc32	224153
150	12	106833953	106836255	106834889	N	NA	NA	NA	NA	NA	NA	Ttc32	242766
151	12	106868405	106871202	106869734	N	NA	NA	NA	NA	NA	NA	Ttc32	277218
152	12	106872485	106873827	106873145	N	NA	NA	NA	NA	NA	NA	Ttc32	281298
153	12	115554395	115565970	115561573,115565201	N,N	NA;NA	NA	NA	NA	NA	NA	LOC144369475	148429
154	12	115695551	115697550	115696400	N	NA	NA	NA	NA	NA	NA	LOC144369475	289585
155	12	117057951	117072107	117058942,117060280,117065191,117069135	N,N,N,N	NA;NA;NA;NA	NA	NA	NA	NA	NA	Cmpk2	412546
156	12	119815309	119817320	119816377	N	NA	NA	NA	NA	NA	NA	Acp1	182388
157	12	119835793	119837546	119836873	N	NA	NA	NA	NA	NA	NA	Acp1	162162
158	12	119842214	119843989	119843085	N	NA	NA	NA	NA	NA	NA	Acp1	155719
159	12	12459730	12461310	12460357	N	NA	NA	NA	NA	NA	NA	LOC144369031	222761
160	12	1288494	1291417	1290170	N	NA	Fabp1,Thnsl2	NA	NA	NA	NA	Fabp1	13634
161	12	1674622	1676991	1675853	N	NA	Kdm3a	NA	NA	NA	NA	Kdm3a	11206
162	12	1977895	1981858	1978151	N	NA	St3gal5	NA	NA	NA	NA	St3gal5	42560
163	12	1989796	1991742	1990896	N	NA	St3gal5	NA	NA	NA	NA	St3gal5	32676
164	12	2124501	2128811	2126244,2128050	N,N	NA;NA	NA	NA	NA	NA	NA	Usp39	97432
165	12	41369598	41371261	41370481	N	NA	NA	NA	NA	NA	NA	Nck2	136682
166	12	44468943	44470444	44469480	N	NA	Il1r1	NA	NA	NA	NA	Il1r1	44901
167	12	44473679	44475085	44474570	N	NA	Il1r1	NA	NA	NA	NA	Il1r1	49637
168	12	44494686	44496160	44495602	N	NA	NA	NA	NA	NA	NA	Il1r1	70644
169	12	66689638	66691038	66690394	N	NA	Etaa1	NA	NA	NA	NA	Etaa1	37329
170	12	68712612	68713994	68713271	N	NA	Rab1a	NA	NA	NA	NA	Rab1a	4152
171	12	70938572	70940648	70939720	N	NA	LOC120884889	NA	NA	NA	NA	LOC120884889	19138
172	12	71477723	71479592	71478439	N	NA	NA	NA	NA	NA	NA	Cct4	114387
173	12	78006043	78009509	78006375	N	NA	NA	NA	NA	NA	NA	Psme4	113914
174	12	83093543	83095189	83094514	N	NA	NA	NA	NA	NA	NA	Foxn2	161083
175	12	86507687	86509137	86508666	N	NA	NA	NA	NA	NA	NA	Ppm1b	53419
176	12	86514662	86516955	86515562	N	NA	NA	NA	NA	NA	NA	Ppm1b	60394
177	12	86531290	86534131	86532800	N	NA	NA	NA	NA	NA	NA	Lrpprc	69192
178	12	86540952	86542408	86541934	N	NA	NA	NA	NA	NA	NA	Lrpprc	60915
179	12	98067187	98068034	98067636	N	NA	Lbh	NA	NA	NA	NA	Lbh	4974
180	13	13365135	13368402	13365912	N	NA	Zcchc2	NA	NA	NA	NA	Zcchc2	10520
181	13	13372894	13375630	13374161	N	NA	Zcchc2	NA	NA	NA	NA	Zcchc2	18279
182	13	13380812	13385135	13381546	N	NA	Zcchc2	NA	NA	NA	NA	Zcchc2	26197
183	13	13420697	13422365	13421673	N	NA	NA	NA	NA	NA	NA	Zcchc2	66082
184	13	17388152	17402825	17390384,17396051	N,N	NA;NA	Onecut2	NA	NA	NA	NA	Onecut2	5733
185	13	23809795	23826027	23822207,23823971	N,N	NA;NA	NA	NA	NA	NA	NA	Acaa2	73446
186	13	23856376	23868554	23858631,23862285,23867504	N,N,N	NA;NA;NA	NA	NA	NA	NA	NA	Lipg	52836
187	13	2663197	2667518	2666353	N	NA	NA	NA	NA	NA	NA	LOC110599018	348941
188	13	2688116	2692382	2689540	N	NA	NA	NA	NA	NA	NA	LOC110599018	373860
189	13	28087676	28088922	28088250	N	NA	NA	NA	NA	NA	NA	Epg5	1203853
190	13	33504588	33505879	33505168	N	NA	NA	NA	NA	NA	NA	Kiaa1328	1142120
191	13	38653020	38656230	38655057	N	NA	Rnf125	NA	NA	NA	NA	Rnf125	19178
192	13	4287085	4290547	4288178	N	NA	Timm21	NA	NA	NA	NA	Timm21	28591
193	13	47254968	47256209	47255034	N	NA	NA	NA	NA	NA	NA	LOC120886246	102457
194	13	48501731	48505637	48504924	N	NA	NA	NA	NA	NA	NA	Thoc1	125190
195	13	89233240	89234345	89233767	N	NA	Ppp4r1	NA	NA	NA	NA	Ppp4r1	40051
196	13	91104469	91109878	91105372,91108210	N,N	NA;NA	Fbp1,Fbp2	NA	NA	NA	NA	Fbp1	14486
197	13	91131485	91133345	91133017	N	NA	Aopep,Fbp1	NA	NA	NA	NA	Fbp1	41502
198	13	97858711	97860879	97859850	N	NA	NA	NA	NA	NA	NA	LOC120886504	60911
199	13	97981639	97987716	97984134,97986809	N,N	NA;NA	NA	NA	NA	NA	NA	LOC120886504	183839
200	13	98102338	98103390	98103060	N	NA	NA	NA	NA	NA	NA	LOC120886504	304538
201	13	98932470	98934649	98932996	N	NA	NA	NA	NA	NA	NA	LOC144370071	104643
202	13	98969496	98973719	98972597	N	NA	NA	NA	NA	NA	NA	LOC144370071	65573
203	14	10443785	10456783	10453452,10455739	N,N	NA;NA	NA	NA	NA	NA	NA	Kctd9	93852
204	14	18204543	18204821	18204715	N	NA	Tmem192	NA	NA	NA	NA	Tmem192	7120
205	14	33605273	33606768	33605923	N	NA	NA	NA	NA	NA	NA	Irf2	204282
206	14	34119322	34121029	34119999	N	NA	Acsl1	NA	NA	NA	NA	Acsl1	26771
207	14	34146618	34149407	34147930	N	NA	NA	NA	NA	NA	NA	Acsl1	54067
208	14	39059280	39061465	39060580	N	NA	NA	NA	NA	NA	NA	LOC110598706	137071
209	14	39083529	39085133	39084310	N	NA	NA	NA	NA	NA	NA	LOC110598706	113403
210	14	39098894	39100343	39099559	N	NA	NA	NA	NA	NA	NA	LOC110598706	98193
211	14	51648119	51649503	51648922	N	NA	NA	NA	NA	NA	NA	LOC144370405	113881
212	14	5698416	5700112	5698821	N	NA	NA	NA	NA	NA	NA	LOC120892046	74869
213	14	64902769	64905150	64903859	N	NA	Tcim	NA	NA	NA	NA	Tcim	35672
214	14	65058260	65059613	65059165	N	NA	NA	NA	NA	NA	NA	Tcim	191163
215	14	70353662	70354729	70354480	N	NA	NA	NA	NA	NA	NA	Ppp1r3b	68841
216	14	70441986	70444381	70443139	N	NA	NA	NA	NA	NA	NA	Ppp1r3b	157165
217	14	7324481	7325886	7324812	N	NA	Kif13b	NA	NA	NA	NA	Kif13b	12560
218	14	9924461	9925962	9924891	N	NA	Ppp2r2a	NA	NA	NA	NA	Ppp2r2a	8830
219	15	19220001	19222526	19221796	N	NA	Cebpa,LOC120888030,Lrp3	NA	NA	NA	NA	Lrp3	41555
220	15	30626554	30644288	30627472,30631101	N,N	NA;NA	LOC144371065	NA	NA	NA	NA	LOC144371065	22860
221	15	30669235	30670652	30669959	N	NA	NA	NA	NA	NA	NA	LOC144371065	65541
222	15	36743284	36760746	36743864,36749895,36758128	N,N,N	NA;NA;NA	Got2,Slc38a7	NA	NA	NA	NA	Got2	8585
223	15	48460747	48466313	48461945,48464904	N,N	NA;NA	LOC120887963,Marveld3,Tat	NA	NA	NA	NA	Tat	3647
224	15	48539666	48542138	48540340	N	NA	Znf23	NA	NA	NA	NA	Znf23	18601
225	15	50662138	50663649	50662878	N	NA	NA	NA	NA	NA	NA	Terf2ip	63176
226	15	53804902	53813705	53805371	N	NA	LOC106145435	NA	NA	NA	NA	LOC106145435	3025
227	15	53940089	53942326	53941240	N	NA	NA	NA	NA	NA	NA	LOC106145435	138212
228	15	54360444	54362106	54361252	N	NA	NA	NA	NA	NA	NA	Cdyl2	410515
229	15	54366550	54367924	54367226	N	NA	NA	NA	NA	NA	NA	Cdyl2	404697
230	15	55684434	55687650	55685853	N	NA	Hsd17b2,Sdr42e1	NA	NA	NA	NA	Hsd17b2	6712
231	15	9952713	9954593	9953915	N	NA	NA	NA	NA	NA	NA	Ppp5c	198632
232	16	37099404	37110612	37106994,37109007	N,N	NA;NA	NA	NA	NA	NA	NA	Acad9	57056
233	16	42647224	42648662	42647519	N	NA	NA	NA	NA	NA	NA	Srgap3	1010246
234	16	50890714	50892495	50891576	N	NA	NA	NA	NA	NA	NA	Ppp4r2	464125
235	16	51853114	51856918	51853680	N	NA	NA	NA	NA	NA	NA	LOC144371188	234815
236	16	51957567	51958511	51958166	N	NA	NA	NA	NA	NA	NA	LOC110598950	223568
237	16	52132293	52145411	52143725	N	NA	Foxp1,LOC110598950	NA	NA	NA	NA	LOC110598950	36668
238	16	6192436	6193857	6193005	N	NA	NA	NA	NA	NA	NA	LOC144371476	8921339
239	2	120919853	120920735	120920290	N	NA	NA	NA	NA	NA	NA	Mtmr3	1295549
240	2	120926354	120927671	120926726	N	NA	NA	NA	NA	NA	NA	Mtmr3	1302050
241	2	136495533	136506899	136495698	N	NA	Cdk13,LOC101976113	NA	NA	NA	NA	Cdk13	10299
242	2	148559983	148581584	148580177	N	NA	NA	NA	NA	NA	NA	Snx10	178920
243	2	148587259	148589061	148588198	N	NA	NA	NA	NA	NA	NA	Snx10	171443
244	2	150338215	150339168	150338853	N	NA	Pals2	NA	NA	NA	NA	Pals2	48696
245	2	150382495	150384844	150382832	N	NA	NA	NA	NA	NA	NA	Pals2	92976
246	2	176549700	176552233	176550980	N	NA	LOC144375409,Sypl1	NA	NA	NA	NA	Sypl1	48362
247	2	176871752	176873772	176873171	N	NA	NA	NA	NA	NA	NA	Ccdc71l	149171
248	2	182685937	182687707	182686675	N	NA	Wasl	NA	NA	NA	NA	Wasl	34435
249	2	1900919	1901838	1901503	N	NA	Gna11,Tle5	NA	NA	NA	NA	Gna11	9723
250	2	19766310	19768888	19766771	N	NA	NA	NA	NA	NA	NA	Cyp8b1	145487
251	2	198362474	198364443	198363339	N	NA	Slc25a13	NA	NA	NA	NA	Slc25a13	4382
252	2	199025908	199029236	199028030	N	NA	Pdk4	NA	NA	NA	NA	Pdk4	10961
253	2	22124800	22126717	22125844	N	NA	LOC144369767	NA	NA	NA	NA	LOC144369767	6864
254	2	225686369	225689418	225687174,225687868	N,N	NA;NA	NA	NA	NA	NA	NA	Abcb8	150599
255	2	227041029	227046273	227041881	N	NA	NA	NA	NA	NA	NA	Cct8l2	71257
256	2	229071635	229075026	229073294	N	NA	NA	NA	NA	NA	NA	Rbm33	259390
257	2	229090658	229093954	229092865	N	NA	NA	NA	NA	NA	NA	Rbm33	240462
258	2	229094710	229096874	229096112	N	NA	NA	NA	NA	NA	NA	Rbm33	237542
259	2	230345490	230347746	230345986	N	NA	Lmbr1,Nom1	NA	NA	NA	NA	Nom1	16885
260	2	232522265	232524854	232523844	N	NA	NA	NA	NA	NA	NA	Dync2i1	591476
261	2	37030560	37031459	37031151	N	NA	NA	NA	NA	NA	NA	LOC101971161	289606
262	2	39410992	39411304	39411067,39411139	N,N	NA;NA	Kat2b	NA	NA	NA	NA	Kat2b	14968
263	2	42105609	42106715	42105844	N	NA	Plcl2	NA	NA	NA	NA	Plcl2	44244
264	2	47779851	47781317	47780818	N	NA	Rft1	NA	NA	NA	NA	Rft1	29225
265	2	56193172	56194293	56193824	N	NA	Magi1	NA	NA	NA	NA	Magi1	12852
266	2	56204126	56209167	56205406,56207473	N,N	NA;NA	Magi1	NA	NA	NA	NA	Magi1	23806
267	2	56720381	56722050	56720930	N	NA	NA	NA	NA	NA	NA	Lrig1	99807
268	2	58674901	58676552	58675716	N	NA	NA	NA	NA	NA	NA	LOC144375090	506104
269	2	58775290	58888047	58776199,58778154,58785208,58797851,58816419	N,N,N,N,N	NA;NA;NA;NA;NA	NA	NA	NA	NA	NA	LOC144375090	606493
270	2	68524547	68526260	68525301	N	NA	NA	NA	NA	NA	NA	LOC144375136	299439
271	2	68538289	68541052	68539603	N	NA	NA	NA	NA	NA	NA	LOC144375136	284647
272	2	74519130	74520426	74519892	N	NA	NA	NA	NA	NA	NA	Bcr	201135
273	2	82819267	82825463	82819780	N	NA	Pebp1,Trafd1	NA	NA	NA	NA	Trafd1	8118
274	2	84062364	84090151	84063718	N	NA	LOC101963847	NA	NA	NA	NA	LOC101963847	32294
275	2	87454780	87461219	87458127,87460098	N,N	NA;NA	NA	NA	NA	NA	NA	LOC120891715	220925
276	2	88648884	88650659	88649280	N	NA	NA	NA	NA	NA	NA	Spring1	155994
277	2	90730239	90731726	90730609	N	NA	Cux2	NA	NA	NA	NA	Cux2	23153
278	2	90838236	90839543	90838925	N	NA	LOC144375238,Ppp1cc	NA	NA	NA	NA	LOC144375238	40889
279	2	90993496	90995206	90994426	N	NA	Pptc7	NA	NA	NA	NA	Pptc7	5904
280	2	96031093	96035507	96032557	N	NA	NA	NA	NA	NA	NA	Aacs	1877387
281	3	100373228	100374208	100373658	N	NA	NA	NA	NA	NA	NA	Mbnl1	82212
282	3	100478445	100480398	100479601	N	NA	NA	NA	NA	NA	NA	Mbnl1	187429
283	3	100507797	100508883	100508361	N	NA	NA	NA	NA	NA	NA	Mbnl1	216781
284	3	100601833	100603434	100602946	N	NA	NA	NA	NA	NA	NA	Mbnl1	310817
285	3	102214510	102215853	102215339	N	NA	NA	NA	NA	NA	NA	Tsc22d2	108534
286	3	102220619	102222054	102220979	N	NA	NA	NA	NA	NA	NA	Tsc22d2	114643
287	3	102230818	102232830	102231957	N	NA	NA	NA	NA	NA	NA	Tsc22d2	124842
288	3	10703514	10704772	10703980	N	NA	NA	NA	NA	NA	NA	Abca5	54612
289	3	121653829	121654737	121654219	N	NA	NA	NA	NA	NA	NA	Tbl1xr1	175715
290	3	121723252	121724425	121723749	N	NA	NA	NA	NA	NA	NA	Tbl1xr1	245138
291	3	121727605	121730649	121729521	N	NA	NA	NA	NA	NA	NA	Tbl1xr1	249491
292	3	121908437	121918314	121909802	N	NA	NA	NA	NA	NA	NA	Tbl1xr1	430323
293	3	12617518	12618687	12617720	N	NA	Apoh,Prkca	NA	NA	NA	NA	Apoh	4956
294	3	12620937	12622117	12621675	N	NA	Apoh,Prkca	NA	NA	NA	NA	Apoh	8375
295	3	139702179	139766636	139765326	N	NA	NA	NA	NA	NA	NA	LOC144375737	190297
296	3	145797645	145798626	145798321	N	NA	Dtx3l,Parp9	NA	NA	NA	NA	Dtx3l	46112
297	3	159215053	159219363	159216114	N	NA	NA	NA	NA	NA	NA	Bbx	84307
298	3	162654204	162655916	162655192	N	NA	NA	NA	NA	NA	NA	Alcam	715210
299	3	164609703	164610668	164610530	N	NA	NA	NA	NA	NA	NA	LOC101970390	379717
300	3	171147401	171149034	171148226	N	NA	NA	NA	NA	NA	NA	Nsun3	412452
301	3	176374176	176376189	176375173	N	NA	NA	NA	NA	NA	NA	C3H3orf38	2768887
302	3	190464325	190466223	190465601	N	NA	NA	NA	NA	NA	NA	Nrip1	157177
303	3	19213319	19215313	19214324	N	NA	NA	NA	NA	NA	NA	Arl4d	57610
304	3	19223592	19225743	19224725	N	NA	Arl4d	NA	NA	NA	NA	Arl4d	47180
305	3	19229507	19230781	19230254	N	NA	Arl4d	NA	NA	NA	NA	Arl4d	42142
306	3	192590084	192591512	192590630	N	NA	NA	NA	NA	NA	NA	Btg3	106246
307	3	19591283	19593324	19592575	N	NA	G6pc1,LOC144375601,LOC144375602,LOC144375611	NA	NA	NA	NA	G6pc1	2499
308	3	196466210	196468219	196467251	N	NA	NA	NA	NA	NA	NA	Mrpl39	2803161
309	3	201467403	201469141	201467808	N	NA	NA	NA	NA	NA	NA	Hemk2	513047
310	3	202144820	202146276	202145791	N	NA	Cct8	NA	NA	NA	NA	Cct8	12520
311	3	204662563	204664544	204664023	N	NA	NA	NA	NA	NA	NA	Sod1	63013
312	3	204665658	204673536	204671983	N	NA	NA	NA	NA	NA	NA	Sod1	54021
313	3	204674819	204686456	204676787,204679001	N,N	NA;NA	Sod1	NA	NA	NA	NA	Sod1	41101
314	3	204687143	204699426	204688396	N	NA	Sod1	NA	NA	NA	NA	Sod1	28131
315	3	208867314	208869603	208868431	N	NA	NA	NA	NA	NA	NA	Cldn14	58723
316	3	214153453	214165152	214162440	N	NA	NA	NA	NA	NA	NA	Rrp1b	136267
317	3	214171864	214176059	214173652	N	NA	NA	NA	NA	NA	NA	Rrp1b	125360
318	3	26256493	26286387	26278832,26281816,26285070	N,N,N	NA;NA;NA	LOC101975192,LOC110597783,Tob1	NA	NA	NA	NA	Tob1	5631
319	3	29772383	29775672	29774675	N	NA	Hlf,LOC144376076	NA	NA	NA	NA	Hlf	20871
320	3	39785187	39786269	39785851	N	NA	Psmd11	NA	NA	NA	NA	Psmd11	8244
321	3	46760993	46764918	46763877	N	NA	NA	NA	NA	NA	NA	LOC101959994	291494
322	3	46825161	46830278	46828333	N	NA	NA	NA	NA	NA	NA	LOC101959994	355662
323	3	46858022	46860620	46859330	N	NA	NA	NA	NA	NA	NA	LOC101959994	388523
324	3	48406997	48408355	48408070	N	NA	Ube2g1	NA	NA	NA	NA	Ube2g1	27721
325	3	61077240	61081698	61081157	N	NA	NA	NA	NA	NA	NA	Ulk2	252650
326	3	64113451	64115029	64114381	N	NA	NA	NA	NA	NA	NA	Map2k3	76383
327	3	70640336	70643216	70641582	N	NA	NA	NA	NA	NA	NA	LOC101966410	253605
328	3	72826529	72827435	72826979	N	NA	NA	NA	NA	NA	NA	LOC120892872	792026
329	3	72841490	72843611	72842685	N	NA	NA	NA	NA	NA	NA	LOC120892872	806987
330	3	79738074	79739539	79738923	N	NA	Acp3	NA	NA	NA	NA	Acp3	31516
331	3	9074402	9076035	9075217	N	NA	NA	NA	NA	NA	NA	LOC144375991	336536
332	3	94402607	94404506	94403829	N	NA	Tm4sf1	NA	NA	NA	NA	Tm4sf1	41559
333	3	94522134	94522769	94522284	N	NA	Tm4sf4	NA	NA	NA	NA	Tm4sf4	3616
334	3	99173137	99175123	99173999	N	NA	NA	NA	NA	NA	NA	Dhx36	415286
335	4	101441189	101442549	101441879	N	NA	NA	NA	NA	NA	NA	Mpzl2	183492
336	4	103319068	103321186	103320369	N	NA	LOC144377210,Oaf	NA	NA	NA	NA	LOC144377210	23557
337	4	139405116	139406440	139405819	N	NA	NA	NA	NA	NA	NA	Zfand5	169498
338	4	141297553	141363288	141307021,141321240,141323804,141331497,141336754,141340671,141348434,141358444,141362075	N,N,N,N,N,N,N,N,N	NA;NA;NA;NA;NA;NA;NA;NA;NA	Klf9	NA	NA	NA	NA	Klf9	32541
339	4	149761582	149763077	149762335	N	NA	Gldc	NA	NA	NA	NA	Gldc	33305
340	4	162836256	162879777	162868902,162876717	N,N	NA;NA	NA	NA	NA	NA	NA	Mtap	234065
341	4	176880110	176884529	176882306,176883938	N,N	NA;NA	NA	NA	NA	NA	NA	LOC144377313	180546
342	4	177392129	177393851	177392955	N	NA	NA	NA	NA	NA	NA	Xpa	85102
343	4	183453843	183455044	183454268	N	NA	Abca1	NA	NA	NA	NA	Abca1	32202
344	4	183475308	183477328	183476367	N	NA	NA	NA	NA	NA	NA	Abca1	53667
345	4	185291857	185298892	185297459	N	NA	Rad23b	NA	NA	NA	NA	Rad23b	40712
346	4	187232509	187234369	187233288	N	NA	NA	NA	NA	NA	NA	Epb41l4b	227396
347	4	189188594	189193658	189192580	N	NA	NA	NA	NA	NA	NA	Ugcg	120213
348	4	191400869	191403292	191402058	N	NA	NA	NA	NA	NA	NA	Tmem268	57595
349	4	191411597	191412932	191412212	N	NA	NA	NA	NA	NA	NA	Tmem268	68323
350	4	205573141	205575247	205574380	N	NA	Prrc2b	NA	NA	NA	NA	Prrc2b	13858
351	4	206819214	206820494	206819796	N	NA	LOC120889933,Tsc1	NA	NA	NA	NA	Tsc1	15321
352	4	207515226	207516684	207515595	N	NA	NA	NA	NA	NA	NA	Brd3	79334
353	4	207715070	207721579	207719549	N	NA	Rxra	NA	NA	NA	NA	Rxra	39942
354	4	210603720	210605235	210604339	N	NA	LOC144377480	NA	NA	NA	NA	LOC144377480	47109
355	4	30249419	30252824	30250578	N	NA	Abtb2,Cat	NA	NA	NA	NA	Cat	24602
356	4	30768407	30770103	30769281	N	NA	Fbxo3	NA	NA	NA	NA	Fbxo3	15896
357	4	30782108	30783894	30782843	N	NA	Cd59,Fbxo3	NA	NA	NA	NA	Fbxo3	2105
358	4	4378340	4382322	4380750	N	NA	NA	NA	NA	NA	NA	Cttn	195112
359	4	52488499	52490745	52489409	N	NA	Ipo7,LOC106144938,Tmem41b	NA	NA	NA	NA	Ipo7	19781
360	4	55958096	55979070	55978032	N	NA	NA	NA	NA	NA	NA	Mrpl17	682944
361	4	59977139	59978400	59977829	N	NA	NA	NA	NA	NA	NA	Trim21	63844
362	4	63436604	63437999	63437140	N	NA	Arrb1,Rps3	NA	NA	NA	NA	Arrb1	9505
363	4	64659971	64662672	64661760	N	NA	NA	NA	NA	NA	NA	Acer3	76825
364	4	64664918	64667955	64665802	N	NA	NA	NA	NA	NA	NA	Acer3	71542
365	4	83968137	83969121	83968536	N	NA	NA	NA	NA	NA	NA	Jrkl	1572285
366	4	87181033	87182510	87181633	N	NA	Birc3	NA	NA	NA	NA	Birc3	47216
367	4	87509964	87512478	87511171	N	NA	NA	NA	NA	NA	NA	LOC101958300	252130
368	4	9333123	9334199	9333663	N	NA	LOC101978269	NA	NA	NA	NA	LOC101978269	9962
369	4	97390986	97393650	97391876	N	NA	Zbtb16	NA	NA	NA	NA	Zbtb16	19970
370	5	106424112	106426209	106425032	N	NA	NA	NA	NA	NA	NA	Galc	2520644
371	5	110385675	110387121	110386706	N	NA	Foxn3	NA	NA	NA	NA	Foxn3	33530
372	5	114258070	114259375	114258507	N	NA	LOC144377571,LOC144377928,LOC144377929	NA	NA	NA	NA	LOC144377928	3326
373	5	114761346	114772121	114762300,114763665,114765264,114768149	N,N,N,N	NA;NA;NA;NA	NA	NA	NA	NA	NA	LOC101960548	195335
374	5	119144966	119146051	119145727	N	NA	LOC144377948,Yy1	NA	NA	NA	NA	Yy1	44309
375	5	119155325	119157173	119156067	N	NA	LOC144377948,Yy1	NA	NA	NA	NA	Yy1	33187
376	5	120437812	120440250	120439817	N	NA	NA	NA	NA	NA	NA	LOC144377954	74726
377	5	120446114	120446868	120446652	N	NA	NA	NA	NA	NA	NA	LOC144377954	68108
378	5	121197533	121199917	121198884	N	NA	NA	NA	NA	NA	NA	Ppp2r5c	60366
379	5	121211567	121212532	121212171	N	NA	Ppp2r5c	NA	NA	NA	NA	Ppp2r5c	47751
380	5	136760994	136763214	136761923	N	NA	Abhd2	NA	NA	NA	NA	Abhd2	2239
381	5	141838729	141840761	141839301	N	NA	Chd2,LOC144378019	NA	NA	NA	NA	Chd2	32031
382	5	146439110	146440964	146440253	N	NA	Arrdc4	NA	NA	NA	NA	Arrdc4	48162
383	5	147731674	147733583	147732472	N	NA	NA	NA	NA	NA	NA	Mef2a	63565
384	5	151082356	151090055	151086822	N	NA	NA	NA	NA	NA	NA	LOC120886919	105816
385	5	15705656	15707960	15707136	N	NA	NA	NA	NA	NA	NA	LOC120886690	65049
386	5	15725424	15727351	15726536	N	NA	NA	NA	NA	NA	NA	LOC120886690	84817
387	5	16449611	16459664	16450051	N	NA	Smad3	NA	NA	NA	NA	Smad3	2449
388	5	16460175	16462216	16460487	N	NA	Smad3	NA	NA	NA	NA	Smad3	13013
389	5	170278976	170280619	170279839	N	NA	Shld1	NA	NA	NA	NA	Shld1	24965
390	5	170289155	170291097	170289866	N	NA	Shld1	NA	NA	NA	NA	Shld1	35144
391	5	177839712	177842905	177841230	N	NA	Ahcy,Itch	NA	NA	NA	NA	Ahcy	12439
392	5	181909906	181912464	181910906	N	NA	NA	NA	NA	NA	NA	Actr5	499460
393	5	18266553	18267791	18267087	N	NA	LOC120886319,Plekho2,Rbpms2	NA	NA	NA	NA	Plekho2	5390
394	5	1848505	1850584	1849866	N	NA	NA	NA	NA	NA	NA	LOC144377684	458826
395	5	188307338	188311404	188308362,188310814	N,N	NA;NA	LOC144378149,Pck1	NA	NA	NA	NA	Pck1	18427
396	5	192631190	192632470	192631769	N	NA	Atp9a,Sall4	NA	NA	NA	NA	Sall4	6209
397	5	193472467	193474050	193473009	N	NA	Ptpn1	NA	NA	NA	NA	Ptpn1	6335
398	5	193486764	193488586	193487439	N	NA	Ptpn1	NA	NA	NA	NA	Ptpn1	20632
399	5	193878256	193879659	193878837	N	NA	Slc9a8	NA	NA	NA	NA	Slc9a8	2650
400	5	19427822	19429197	19428287	N	NA	Usp3	NA	NA	NA	NA	Usp3	21912
401	5	194317585	194318777	194318236	N	NA	Ddx27,Stau1	NA	NA	NA	NA	Stau1	5535
402	5	194319626	194320961	194320302	N	NA	Ddx27,Stau1	NA	NA	NA	NA	Stau1	3351
403	5	194901803	194902813	194902248	N	NA	NA	NA	NA	NA	NA	LOC120886321	362600
404	5	22696192	22697345	22696729	N	NA	Bnip2	NA	NA	NA	NA	Bnip2	45412
405	5	23996126	23998087	23997366	N	NA	NA	NA	NA	NA	NA	Aqp9	104006
406	5	24108913	24110307	24109639	N	NA	Aqp9	NA	NA	NA	NA	Aqp9	6820
407	5	25209062	25214507	25213278	N	NA	Tcf12	NA	NA	NA	NA	Tcf12	17890
408	5	28632303	28634330	28632882	N	NA	NA	NA	NA	NA	NA	Onecut1	217081
409	5	28918047	28920083	28919048	N	NA	Atosa	NA	NA	NA	NA	Atosa	43764
410	5	35802899	35804371	35803711	N	NA	B2m,Spg11	NA	NA	NA	NA	B2m	9124
411	5	40811170	40813320	40812336	N	NA	NA	NA	NA	NA	NA	Fam98b	516159
412	5	49240912	49242076	49241482	N	NA	Gnpnat1	NA	NA	NA	NA	Gnpnat1	23088
413	5	5491162	5493147	5492040	N	NA	Mthfs	NA	NA	NA	NA	Mthfs	34274
414	5	62174608	62175935	62175372	N	NA	Tmem229b	NA	NA	NA	NA	Tmem229b	42571
415	5	63144582	63146445	63145569	N	NA	NA	NA	NA	NA	NA	Zfp36l1	241937
416	5	63242109	63247855	63243281	N	NA	NA	NA	NA	NA	NA	Zfp36l1	140527
417	5	63309929	63312234	63311393	N	NA	NA	NA	NA	NA	NA	Zfp36l1	76148
418	5	63330533	63332895	63331595	N	NA	NA	NA	NA	NA	NA	Zfp36l1	55487
419	5	64143057	64144982	64143863	N	NA	Susd6	NA	NA	NA	NA	Susd6	4085
420	5	64332087	64349089	64333466,64336885,64343813	N,N,N	NA;NA;NA	Slc10a1,Smoc1,Srsf5	NA	NA	NA	NA	Slc10a1	17117
421	5	64363524	64373235	64364322	N	NA	Slc10a1,Smoc1	NA	NA	NA	NA	Smoc1	18908
422	5	66005790	66007075	66006561	N	NA	Pygl	NA	NA	NA	NA	Pygl	2424
423	5	71257886	71259855	71258522	N	NA	NA	NA	NA	NA	NA	Dorip1	162068
424	5	79840321	79842021	79841356	N	NA	Baz1a	NA	NA	NA	NA	Baz1a	49396
425	5	9405077	9410822	9407292	N	NA	NA	NA	NA	NA	NA	Commd4	88630
426	5	99203417	99206466	99204143,99206123	N,N	NA;NA	NA	NA	NA	NA	NA	Angel1	68368
427	6	110136655	110138942	110138221	N	NA	NA	NA	NA	NA	NA	LOC101954843	221742
428	6	131044839	131046343	131045753	N	NA	NA	NA	NA	NA	NA	Spry2	167573
429	6	131379221	131421262	131408963,131420594	N,N	NA;NA	NA	NA	NA	NA	NA	Ndfip2	121885
430	6	133909489	133911143	133910227	N	NA	NA	NA	NA	NA	NA	Kctd12	104792
431	6	13820474	13822285	13821098	N	NA	Cry1	NA	NA	NA	NA	Cry1	8681
432	6	13823348	13825783	13824498	N	NA	Cry1	NA	NA	NA	NA	Cry1	5183
433	6	13957190	13958105	13957915	N	NA	Tmem263	NA	NA	NA	NA	Tmem263	28047
434	6	158244079	158245489	158245090	N	NA	NA	NA	NA	NA	NA	LOC101978069	179200
435	6	174376790	174378442	174377768	N	NA	NA	NA	NA	NA	NA	Uspl1	249813
436	6	174794217	174795775	174794936	N	NA	Hmgb1	NA	NA	NA	NA	Hmgb1	34606
437	6	174818714	174820403	174819781	N	NA	NA	NA	NA	NA	NA	Hmgb1	59103
438	6	175227547	175229441	175228471	N	NA	NA	NA	NA	NA	NA	Ubl3	66031
439	6	175230366	175232246	175230991	N	NA	NA	NA	NA	NA	NA	Ubl3	63226
440	6	175255485	175258582	175256850	N	NA	Ubl3	NA	NA	NA	NA	Ubl3	36890
441	6	176186762	176187760	176187134	N	NA	Slc46a3	NA	NA	NA	NA	Slc46a3	13405
442	6	176189851	176191279	176190706	N	NA	Slc46a3	NA	NA	NA	NA	Slc46a3	9886
443	6	177692071	177693364	177692874	N	NA	NA	NA	NA	NA	NA	Usp12	154994
444	6	182015359	182016562	182016011	N	NA	NA	NA	NA	NA	NA	LOC120888503	182141
445	6	187050697	187051346	187051058	N	NA	NA	NA	NA	NA	NA	Mbnl2	98548
446	6	188942408	188943527	188943024	N	NA	NA	NA	NA	NA	NA	Tm9sf2	55293
447	6	188947587	188949838	188948533	N	NA	Tm9sf2	NA	NA	NA	NA	Tm9sf2	48982
448	6	197156595	197158746	197157933	N	NA	LOC144365221	NA	NA	NA	NA	LOC144365221	49071
449	6	197161972	197167817	197166937	N	NA	LOC144365221	NA	NA	NA	NA	LOC144365221	40000
450	6	197170091	197171329	197170657	N	NA	LOC144365221	NA	NA	NA	NA	LOC144365221	36488
451	6	197802443	197804093	197803144	N	NA	LOC101976209,Naxd,Rab20	NA	NA	NA	NA	Rab20	11080
452	6	197813325	197814851	197814159	N	NA	LOC101976209,Naxd,Rab20	NA	NA	NA	NA	Naxd	11333
453	6	198373734	198376182	198375181	N	NA	NA	NA	NA	NA	NA	Arhgef7	209603
454	6	199229537	199249582	199236754,199238237	N,N	NA;NA	NA	NA	NA	NA	NA	F10	212344
455	6	25435984	25449987	25445779	N	NA	NA	NA	NA	NA	NA	LOC144378574	134187
456	6	25504795	25507545	25504801,25506327	N,N	NA;NA	NA	NA	NA	NA	NA	LOC144378574	76629
457	6	25534469	25536269	25535185	N	NA	LOC144378574	NA	NA	NA	NA	LOC144378574	47905
458	6	28723378	28724313	28723895	N	NA	Dusp6	NA	NA	NA	NA	Dusp6	30039
459	6	28977640	28979066	28978248	N	NA	NA	NA	NA	NA	NA	Dusp6	223288
460	6	33612923	33614468	33613802	N	NA	NA	NA	NA	NA	NA	Ccdc59	1121573
461	6	45666761	45687810	45687367	N	NA	Frs2	NA	NA	NA	NA	Frs2	4675
462	6	46491804	46492955	46492278	N	NA	NA	NA	NA	NA	NA	Rap1b	58485
463	6	49071702	49073188	49072619	N	NA	NA	NA	NA	NA	NA	Llph	326263
464	6	51106581	51107637	51106910	N	NA	NA	NA	NA	NA	NA	Avpr1a	51992
465	6	5402788	5405807	5404162	N	NA	NA	NA	NA	NA	NA	Poldip3	62064
466	6	54755807	54757175	54756709	N	NA	Lrig3	NA	NA	NA	NA	Lrig3	33411
467	6	55728648	55730602	55729897	N	NA	Avil,Ctdsp2	NA	NA	NA	NA	Ctdsp2	4888
468	6	56595087	56597295	56595716	N	NA	LOC144378644	NA	NA	NA	NA	LOC144378644	24966
469	6	61800249	61802662	61801593	N	NA	Sp1	NA	NA	NA	NA	Sp1	6116
470	6	61817314	61818013	61817665	N	NA	Myg1,Sp1	NA	NA	NA	NA	Sp1	23181
471	6	62120860	62123253	62121510	N	NA	Eif4b,Krt18	NA	NA	NA	NA	Eif4b	13611
472	6	67310696	67313067	67311287	N	NA	NA	NA	NA	NA	NA	Slc38a4	171840
473	6	67314635	67315751	67315280	N	NA	NA	NA	NA	NA	NA	Slc38a4	169156
474	6	67318514	67322636	67320250	N	NA	NA	NA	NA	NA	NA	Slc38a4	162271
475	6	6846730	6848307	6847676	N	NA	Ep300	NA	NA	NA	NA	Ep300	31551
476	6	6871914	6874627	6873336	N	NA	NA	NA	NA	NA	NA	Rbx1	52826
477	6	93183875	93185404	93184507	N	NA	NA	NA	NA	NA	NA	Atf7ip	164461
478	6	97631823	97633229	97632722	N	NA	NA	NA	NA	NA	NA	LOC101959030	76358
479	7	11504912	11506674	11505256	N	NA	NA	NA	NA	NA	NA	LOC110597798	507087
480	7	11510763	11512755	11511336	N	NA	NA	NA	NA	NA	NA	LOC110597798	512938
481	7	121422083	121424026	121422979	N	NA	NA	NA	NA	NA	NA	Rnd3	257020
482	7	121601004	121602112	121601424	N	NA	NA	NA	NA	NA	NA	Rnd3	78934
483	7	121737655	121738996	121738332	N	NA	NA	NA	NA	NA	NA	Rnd3	56609
484	7	12274889	12289537	12286515,12288616	N,N	NA;NA	NA	NA	NA	NA	NA	Myc	803220
485	7	139667172	139669012	139667991	N	NA	Gorasp2	NA	NA	NA	NA	Gorasp2	29483
486	7	141863921	141865852	141864721	N	NA	NA	NA	NA	NA	NA	LOC120892777	307925
487	7	141926964	141928900	141927878	N	NA	NA	NA	NA	NA	NA	LOC120892777	244877
488	7	142285830	142287129	142286637	N	NA	NA	NA	NA	NA	NA	Sp3	57775
489	7	14918779	14920592	14919332	N	NA	NA	NA	NA	NA	NA	Trib1	90674
490	7	157070118	157071678	157070651	N	NA	NA	NA	NA	NA	NA	Nabp1	145311
491	7	167724779	167726233	167725412	N	NA	Raph1	NA	NA	NA	NA	Raph1	6227
492	7	168531876	168532499	168532102	N	NA	NA	NA	NA	NA	NA	Pard3b	74781
493	7	17094323	17096727	17094925	N	NA	Zhx2	NA	NA	NA	NA	Zhx2	19822
494	7	171066223	171067760	171067011	N	NA	NA	NA	NA	NA	NA	Klf7	126317
495	7	173771578	173773296	173772225	N	NA	Cps1,Lancl1	NA	NA	NA	NA	Lancl1	30950
496	7	173790037	173791673	173790906	N	NA	Cps1,Lancl1	NA	NA	NA	NA	Cps1	15997
497	7	173796628	173802589	173798744,173800733,173802220	N,N,N	NA;NA;NA	Cps1	NA	NA	NA	NA	Cps1	5081
498	7	177955137	177956482	177955899	N	NA	Fn1	NA	NA	NA	NA	Fn1	15927
499	7	178000766	178002482	178001467	N	NA	NA	NA	NA	NA	NA	Fn1	61556
500	7	178277379	178278413	178277929	N	NA	NA	NA	NA	NA	NA	Mreg	166392
501	7	179527947	179529367	179528660	N	NA	NA	NA	NA	NA	NA	LOC144365628	388387
502	7	187255222	187256940	187256240	N	NA	NA	NA	NA	NA	NA	Rhbdd1	272194
503	7	192525519	192527126	192526663	N	NA	Atg16l1	NA	NA	NA	NA	Atg16l1	4411
504	7	193049851	193051492	193050599	N	NA	NA	NA	NA	NA	NA	Spp2	104953
505	7	195127880	195129914	195129213	N	NA	NA	NA	NA	NA	NA	Cops8	195020
506	7	195313719	195315102	195314359,195314547	N,N	NA;NA	Cops8	NA	NA	NA	NA	Cops8	9832
507	7	196255304	196260082	196256541	N	NA	Per2,Traf3ip1	NA	NA	NA	NA	Per2	5699
508	7	196269018	196270353	196269744	N	NA	Per2,Traf3ip1	NA	NA	NA	NA	Per2	19413
509	7	196722430	196723745	196723029	N	NA	NA	NA	NA	NA	NA	Hdac4	288347
510	7	22053375	22056998	22054336	N	NA	Eif3h,Utp23	NA	NA	NA	NA	Utp23	31922
511	7	2979138	2980213	2979824	N	NA	NA	NA	NA	NA	NA	Slc45a4	188688
512	7	33461008	33462344	33461719	N	NA	LOC144365440	NA	NA	NA	NA	LOC144365440	25700
513	7	33464232	33465235	33464727	N	NA	LOC144365440	NA	NA	NA	NA	LOC144365440	28924
514	7	33494041	33495551	33494987	N	NA	NA	NA	NA	NA	NA	LOC144365440	58733
515	7	33544668	33546425	33545639	N	NA	Klf10,LOC144365441	NA	NA	NA	NA	LOC144365441	25813
516	7	33626738	33628595	33627503	N	NA	NA	NA	NA	NA	NA	Klf10	54150
517	7	33675992	33677717	33676519	N	NA	NA	NA	NA	NA	NA	Klf10	103404
518	7	39966440	39969827	39968277	N	NA	Tp53inp1	NA	NA	NA	NA	Tp53inp1	27066
519	7	40294777	40300547	40299983	N	NA	Virma	NA	NA	NA	NA	Virma	44866
520	7	47005112	47007849	47006267	N	NA	NA	NA	NA	NA	NA	Wwp1	68909
521	7	47451278	47452301	47451787	N	NA	NA	NA	NA	NA	NA	Ca2	66341
522	7	51355803	51357647	51356657	N	NA	NA	NA	NA	NA	NA	LOC144365464	75593
523	7	61081788	61085337	61082443	N	NA	NA	NA	NA	NA	NA	Nsmaf	450299
524	7	64532718	64534921	64533935	N	NA	LOC144365480,Ttpa	NA	NA	NA	NA	Ttpa	11649
525	7	66256113	66257669	66256626	N	NA	NA	NA	NA	NA	NA	LOC120892981	175924
526	7	70380524	70382678	70381508	N	NA	NA	NA	NA	NA	NA	Ubxn2b	75362
527	7	70464580	70465832	70464933	N	NA	Ubxn2b	NA	NA	NA	NA	Ubxn2b	6540
528	7	7476400	7477611	7476810	N	NA	NA	NA	NA	NA	NA	LOC144365393	54676
529	7	7520989	7522495	7521551	N	NA	LOC120892882,LOC144365393	NA	NA	NA	NA	LOC144365393	9792
530	7	78758040	78759973	78759151	N	NA	Ppdpfl	NA	NA	NA	NA	Ppdpfl	21140
531	7	8490551	8493542	8492490	N	NA	LOC101975814	NA	NA	NA	NA	LOC101975814	22621
532	7	8498369	8501796	8498949,8501096	N,N	NA;NA	LOC101975814	NA	NA	NA	NA	LOC101975814	14367
533	7	85786919	85788491	85787651	N	NA	NA	NA	NA	NA	NA	LOC110598838	4474815
534	7	96464049	96468945	96467428	N	NA	Ccdc93,Insig2	NA	NA	NA	NA	Insig2	15916
535	8	100191325	100192643	100192017	N	NA	Pkhd1	NA	NA	NA	NA	Pkhd1	28677
536	8	10188121	10191520	10189623	N	NA	Arid1b	NA	NA	NA	NA	Arid1b	49981
537	8	10194788	10195728	10195229	N	NA	NA	NA	NA	NA	NA	Arid1b	56648
538	8	102290052	102291127	102290467	N	NA	NA	NA	NA	NA	NA	Mmut	400736
539	8	102749238	102754463	102753513	N	NA	NA	NA	NA	NA	NA	Mmut	57375
540	8	104766504	104767446	104766820	N	NA	NA	NA	NA	NA	NA	Adgrf5	126540
541	8	109914293	109923036	109921262	N	NA	NA	NA	NA	NA	NA	Foxp4	99382
542	8	110989059	110991082	110990267	N	NA	NA	NA	NA	NA	NA	Mocs1	203930
543	8	111831027	111835154	111831582,111834271	N,N	NA;NA	Kcnk5	NA	NA	NA	NA	Kcnk5	40293
544	8	111857982	111860849	111858886	N	NA	Kcnk5	NA	NA	NA	NA	Kcnk5	14598
545	8	113849166	113850726	113849880	N	NA	NA	NA	NA	NA	NA	Mtch1	69993
546	8	113861348	113862877	113862066	N	NA	NA	NA	NA	NA	NA	Mtch1	57842
547	8	114401618	114409561	114402463	N	NA	Etv7,Kctd20	NA	NA	NA	NA	Kctd20	9920
548	8	115856656	115858057	115857457	N	NA	Bltp3a,Ilrun,Snrpc	NA	NA	NA	NA	Snrpc	7677
549	8	115873641	115874992	115874757	N	NA	Ilrun,Snrpc	NA	NA	NA	NA	Snrpc	24662
550	8	115895303	115897120	115896538	N	NA	Ilrun,Snrpc	NA	NA	NA	NA	Ilrun	10675
551	8	119211184	119215253	119214432	N	NA	C2,C4a,Cfb,Dxo,Ehmt2,LOC144366264,Slc44a4,Whr1,Zbtb12	NA	NA	NA	NA	C2	3154
552	8	121352886	121354414	121353796	N	NA	NA	NA	NA	NA	NA	LOC106145487	206206
553	8	126362607	126364740	126363629	N	NA	NA	NA	NA	NA	NA	Ubd	1472367
554	8	133190426	133192421	133191512	N	NA	NA	NA	NA	NA	NA	Exoc2	524308
555	8	133497205	133498918	133497913	N	NA	NA	NA	NA	NA	NA	Exoc2	831087
556	8	136763901	136766695	136765757	N	NA	Pxdc1	NA	NA	NA	NA	Pxdc1	6465
557	8	136827281	136831789	136828166,136830680	N,N	NA;NA	NA	NA	NA	NA	NA	Pxdc1	69845
558	8	137147120	137149616	137148479	N	NA	Eci2	NA	NA	NA	NA	Eci2	9274
559	8	139696967	139698138	139697442	N	NA	LOC144366336	NA	NA	NA	NA	LOC144366336	35279
560	8	143446851	143448922	143447628	N	NA	Elovl2,LOC110598371	NA	NA	NA	NA	LOC110598371	17948
561	8	144174292	144175227	144175150	N	NA	LOC144365914	NA	NA	NA	NA	LOC144365914	15809
562	8	144182531	144184618	144182702,144183458	N,N	NA;NA	LOC144365914	NA	NA	NA	NA	LOC144365914	6418
563	8	144242894	144244751	144244108	N	NA	Hivep1	NA	NA	NA	NA	Hivep1	4547
564	8	144653838	144655702	144654773	N	NA	NA	NA	NA	NA	NA	Hivep1	404540
565	8	145512538	145513700	145513043	N	NA	Gfod1	NA	NA	NA	NA	Gfod1	8742
566	8	145535085	145537229	145536486	N	NA	Gfod1,Sirt5	NA	NA	NA	NA	Gfod1	31289
567	8	145541953	145544130	145542888	N	NA	Gfod1,LOC144366366,Nol7,Sirt5	NA	NA	NA	NA	Sirt5	25086
568	8	146665099	146667871	146667084	N	NA	NA	NA	NA	NA	NA	Jarid2	258953
569	8	147312598	147315580	147313567,147314155	N,N	NA;NA	Dtnbp1	NA	NA	NA	NA	Dtnbp1	20476
570	8	148293047	148295892	148294650	N	NA	LOC144366378	NA	NA	NA	NA	LOC144366378	49230
571	8	153529732	153531196	153530444,153530549	N,N	NA;NA	NA	NA	NA	NA	NA	Mrs2	620387
572	8	153875402	153876511	153875967	N	NA	NA	NA	NA	NA	NA	Mrs2	275072
573	8	17255347	17256604	17255785	N	NA	Ust	NA	NA	NA	NA	Ust	2216
574	8	22786901	22787828	22787299	N	NA	NA	NA	NA	NA	NA	Vta1	324507
575	8	391077	393114	391512	N	NA	Pdcd2,Psmb1,Tbp	NA	NA	NA	NA	Pdcd2	17511
576	8	39900034	39901688	39900790	N	NA	Fabp7,Smpdl3a	NA	NA	NA	NA	Fabp7	4427
577	8	42051182	42053516	42052639	N	NA	NA	NA	NA	NA	NA	LOC120889124	1264322
578	8	43079361	43081954	43080347	N	NA	NA	NA	NA	NA	NA	LOC120889124	235884
579	8	46203825	46206417	46205106	N	NA	LOC144366078	NA	NA	NA	NA	LOC144366078	28639
580	8	46208502	46217527	46209390	N	NA	LOC144366078	NA	NA	NA	NA	LOC144366078	17529
581	8	48667507	48668955	48668376	N	NA	Marcks	NA	NA	NA	NA	Marcks	45013
582	8	48888547	48889598	48889283	N	NA	NA	NA	NA	NA	NA	Marcks	266053
583	8	5075787	5077146	5076126	N	NA	Qki	NA	NA	NA	NA	Qki	15887
584	8	50982819	50983638	50983071	N	NA	LOC101963759,LOC101964056,LOC101967412,LOC144366096	NA	NA	NA	NA	LOC101963759	4616
585	8	52725866	52727862	52727487	N	NA	Slc16a10	NA	NA	NA	NA	Slc16a10	16647
586	8	54563775	54564694	54564271	N	NA	LOC101958405	NA	NA	NA	NA	LOC101958405	30789
587	8	71629140	71630487	71630198	N	NA	NA	NA	NA	NA	NA	Pm20d2	84168
588	8	7254108	7257837	7255234	N	NA	NA	NA	NA	NA	NA	LOC144365962	126541
589	8	7542870	7543967	7543473	N	NA	Igf2r,LOC144365837,LOC144365966	NA	NA	NA	NA	LOC144365837	8809
590	8	77310100	77313447	77310906	N	NA	NA	NA	NA	NA	NA	LOC120888918	178844
591	8	77385081	77386150	77385609	N	NA	NA	NA	NA	NA	NA	LOC120888918	106141
592	8	77391590	77392921	77391842	N	NA	NA	NA	NA	NA	NA	LOC120888918	99370
593	8	8437457	8440400	8439847	N	NA	Ezr	NA	NA	NA	NA	Ezr	45191
594	8	84463075	84464304	84463803	N	NA	Eef1a1	NA	NA	NA	NA	Eef1a1	4358
595	8	96296484	96297834	96297116	N	NA	NA	NA	NA	NA	NA	LOC144365933	109431
596	8	99500320	99501490	99500850,99500857	N,N	NA;NA	LOC101958905,LOC101959480,LOC120883630	NA	NA	NA	NA	LOC101958905	3322
597	8	99504462	99505837	99505012	N	NA	LOC101958905,LOC101959480,LOC120883630	NA	NA	NA	NA	LOC120883630	5418
598	9	103419126	103421100	103419906	N	NA	NA	NA	NA	NA	NA	LOC101976546	85736
599	9	104388986	104393136	104389590	N	NA	Rap1gds1	NA	NA	NA	NA	Rap1gds1	8511
600	9	10513082	10514632	10513736	N	NA	Fbxl5	NA	NA	NA	NA	Fbxl5	37199
601	9	10681898	10685321	10684403	N	NA	NA	NA	NA	NA	NA	Fbxl5	206015
602	9	107643751	107644220	107644001	N	NA	Hpgds,Pdlim5	NA	NA	NA	NA	Pdlim5	14042
603	9	117033139	117034917	117033989	N	NA	Etfdh,Fnip2,Ppid	NA	NA	NA	NA	Ppid	5771
604	9	126021609	126023054	126022509	N	NA	NA	NA	NA	NA	NA	Nr3c2	350987
605	9	131836482	131837262	131836971	N	NA	NA	NA	NA	NA	NA	Znf330	127048
606	9	131891651	131893623	131892104	N	NA	NA	NA	NA	NA	NA	Znf330	70687
607	9	133758940	133761282	133760147	N	NA	Noct	NA	NA	NA	NA	Noct	25616
608	9	133771199	133778909	133772995,133774132,133775742	N,N,N	NA;NA;NA	Noct	NA	NA	NA	NA	Noct	37875
609	9	133788073	133790113	133788914	N	NA	NA	NA	NA	NA	NA	Noct	54749
610	9	142043520	142046022	142044178	N	NA	LOC120892605	NA	NA	NA	NA	LOC120892605	41668
611	9	142064961	142067810	142067094	N	NA	LOC120892605	NA	NA	NA	NA	LOC120892605	19880
612	9	17128156	17129584	17128961	N	NA	NA	NA	NA	NA	NA	LOC120892394	112025
613	9	18416551	18448845	18445142,18448103	N,N	NA;NA	Pi4k2b,Sepsecs	NA	NA	NA	NA	Pi4k2b	13258
614	9	22923534	22924270	22923991	N	NA	NA	NA	NA	NA	NA	Stim2	3189185
615	9	23373660	23375268	23374070	N	NA	NA	NA	NA	NA	NA	Stim2	3639311
616	9	28046444	28048045	28047315	N	NA	NA	NA	NA	NA	NA	Pgcka1	188480
617	9	28870454	28872251	28870979	N	NA	NA	NA	NA	NA	NA	LOC144366648	73322
618	9	30701376	30703095	30702146	N	NA	NA	NA	NA	NA	NA	Rbm47	96667
619	9	30766607	30767755	30767299	N	NA	NA	NA	NA	NA	NA	Rbm47	161898
620	9	30783230	30784384	30783961	N	NA	NA	NA	NA	NA	NA	Rbm47	178521
621	9	30785711	30787298	30786321	N	NA	NA	NA	NA	NA	NA	Rbm47	181002
622	9	39153249	39154651	39154198	N	NA	NA	NA	NA	NA	NA	Chic2	203232
623	9	39190416	39209208	39208308	N	NA	NA	NA	NA	NA	NA	Chic2	148675
624	9	51532117	51555402	51533824,51535537,51543674	N,N,N	NA;NA;NA	LOC101970443,LOC101976366	NA	NA	NA	NA	LOC101970443	23045
625	9	51691067	51697513	51692404,51694464	N,N	NA;NA	LOC101976079	NA	NA	NA	NA	LOC101976079	15864
626	9	51846439	51850520	51847735,51849763	N,N	NA;NA	LOC144366700	NA	NA	NA	NA	LOC144366700	15855
627	9	5402017	5402967	5402647	N	NA	NA	NA	NA	NA	NA	Stx18	184031
628	9	55198988	55200945	55199748	N	NA	LOC101970734	NA	NA	NA	NA	LOC101970734	6737
629	9	55261432	55265391	55263730	N	NA	LOC101965856,LOC144366714	NA	NA	NA	NA	LOC144366714	2999
630	9	55272897	55275753	55274065	N	NA	LOC101965856,LOC144366714	NA	NA	NA	NA	LOC144366714	14464
631	9	55279133	55282248	55280558	N	NA	LOC101965856,LOC144366714	NA	NA	NA	NA	LOC144366714	20700
632	9	55284622	55287171	55285473,55287082	N,N	NA;NA	LOC101965856,LOC144366714	NA	NA	NA	NA	LOC101965856	17767
633	9	55294448	55297523	55296094	N	NA	LOC101965856,LOC144366714	NA	NA	NA	NA	LOC101965856	7415
634	9	58282548	58283716	58283145	N	NA	NA	NA	NA	NA	NA	Sowahb	51020
635	9	90013135	90014879	90014048	N	NA	NA	NA	NA	NA	NA	Ugt8	79037
636	9	93781173	93782866	93781890	N	NA	NA	NA	NA	NA	NA	Elovl6	72934
637	9	93815020	93816466	93815653	N	NA	Elovl6,LOC120892545	NA	NA	NA	NA	Elovl6	39334
638	x	12848271	12850405	12849550	N	NA	NA	NA	NA	NA	NA	Atp11c	59644
639	x	12860704	12864401	12861395,12863466	N,N	NA;NA	Atp11c	NA	NA	NA	NA	Atp11c	45648
640	x	16680824	16682212	16681676	N	NA	NA	NA	NA	NA	NA	Znf449	74632
641	x	30381278	30383804	30382232	N	NA	Slc25a5	NA	NA	NA	NA	Slc25a5	29326
642	x	40355022	40356538	40355461	N	NA	Tsc22d3	NA	NA	NA	NA	Tsc22d3	30499
643	x	40363949	40366124	40364890	N	NA	Tsc22d3	NA	NA	NA	NA	Tsc22d3	39426
644	x	76975796	76981377	76976849	N	NA	NA	NA	NA	NA	NA	LOC101960618	87888
645	x	79782597	79784327	79783426	N	NA	Hsd17b10,Smc1a	NA	NA	NA	NA	Hsd17b10	20307
646	x	81149415	81151151	81150056	N	NA	NA	NA	NA	NA	NA	Gnl3l	95129
647	x	87803172	87804462	87803698	N	NA	Araf	NA	NA	NA	NA	Araf	34263
648	x	93469975	93471818	93471116	N	NA	Usp9x	NA	NA	NA	NA	Usp9x	34636
649	x	94543407	94544936	94544083	N	NA	NA	NA	NA	NA	NA	LOC144371779	163307
650	x	94699283	94701127	94700227	N	NA	LOC144371779	NA	NA	NA	NA	LOC144371779	7116
651	x	95820467	95821358	95820972	N	NA	Otc	NA	NA	NA	NA	Otc	11883
652	y	24603311	24609437	24607058	N	NA	NA	NA	NA	NA	NA	LOC144372111	1385407
653	y	3429692	3429954	3429846	N	NA	NA	NA	NA	NA	NA	LOC144371991	485852
