Enhancer_ID	chr	start	end	baseMean	log2FoldChange	lfcSE	stat	pvalue	padj
608	chr9	133771199	133778909	251.72261118607446	-5.615145002594568	0.5616037381358291	-9.998411017051481	1.548619077929991e-23	1.009699638810354e-20
474	chr6	67318514	67322636	108.24545980019302	-5.911045970131725	0.6753171901310404	-8.752992011035184	2.077694028168171e-18	6.773282531828237e-16
186	chr13	23856376	23868554	495.60019570270236	-4.30237007247693	0.5181232878290496	-8.30375737501392	1.0086952366481837e-16	2.1922309809820527e-14
149	chr12	106815340	106827009	112.1330270401469	-4.900494984636554	0.6034600987032268	-8.12066115915072	4.636508410498029e-16	7.557508709111786e-14
493	chr7	17094323	17096727	90.9556679987031	-6.92258518923878	0.858120804613774	-8.067145269079592	7.196090873896326e-16	9.38370249956081e-14
223	chr15	48460747	48466313	77.81752143009199	-5.071941741487312	0.6555341555339378	-7.737112854716434	1.0169978089133883e-14	1.1051376190192153e-12
497	chr7	173796628	173802589	178.22612017706945	-5.868494762859581	0.7747344075292807	-7.574847206767158	3.595505464033331e-14	3.348956517928188e-12
596	chr8	99500320	99501490	52.296455754095184	-4.966543768929305	0.6584152605530902	-7.5431783958914425	4.586530408347026e-14	3.7380222828028266e-12
231	chr15	9952713	9954593	58.305422661074	-5.298074277582313	0.7069101147157085	-7.494692984712761	6.645372619373279e-14	4.814203275368197e-12
18	chr1	145491052	145493998	55.68632529194614	-4.952747392651073	0.6635358680819828	-7.464174328612389	8.382356313040213e-14	5.465296316102219e-12
629	chr9	55261432	55265391	94.29379501590235	-4.928153656533046	0.6668129496884211	-7.390608803916905	1.4615804313513158e-13	8.663185829464163e-12
373	chr5	114761346	114772121	284.4874402257603	-3.7376638048745594	0.5113480542626861	-7.3094319489763295	2.6827407600367836e-13	1.457622479619986e-11
138	chr11	42708682	42713583	103.58088856496313	-3.7366002772839346	0.513132881447399	-7.281934977045457	3.290656857761712e-13	1.650390977892797e-11
348	chr4	191400869	191403292	53.275155354171424	-4.986561818660883	0.6869170868276722	-7.259335827108153	3.889956033019101e-13	1.811608095377467e-11
21	chr1	151671795	151675510	84.25467454358433	-4.9859429366565635	0.6878847567629656	-7.2482241940049885	4.222712453648384e-13	1.8354723465191642e-11
518	chr7	39966440	39969827	124.02040800088456	-3.712555644672241	0.513754128051485	-7.226327618529995	4.962298039328412e-13	2.022136451026328e-11
353	chr4	207715070	207721579	135.02569399963696	-3.8071985315159167	0.529926913769371	-7.184384171838542	6.751078747314813e-13	2.5892372607348576e-11
345	chr4	185291857	185298892	44.82025769419301	-5.628776794562223	0.7891709375172097	-7.132519112108681	9.854838778015335e-13	3.5696416018144435e-11
104	chr10	62368406	62373925	110.77088761231289	-3.444084081180848	0.48572065029949707	-7.090668430624091	1.334657683517946e-12	4.579983208703689e-11
188	chr13	2688116	2692382	62.742604144968716	-5.111389497472512	0.7255810724362876	-7.0445463527734695	1.860667016674985e-12	6.065774474360451e-11
398	chr5	193486764	193488586	91.87915288566637	-4.098612142863475	0.584006113906886	-7.018098004907117	2.2490877270712533e-12	6.665478172956624e-11
172	chr12	71477723	71479592	48.22601828036614	-5.157216431086628	0.7347710973129651	-7.018806877334189	2.2377082242683292e-12	6.665478172956624e-11
254	chr2	225686369	225689418	142.70437609174706	-3.2242458886434875	0.4635403262122551	-6.9556966380679155	3.508240608640698e-12	9.9450994644945e-11
227	chr15	53940089	53942326	77.1920160643272	-3.6901503294856037	0.5343551606016441	-6.905800863475838	4.992098562536277e-12	1.3222087336256799e-10
597	chr8	99504462	99505837	70.88049790999445	-3.96638016480304	0.5745373056067237	-6.903607696308699	5.069818763902147e-12	1.3222087336256799e-10
162	chr12	1977895	1981858	41.991036759357634	-4.773900324989224	0.6952661943420828	-6.8662914489991485	6.589238747642808e-12	1.6523783321011964e-10
557	chr8	136827281	136831789	80.23493910162775	-4.347384139712032	0.6358024237281052	-6.837633795449557	8.051188418466592e-12	1.9442129069778586e-10
243	chr2	148587259	148589061	75.61240346741818	-3.640178114785008	0.5342038568166564	-6.814211594197363	9.478211407708348e-12	2.2070692277949437e-10
313	chr3	204674819	204686456	499.52509721357234	-2.908089804503853	0.4323971383252673	-6.725506592775518	1.7498256891401948e-11	3.934090859722093e-10
187	chr13	2663197	2667518	58.826367474514164	-4.420229457316165	0.6601614082405671	-6.695679877890415	2.1467120226581707e-11	4.665520795910425e-10
447	chr6	188947587	188949838	72.93071803336427	-3.770155281994832	0.5673461104136852	-6.6452474297317226	3.027081243440266e-11	6.366635389429205e-10
101	chr10	62294494	62301312	154.72083085879504	-3.8131012653509457	0.5763941853671333	-6.615440200740744	3.704477154265798e-11	7.547872201816564e-10
429	chr6	131379221	131421262	223.49894271059932	-3.9411835295662967	0.5971214777716153	-6.600304420926735	4.1031436065058487e-11	8.106817064975192e-10
409	chr5	28918047	28920083	50.00827578606165	-4.0330005531916475	0.6138662312206469	-6.569836143571862	5.037066052727168e-11	9.6593149011121e-10
405	chr5	23996126	23998087	51.598754007319734	-3.7456327201411583	0.5728313609815676	-6.538805266741819	6.201220453346741e-11	1.1551987815948787e-09
510	chr7	22053375	22056998	39.426021511592054	-5.486151384209619	0.845246860873018	-6.490590664298022	8.550049342942237e-11	1.548508936555094e-09
566	chr8	145535085	145537229	45.310773336302894	-4.130798918049521	0.638147518487614	-6.47310974089402	9.600617079584922e-11	1.6917844151052348e-09
286	chr3	102220619	102222054	37.277244875832146	-5.398643929399416	0.840487977464748	-6.423225642898441	1.3341649802654058e-10	2.289146229297486e-09
296	chr3	145797645	145798626	38.64476560878688	-6.458297476928808	1.0084361198300034	-6.404270285377633	1.5109024680700784e-10	2.5259189979017724e-09
358	chr4	4378340	4382322	55.04977694130516	-5.793726492660251	0.9108792812358919	-6.360586536559766	2.0098478481430287e-10	3.276051992473137e-09
157	chr12	119835793	119837546	40.35973472058651	-4.547861463732226	0.7215356040770987	-6.303031254499634	2.918800037656675e-10	4.538397724770449e-09
79	chr10	118385936	118386779	49.97258726695082	-7.410556063176541	1.1757596204492333	-6.302781567158363	2.9235077368153197e-10	4.538397724770449e-09
92	chr10	31612303	31615217	69.4900547960788	-3.7417850585873293	0.5965404933327484	-6.272474543484466	3.5535456811790174e-10	5.265708600292544e-09
196	chr13	91104469	91109878	154.09989555565394	-3.6328899568848354	0.5789009882499971	-6.2754944811322035	3.485248430677534e-10	5.265708600292544e-09
561	chr8	144174292	144175227	39.6958106629921	-4.721765672597849	0.7542232315343411	-6.260435206950873	3.8390455772530867e-10	5.562350480820028e-09
325	chr3	61077240	61081698	37.06485395632051	-3.974077534239708	0.6391518904128052	-6.2177357117304215	5.043801494944713e-10	7.149040379791202e-09
338	chr4	141297553	141363288	824.7547650550963	-3.0070406885036878	0.4853822821492289	-6.195200770800251	5.821078158688217e-10	7.745597876458606e-09
103	chr10	62329689	62331923	35.49780751602336	-4.147577067998122	0.6690168857877696	-6.199510290557669	5.663911429708064e-10	7.745597876458606e-09
158	chr12	119842214	119843989	52.65878937263241	-4.0143824361425775	0.6476588943833751	-6.198297392278696	5.707721785420765e-10	7.745597876458606e-09
150	chr12	106833953	106836255	42.43314010932337	-4.73087214030573	0.7644046859445738	-6.188962767097376	6.056138444416215e-10	7.897204531518743e-09
393	chr5	18266553	18267791	92.83220330630301	-3.030302099696739	0.49095325795469025	-6.17228229082534	6.731117952300049e-10	8.605272362548298e-09
472	chr6	67310696	67313067	32.74605344317994	-4.691959840577683	0.7609984970396314	-6.165531021191142	7.024699623168287e-10	8.807892604434083e-09
228	chr15	54360444	54362106	34.874775373246585	-4.278084692105944	0.6959613652641069	-6.147014627000846	7.895485073122632e-10	9.712936354105578e-09
45	chr1	249229593	249233612	156.35814686081247	-4.1696963409221075	0.6828248830496618	-6.10653835914595	1.0181517500686601e-09	1.2293239648977156e-08
47	chr1	249245574	249248385	49.99419919863268	-5.377600045557155	0.8824224767556261	-6.09413312467833	1.1003206689918793e-09	1.3043801385140098e-08
334	chr3	99173137	99175123	42.168762882435765	-7.167764572150831	1.1787603401608935	-6.080764959544258	1.196105197864688e-09	1.392608194656744e-08
347	chr4	189188594	189193658	32.70781816585827	-5.152301263756287	0.8508295177172609	-6.0556211984507655	1.3987681169242993e-09	1.5999944074291986e-08
30	chr1	201105641	201146577	191.17508310694828	-4.2792449945578	0.7140262536144533	-5.993119962880844	2.0585288086402667e-09	2.314070315919748e-08
422	chr5	66005790	66007075	34.1258221026373	-4.486175620755466	0.7491840693245982	-5.9880819740332	2.1233004815857205e-09	2.3209720683958115e-08
484	chr7	12274889	12289537	128.17565228160825	-3.043587409490072	0.508355656664244	-5.987122144881108	2.1358638666219124e-09	2.3209720683958115e-08
220	chr15	30626554	30644288	196.0816268649797	-3.11967817207234	0.5214067772102439	-5.983194519956172	2.188031989357024e-09	2.3386833722307865e-08
31	chr1	206558541	206602099	189.14866714150267	-4.2793248423403005	0.7169288137345421	-5.968967574408037	2.3875955175616554e-09	2.5108262539519343e-08
364	chr4	64664918	64667955	26.450059916926133	-5.110930789667648	0.8581106421718804	-5.9560277410519795	2.5844248016139625e-09	2.674674556590958e-08
374	chr5	119144966	119146051	38.92997294307711	-3.628999916383413	0.6108440449288334	-5.9409598022785195	2.8335809725037173e-09	2.886710615738162e-08
632	chr9	55284622	55287171	38.864529162144	-4.536401712181837	0.7644922310130483	-5.93387549036376	2.9586623702487587e-09	2.9677659467726008e-08
153	chr12	115554395	115565970	112.53096627838475	-3.2891699733716577	0.5555316328858375	-5.920760904802673	3.2045546578164782e-09	3.1657115710550665e-08
137	chr11	41433292	41435293	38.489773814157644	-4.780138649382792	0.8121553737684529	-5.8857440383637964	3.962671936496701e-09	3.8562120934266406e-08
326	chr3	64113451	64115029	30.138755135051827	-4.691147190007852	0.7977867424445747	-5.880201989360288	4.097661307709471e-09	3.928934077392022e-08
469	chr6	61800249	61802662	218.35835901900487	-3.146947033941832	0.537241751548114	-5.857599534797137	4.6960536890825635e-09	4.3597523113217694e-08
168	chr12	44494686	44496160	36.24490972123422	-6.929504683684303	1.1833602353028072	-5.8557863252107065	4.74758303840254e-09	4.3597523113217694e-08
368	chr4	9333123	9334199	30.18217098160991	-6.068493139450977	1.0360613712932119	-5.8572718833019355	4.705324708475246e-09	4.3597523113217694e-08
51	chr1	257531087	257532954	29.286746377018982	-4.964507332329557	0.8488512423110406	-5.848500991544094	4.9602268567146045e-09	4.4917609869137804e-08
427	chr6	110136655	110138942	37.243439923835815	-3.6052003534010773	0.6184608351256585	-5.829310683300705	5.565679833241834e-09	4.970990755169419e-08
131	chr11	2855610	2856782	38.144419175544776	-6.009990321335171	1.0319972727276958	-5.823649422493169	5.7576289277924134e-09	5.072937920163045e-08
48	chr1	249250984	249253447	35.67864478402857	-4.51930801026519	0.777133364913351	-5.815357072938291	6.050459143805302e-09	5.259865815681409e-08
49	chr1	250728616	250730369	53.52044780832054	-3.499252954949233	0.6027042136619384	-5.80592084081893	6.4013201859800364e-09	5.4916588963934e-08
277	chr2	90730239	90731726	25.963956989143536	-5.103119590166767	0.8836732927573246	-5.774893993054277	7.700154818608178e-09	6.520131093159134e-08
160	chr12	1288494	1291417	39.96596379481775	-3.871044457831963	0.6718931599745512	-5.761398818196904	8.341966597825784e-09	6.97302848946463e-08
351	chr4	206819214	206820494	29.163357083346842	-4.297308415467196	0.7486104625954143	-5.74037985064827	9.446442252971976e-09	7.79630423916168e-08
329	chr3	72841490	72843611	40.48091916142642	-4.110592348948788	0.7173019399447885	-5.73063046402075	1.0005803482359916e-08	8.154729838123332e-08
219	chr15	19220001	19222526	27.269375487220554	-4.9455721612708174	0.8669168114572327	-5.704782853337013	1.1649149960965329e-08	9.376846635246166e-08
130	chr11	22700801	22702313	31.24128364472922	-4.51618711594985	0.7919679789041424	-5.702487014940886	1.18071908465812e-08	9.388156624354808e-08
230	chr15	55684434	55687650	53.29488417718512	-3.559623184214951	0.6278801300399611	-5.669271910210632	1.4340562207152557e-08	1.1265116336221044e-07
418	chr5	63330533	63332895	68.28973083237524	-3.5148043465792016	0.6218574485890683	-5.652106209476043	1.5849360107045957e-08	1.2302122368802338e-07
341	chr4	176880110	176884529	52.07080924799436	-3.3627956166444504	0.596609286531242	-5.636512358357925	1.735285882226478e-08	1.3310663473078395e-07
630	chr9	55272897	55275753	29.108467869741705	-5.009708298038947	0.8912146473337202	-5.621214050988363	1.8962015287515788e-08	1.4375853450535226e-07
433	chr6	13957190	13958105	24.113536763983706	-5.37131370822008	0.9565603041672738	-5.6152379361968565	1.9629194680709494e-08	1.4710614864163897e-07
23	chr1	15577427	15581936	118.84393794068605	-3.6538462541367376	0.6516560382900392	-5.607016645966355	2.0584387051382863e-08	1.525115949716094e-07
639	chrX	12860704	12864401	31.053265772083677	-6.694228215652094	1.1945032946775842	-5.604194015604599	2.0922624521812143e-08	1.5327185492394285e-07
336	chr4	103319068	103321186	47.22084141043939	-3.783259595222481	0.6753092097648521	-5.602262697616461	2.115715788827432e-08	1.5327185492394285e-07
192	chr13	4287085	4290547	110.54175778318704	-2.7372263770502365	0.4907784974447519	-5.577315206965383	2.4425903734979374e-08	1.750075740132588e-07
355	chr4	30249419	30252824	117.9282360909793	-2.9844456425872763	0.5360379262354443	-5.5676016500302925	2.582694176553675e-08	1.8303441338184741e-07
135	chr11	39565977	39567540	46.07427380057649	-3.143205275401975	0.5650412256800295	-5.562789284302423	2.6549640111590477e-08	1.8542245950021417e-07
279	chr2	90993496	90995206	24.281800596592984	-4.668824991008734	0.8394765707717354	-5.561590583423498	2.6732685878865234e-08	1.8542245950021417e-07
446	chr6	188942408	188943527	33.98041762069978	-3.867948120536372	0.6970150730655995	-5.549303408209568	2.868100584330022e-08	1.968422716824394e-07
128	chr11	15692793	15694250	29.218666321856002	-3.8154335901600605	0.6896043009037954	-5.532786824501461	3.151824445569885e-08	2.1406141026162138e-07
380	chr5	136760994	136763214	27.649330161952445	-5.925232030070371	1.074067744879587	-5.5166278461649965	3.455661277336515e-08	2.3227743843540284e-07
95	chr10	39328679	39330079	54.73225665059601	-3.277602025631379	0.5950168193492799	-5.5084191220272025	3.6207052314004297e-08	2.408877358033755e-07
224	chr15	48539666	48542138	34.15611130403593	-4.00081553574425	0.7279867694385863	-5.495725614394924	3.8910711745873464e-08	2.562604450334293e-07
217	chr14	7324481	7325886	30.978319448653252	-3.4758656090709747	0.6344212779761788	-5.478797338196287	4.2822649634427594e-08	2.792036756164679e-07
216	chr14	70441986	70444381	30.09041570965211	-4.203175518344277	0.7705399521336066	-5.454844368167783	4.901575631564184e-08	3.1641854572077706e-07
176	chr12	86514662	86516955	22.954031187178956	-5.658613464019715	1.038446021787995	-5.449116608176438	5.062061768077245e-08	3.235749287045455e-07
564	chr8	144653838	144655702	37.77803583390695	-3.4732232861223746	0.6384311743765675	-5.4402470078532765	5.3206748426371074e-08	3.368038832426596e-07
3	chr1	10563499	10566069	35.95178139551726	-3.306901761044564	0.611340772526273	-5.409260938673033	6.328536549950381e-08	3.967505606315047e-07
543	chr8	111831027	111835154	61.25998742115152	-3.724779001603352	0.6905081781097019	-5.394257620235733	6.880743794350988e-08	4.272614241825566e-07
167	chr12	44473679	44475085	26.173527614311528	-4.231129370740941	0.7856106869104637	-5.3857838764649655	7.212959308950857e-08	4.436650442864112e-07
110	chr10	76165052	76167298	27.319215673451207	-6.541748291799063	1.2175659906327327	-5.37280799737147	7.751986041135818e-08	4.7236400923556575e-07
435	chr6	174376790	174378442	23.576301023805353	-5.6815226760227135	1.0629858045338962	-5.344871635904845	9.048115208214537e-08	5.462380662736924e-07
550	chr8	115895303	115897120	57.24719621183494	-3.3399357785845405	0.6257522515890317	-5.337473049602501	9.425090678804779e-08	5.637760662918088e-07
524	chr7	64532718	64534921	21.631446688321436	-5.157440482776931	0.9668093884109925	-5.334495656122542	9.58104813891997e-08	5.678948533250746e-07
372	chr5	114258070	114259375	29.14871734616492	-3.912289390799746	0.7344096270207654	-5.327121604696946	9.978136352604565e-08	5.808700805266228e-07
440	chr6	175255485	175258582	70.91050180090461	-2.8650761115159007	0.5377597634376917	-5.327799337757383	9.94098609912159e-08	5.808700805266228e-07
443	chr6	177692071	177693364	34.239645617837326	-4.2257319120300565	0.7954757632986312	-5.312206992337573	1.0830548115532497e-07	6.249130417103707e-07
235	chr16	51853114	51856918	28.05313163091333	-4.820715396625446	0.9090026070674959	-5.303302057820716	1.1372650932428144e-07	6.504358252581711e-07
642	chrX	40355022	40356538	23.535981634682255	-4.231118175820124	0.8008830199770992	-5.283066403307078	1.2703931757138316e-07	7.202576961438419e-07
400	chr5	19427822	19429197	22.958614941971987	-4.5942300401871705	0.8723871714745579	-5.266274184685389	1.39220307865289e-07	7.825141442083485e-07
278	chr2	90838236	90839543	21.68651890895691	-5.588620342056833	1.0615715987431362	-5.26447801417593	1.405882218866512e-07	7.8344889461621e-07
124	chr11	12200814	12203302	104.76573538483524	-2.856311704209462	0.5430997122221661	-5.259276777228394	1.4462307095448284e-07	7.901833193932574e-07
10	chr1	119912098	119913412	91.66908225743869	-2.878807718084143	0.5474839675907666	-5.258250265761197	1.4543251277176516e-07	7.901833193932574e-07
360	chr4	55958096	55979070	312.1913366182321	-2.3417741285988707	0.4451615891703036	-5.260503568970297	1.436614154704505e-07	7.901833193932574e-07
451	chr6	197802443	197804093	20.261921155593384	-4.750147709002217	0.906730370319302	-5.238765419679798	1.6165435892472374e-07	8.71063157181156e-07
633	chr9	55294448	55297523	38.10229992847779	-3.6179943644964108	0.6931668983355052	-5.219514049479664	1.7939320681506087e-07	9.587243511755712e-07
402	chr5	194319626	194320961	23.217838514274742	-4.231793956594123	0.8136243312835281	-5.201164461144226	1.9804375561994895e-07	1.0497929159691604e-06
590	chr8	77310100	77313447	27.32874249096552	-3.57956949700225	0.690654260469263	-5.182867466234295	2.1850030720472236e-07	1.1488887120764433e-06
256	chr2	229071635	229075026	106.88273028165436	-2.7721534690974963	0.535315304872247	-5.178543269483152	2.2362521064441214e-07	1.1518576466634267e-06
312	chr3	204665658	204673536	109.24971934191126	-2.4437346596328777	0.4717099917121707	-5.180587018652771	2.2118871180032164e-07	1.1518576466634267e-06
354	chr4	210603720	210605235	30.728757803752348	-3.711169186979818	0.7167287492568803	-5.177927062124461	2.243649097028454e-07	1.1518576466634267e-06
315	chr3	208867314	208869603	54.27608819152047	-3.161694753189809	0.6108486596326291	-5.175905198991982	2.2680860831835565e-07	1.155306348621624e-06
140	chr11	4793096	4810455	728.9441003748349	-2.339049388349967	0.4523908519509145	-5.170417081298009	2.3357209663541188e-07	1.173595514871184e-06
439	chr6	175230366	175232246	38.437111250819385	-3.3531777933357194	0.6485742077756029	-5.170075764862776	2.339991057258496e-07	1.173595514871184e-06
291	chr3	121727605	121730649	59.06401400659902	-3.2381913494505463	0.6278339531320503	-5.157719383120824	2.499758801461031e-07	1.244154762253887e-06
123	chr11	106097049	106098991	20.781431352234026	-5.119382071195673	0.9949563387331203	-5.145333389919594	2.670461209282381e-07	1.3190459912516004e-06
178	chr12	86540952	86542408	19.8269329242582	-5.4547993996312085	1.0619904626799885	-5.136392078197893	2.8006305833943004e-07	1.3729407070474315e-06
556	chr8	136763901	136766695	63.876980281204254	-2.9063654856606838	0.566112755574086	-5.133898604198353	2.838010327325952e-07	1.3808826368780008e-06
81	chr10	14143154	14145105	24.745152286209176	-5.044597066874357	0.9847352575386236	-5.122795216537168	3.010392422563561e-07	1.427782768745428e-06
257	chr2	229090658	229093954	48.93613345829532	-2.953298854121936	0.5765585257850477	-5.122288062778528	3.018502821794456e-07	1.427782768745428e-06
191	chr13	38653020	38656230	52.923327518571035	-3.1556744329418756	0.6156677747468007	-5.125612485142133	2.965720376671679e-07	1.427782768745428e-06
290	chr3	121723252	121724425	20.98893576266166	-6.106131440120905	1.1921217915220088	-5.122070147149201	3.021994203786336e-07	1.427782768745428e-06
641	chrX	30381278	30383804	28.957925013006783	-3.7176418232363013	0.7265425532448551	-5.116894814533188	3.106067215336046e-07	1.456946636258347e-06
111	chr10	78937142	78938322	20.266025809705148	-5.081750868261778	0.9958758502450177	-5.1027955613257445	3.34672481727471e-07	1.5586175577593649e-06
438	chr6	175227547	175229441	31.600916989072505	-4.202335213998164	0.8245349002216359	-5.0966129060984215	3.457843663910562e-07	1.5989461481345293e-06
643	chrX	40363949	40366124	61.2678854846528	-3.008341709573814	0.5917096311949382	-5.084152007968108	3.6927212054762775e-07	1.6955311450496712e-06
96	chr10	39885396	39886819	41.27414727056446	-3.4589501998967576	0.6819522694216785	-5.072129465644391	3.9338859579768e-07	1.79363191930131e-06
142	chr11	52971963	52974530	37.699831884488084	-3.1379782867024035	0.6206492336304841	-5.05596094648634	4.282289665828446e-07	1.9389255986945463e-06
600	chr9	10513082	10514632	195.26090988276295	-2.234535800753163	0.4426152533514999	-5.048483494034991	4.4533093913733225e-07	2.0024536021899356e-06
99	chr10	62180757	62190424	271.99026198598864	-2.6928525406379413	0.5360042744733787	-5.023938555870014	5.062243877482485e-07	2.2606732932319043e-06
594	chr8	84463075	84464304	46.703664166803996	-2.934372372920815	0.5842570665484871	-5.0223994555268145	5.102991248110931e-07	2.263367546781175e-06
102	chr10	62308057	62311251	34.821795844723994	-3.223259783957711	0.6427867857644004	-5.014508473637364	5.316920962089764e-07	2.3423192346503554e-06
129	chr11	17996733	18000092	148.87306462859286	-2.4519243759646865	0.49226493643948405	-4.9809039695154285	6.328794149570691e-07	2.769378379543685e-06
580	chr8	46208502	46217527	55.44641409535561	-2.5570528566856368	0.5141461062874498	-4.973397299747388	6.578963432444793e-07	2.85965610530267e-06
151	chr12	106868405	106871202	94.6356931788319	-2.618829997027037	0.5287663039693898	-4.952717254045448	7.318427619243184e-07	3.1600098064546725e-06
250	chr2	19766310	19768888	31.72806900923788	-3.0198803045419593	0.6115609397520668	-4.9379875466969	7.893288185911509e-07	3.3858051955357265e-06
181	chr13	13372894	13375630	114.41836387648698	-2.565446256583522	0.5204155610526001	-4.929610965887747	8.239352557957168e-07	3.5111489331948194e-06
638	chrX	12848271	12850405	29.250335307434923	-7.487542274406075	1.5234867292872394	-4.914740726300326	8.890003062571009e-07	3.7395367721266436e-06
579	chr8	46203825	46206417	18.56895989536746	-4.600353212272065	0.9358227227773673	-4.915838331664972	8.840333081420838e-07	3.7395367721266436e-06
247	chr2	176871752	176873772	29.40982097791448	-3.5634664175660933	0.7262516876478898	-4.906654921666463	9.264281766354905e-07	3.871994686963717e-06
237	chr16	52132293	52145411	210.91189428353766	-2.309993901697906	0.47145312906544734	-4.899731827587959	9.5967553698049e-07	3.985404140836175e-06
651	chrX	95820467	95821358	19.817188921291724	-3.987688871123585	0.8142243885271853	-4.897530616021881	9.704851717538218e-07	4.004786911287922e-06
357	chr4	30782108	30783894	56.11342819371041	-2.9522555540089503	0.6043510754734801	-4.8850009105981975	1.0342837581320888e-06	4.241213901271207e-06
22	chr1	152518098	152519383	54.33592905810168	-2.921630548239616	0.5982728102799039	-4.883441965000418	1.0424984290080577e-06	4.248181098207836e-06
208	chr14	39059280	39061465	17.52221774678674	-5.259602446309747	1.0782456996839966	-4.877925734228467	1.0720727223297502e-06	4.31476182073455e-06
626	chr9	51846439	51850520	64.2404245395917	-2.5615134739552476	0.5250505081917661	-4.878603932366249	1.0683936157141242e-06	4.31476182073455e-06
403	chr5	194901803	194902813	20.909506962364297	-4.067768799197787	0.8349728889653689	-4.871737577298155	1.1062103758170513e-06	4.424841503268205e-06
528	chr7	7476400	7477611	24.794529156120504	-3.482791940992704	0.7152708584723387	-4.869193117179668	1.1205485783173501e-06	4.454863860139709e-06
625	chr9	51691067	51697513	105.02179374600227	-2.3454903501865827	0.4837166612150702	-4.848893036462372	1.241523401299427e-06	4.905898531195311e-06
77	chr10	11396507	11397914	16.756844405161765	-5.195651714339007	1.0739508635173458	-4.837885876195946	1.3122744853645685e-06	5.154234725648787e-06
116	chr10	92194194	92195368	21.175488853911656	-3.589149054283069	0.7444542780562076	-4.8211813137194195	1.4271056895674556e-06	5.571694069448988e-06
197	chr13	91131485	91133345	27.00627203230029	-3.1734465124941753	0.6594181405556181	-4.812495012376011	1.4905759391182846e-06	5.784854239911438e-06
75	chr10	111011770	111013071	22.048104066176197	-3.6204687284636825	0.7535976598669644	-4.804246246070905	1.5533556228769042e-06	5.992827610152317e-06
165	chr12	41369598	41371261	16.808416142421063	-5.776432571688117	1.2042936394741297	-4.796531661672207	1.614364502985849e-06	6.191562682039845e-06
369	chr4	97390986	97393650	190.8137026209648	-2.148401522359038	0.44819910867553536	-4.79340873458615	1.6397107145088322e-06	6.2519964085366e-06
531	chr7	8490551	8493542	62.39826159269192	-2.4390598783444677	0.5090282874197806	-4.791599874945746	1.654566212895897e-06	6.271960295396075e-06
378	chr5	121197533	121199917	26.931242288790685	-3.4506801627551758	0.7204140355985797	-4.789856932601354	1.6690026786851857e-06	6.290114141634342e-06
584	chr8	50982819	50983638	23.36414845373787	-3.5096793489527434	0.7331080389519798	-4.787397167230674	1.6895826058273606e-06	6.29739615747847e-06
471	chr6	62120860	62123253	144.91265676383932	-2.263806320622125	0.47287572937517747	-4.787317639696479	1.690252036133025e-06	6.29739615747847e-06
609	chr9	133788073	133790113	32.16406983033824	-3.0748886537601097	0.6460892134399581	-4.759232300735296	1.943306758277104e-06	7.158395516365377e-06
163	chr12	1989796	1991742	16.206183197535655	-4.118197721355273	0.8651628207308196	-4.76002623168267	1.935677996042708e-06	7.158395516365377e-06
417	chr5	63309929	63312234	19.781261478499097	-4.438448924492573	0.9336664146910121	-4.753784493749231	1.9964384201485006e-06	7.31279690975743e-06
211	chr14	51648119	51649503	48.307293832969044	-2.8956031198467587	0.6103251230111622	-4.744361669991097	2.091648534584687e-06	7.618742148319642e-06
503	chr7	192525519	192527126	17.461315357880874	-5.856070184309955	1.235127662343641	-4.741267127964835	2.123856812356607e-06	7.693081342536154e-06
86	chr10	144283833	144285496	68.61710078042238	-2.916411890909561	0.6157964833345839	-4.735999587261318	2.1797803050327568e-06	7.852026292162195e-06
506	chr7	195313719	195315102	20.342562536353274	-5.0558508908237405	1.068253415254735	-4.732819777241832	2.214220769312108e-06	7.932263415337882e-06
592	chr8	77391590	77392921	16.33328287209277	-5.701312674274729	1.2078555354099805	-4.720194184761956	2.3561960155068773e-06	8.394753016997181e-06
152	chr12	106872485	106873827	15.958575655165765	-5.102426738801889	1.0827225941928311	-4.712589139793231	2.445890303080647e-06	8.666959117437945e-06
589	chr8	7542870	7543967	19.942994178730842	-3.569934862300117	0.7582015817853481	-4.70842444550688	2.4963886332023978e-06	8.798083182961964e-06
342	chr4	177392129	177393851	16.079091512849974	-4.3848389513593755	0.9317965040828281	-4.705790300936355	2.528843613215086e-06	8.817144576557413e-06
175	chr12	86507687	86509137	21.972479005131518	-3.483188867809826	0.7401794852207617	-4.705870585930857	2.5278484747729168e-06	8.817144576557413e-06
415	chr5	63144582	63146445	20.003481956614355	-3.519559453542646	0.7530941296153457	-4.673465527264586	2.9615943445234367e-06	1.0271061237389792e-05
449	chr6	197161972	197167817	74.1889359339152	-2.4714735692333663	0.5293026816816123	-4.669301053569976	3.022262153789811e-06	1.0426004890322522e-05
180	chr13	13365135	13368402	57.09074316436167	-2.3880098055384047	0.5126146483581234	-4.658489204682443	3.1853850763314136e-06	1.0873670522345978e-05
588	chr8	7254108	7257837	117.39848125851091	-3.772126674779697	0.8096317393482964	-4.659064722210652	3.17649324969299e-06	1.0873670522345978e-05
489	chr7	14918779	14920592	26.956099892422845	-3.468082530681007	0.7468296338689195	-4.6437398482901004	3.421583563099415e-06	1.1619127516358431e-05
246	chr2	176549700	176552233	75.2173200474969	-2.722284890686176	0.5880102610428524	-4.629655417676094	3.662747306751622e-06	1.2373633388611696e-05
464	chr6	51106581	51107637	23.76904092168886	-3.26114960708122	0.7053829699471449	-4.623232692058871	3.7780550471502916e-06	1.2697380880113352e-05
416	chr5	63242109	63247855	87.48035078201399	-2.3458732980981307	0.508486673236888	-4.613441062604333	3.960566064795236e-06	1.3242508073058944e-05
535	chr8	100191325	100192643	25.38129782263401	-3.609942361584377	0.7829953596293727	-4.610426252453305	4.018441770798207e-06	1.336746956408383e-05
166	chr12	44468943	44470444	78.455803897656	-2.4712153295488033	0.5361784975678625	-4.608941501306716	4.04724177471243e-06	1.339493216808378e-05
332	chr3	94402607	94404506	17.65362576488658	-4.078547773515046	0.8865487093379327	-4.600477932634826	4.215226764575071e-06	1.388044368940882e-05
645	chrX	79782597	79784327	21.210162071489098	-3.189570347249244	0.6943542063094889	-4.593578202977837	4.357096296010096e-06	1.4275511482404938e-05
34	chr1	210355206	210357001	20.87741327431354	-7.01248157037672	1.5273165781814562	-4.591373963036749	4.403375270240746e-06	1.4315957762427131e-05
182	chr13	13380812	13385135	57.177503608620746	-2.892532979356456	0.63019991086153	-4.589865738638631	4.43531206750043e-06	1.4315957762427131e-05
458	chr6	28723378	28724313	15.504330901394312	-5.153833553137685	1.1227462281838028	-4.590381533923942	4.424365164300137e-06	1.4315957762427131e-05
91	chr10	31604901	31606238	46.603910107256354	-3.5161292282682703	0.7689305855885654	-4.5727524618843285	4.813586954731176e-06	1.5460387657560228e-05
395	chr5	188307338	188311404	53.86077346444353	-2.63613604832528	0.5777847273393627	-4.562488282555349	5.055091565120545e-06	1.6156469119895076e-05
78	chr10	117453038	117453887	29.53776724331588	-3.261895888873725	0.7151590206531078	-4.5610777388990345	5.089173379215663e-06	1.6186053869505425e-05
607	chr9	133758940	133761282	24.22616763098412	-3.1902940713827332	0.7001536319391667	-4.556562911123946	5.199747013254301e-06	1.645745171185342e-05
406	chr5	24108913	24110307	17.844967263667602	-3.8530632443885406	0.8479168758577439	-4.5441520909591775	5.515682381611062e-06	1.7373067211644505e-05
349	chr4	191411597	191412932	17.267512002429573	-3.617009139569723	0.7967634278532849	-4.5396274642211045	5.635370537314183e-06	1.758019899678874e-05
209	chr14	39083529	39085133	15.171908974359207	-5.705754020406332	1.2568646217773993	-4.539672707421361	5.634161523659895e-06	1.758019899678874e-05
318	chr3	26256493	26286387	443.6391265726218	-2.152212199037898	0.4751505746425385	-4.529537190725347	5.911302876904909e-06	1.8353187979723813e-05
177	chr12	86531290	86534131	88.40314360825899	-2.4795433200633457	0.5480411429363093	-4.52437440513751	6.0574410744705695e-06	1.871778000262944e-05
289	chr3	121653829	121654737	14.67979504213887	-4.275485682380292	0.9453891085392058	-4.522461327047312	6.112465714632148e-06	1.8798715311038492e-05
70	chr10	103701666	103703715	49.745203476272536	-2.533809868613551	0.5608854942322443	-4.5175172021196595	6.256894638136794e-06	1.915256011298211e-05
549	chr8	115873641	115874992	22.45524351838935	-3.988805899315197	0.8849667160117736	-4.507294824930038	6.565937089207077e-06	2.0004630757771094e-05
448	chr6	197156595	197158746	29.193583313797888	-2.838246117104317	0.6318015519702269	-4.492306339314068	7.04559780555719e-06	2.136618497313157e-05
401	chr5	194317585	194318777	29.624700759200206	-2.944424934712604	0.6561618201325006	-4.487345719258746	7.211599949958751e-06	2.166803302936915e-05
294	chr3	12620937	12622117	26.07164351138699	-3.0584611826015786	0.6815250890287086	-4.487672180873658	7.200561240917825e-06	2.166803302936915e-05
496	chr7	173790037	173791673	44.614454846476264	-2.9655864984876064	0.6633517513124413	-4.470609284772663	7.799707580477816e-06	2.3327565791153836e-05
12	chr1	121052195	121053510	136.95603615245204	-2.4921169328132495	0.5582070109669545	-4.464503103420858	8.025478550825549e-06	2.389320554857652e-05
198	chr13	97858711	97860879	25.53624262711431	-3.0442890824086337	0.6824654651843814	-4.460722538665248	8.16837886437097e-06	2.4208104634408515e-05
270	chr2	68524547	68526260	18.344886046113704	-4.659440357210074	1.0454236382556548	-4.4569877575990136	8.311934801214777e-06	2.4522088191819163e-05
382	chr5	146439110	146440964	20.490672023252422	-3.1744964401855933	0.7126554749606113	-4.454461590098706	8.41039834502266e-06	2.4700809553850338e-05
470	chr6	61817314	61818013	77.51114877350467	-2.7084742254063747	0.6082924092675195	-4.452585934234832	8.484226739627295e-06	2.4805900601959623e-05
105	chr10	70229905	70231097	19.448390956616667	-6.9099010351523	1.552970011678558	-4.449474866345679	8.608050221670323e-06	2.4944216642351337e-05
6	chr1	114697479	114699890	90.30893199882827	-2.7465436872558247	0.6172526807724692	-4.449626178728986	8.601988096168525e-06	2.4944216642351337e-05
441	chr6	176186762	176187760	19.867548905734367	-3.5139035678281414	0.793930760685034	-4.425957201603085	9.601556096167348e-06	2.7700064489827926e-05
121	chr11	104608106	104609925	35.57495414707319	-2.786125753061094	0.6301406067443043	-4.421435030914673	9.804754626395014e-06	2.8161674081099336e-05
97	chr10	47888611	47889413	30.75823898423093	-2.8004771401106026	0.6336581333374484	-4.419539484738589	9.891144908976444e-06	2.8285203862511586e-05
148	chr12	105633899	105638254	38.625621439550606	-2.57366084908845	0.5830571053191405	-4.414080242928758	1.0144033090200662e-05	2.88817012000473e-05
494	chr7	171066223	171067760	40.22196404045511	-8.923431575749884	2.0243490590837916	-4.408049854696786	1.0430553889710544e-05	2.9568352765614238e-05
27	chr1	182651426	182652667	18.136927830967085	-6.824540878242494	1.557673141188999	-4.381240645282747	1.1800545058454646e-05	3.330716613901484e-05
68	chr1	98436315	98437006	20.344761583620336	-3.7290491159243047	0.8519566668690404	-4.377040829586607	1.2030144540243759e-05	3.3808854483788494e-05
487	chr7	141926964	141928900	12.889405743425067	-4.366486047364145	1.005115206346136	-4.344264239357691	1.3974322898219587e-05	3.910411386111232e-05
614	chr9	22923534	22924270	24.167327397394846	-2.903503715868451	0.6692108965310205	-4.338697607763567	1.4332957509932024e-05	3.993627477126359e-05
272	chr2	74519130	74520426	12.26633162695189	-4.279291161227622	0.9941923621434684	-4.30428891246108	1.6752293157067955e-05	4.647870271663109e-05
28	chr1	18268900	18270629	31.40613656641423	-2.6079452710409683	0.6061251298230852	-4.3026516188203106	1.6876610517990142e-05	4.662521210902362e-05
109	chr10	76129776	76131290	18.607345275623477	-3.3186901484940314	0.773527141932231	-4.290334454462857	1.7840423362273514e-05	4.902436126827999e-05
426	chr5	99203417	99206466	74.20052425251298	-2.2701118200521777	0.5293215453786452	-4.288719852558192	1.7970586415826562e-05	4.902436126827999e-05
339	chr4	149761582	149763077	12.57435570085346	-4.862111065356619	1.1335587054515404	-4.28924504921856	1.7928148097939665e-05	4.902436126827999e-05
628	chr9	55198988	55200945	46.373037225411544	-2.669719762756794	0.6234533983956115	-4.282148063715785	1.8509774477514478e-05	5.0284887330581e-05
42	chr1	224182903	224186563	36.44416738512868	-2.5032398599609693	0.5849006638433789	-4.279769223567288	1.87087203664292e-05	5.061446339797444e-05
559	chr8	139696967	139698138	14.823225644676945	-3.6788816870832153	0.8601067394466483	-4.277238531406035	1.8922601188851762e-05	5.098155361624524e-05
98	chr10	62167389	62169016	15.00044895283193	-4.298274911891381	1.0076421559202675	-4.265675951167225	1.9929787437152692e-05	5.347416217705167e-05
452	chr6	197813325	197814851	14.132519594006615	-3.698191285665286	0.8682016063761535	-4.259599681117179	2.047933540986053e-05	5.472347002962732e-05
576	chr8	39900034	39901688	25.588248998477514	-2.8076601478019163	0.6596364626956691	-4.256374998325802	2.077681128240949e-05	5.51815220481232e-05
139	chr11	42750753	42755837	66.27470590425922	-2.2944650628296186	0.5391244010391772	-4.255910247072797	2.0820022122451393e-05	5.51815220481232e-05
350	chr4	205573141	205575247	204.96930994641585	-2.097124468938329	0.49499033469319537	-4.236697813984929	2.2683108602814275e-05	5.987605995560691e-05
249	chr2	1900919	1901838	33.014004205625696	-2.8119153467168587	0.6649362058780571	-4.228849808236396	2.3488908144530943e-05	6.150509281218544e-05
305	chr3	19229507	19230781	12.379681794102865	-5.3441797905463275	1.2636587723295711	-4.229132031184545	2.3459464465953742e-05	6.150509281218544e-05
521	chr7	47451278	47452301	15.05529026447767	-3.7079728365458697	0.8782454056279629	-4.222023608417963	2.4211874266542525e-05	6.314456808714291e-05
55	chr1	3521891	3523913	21.390504875132724	-3.3013174013232143	0.7829189557207381	-4.216678338416386	2.479272275669778e-05	6.440181369468904e-05
156	chr12	119815309	119817320	30.488238167758215	-2.8601431349874007	0.6822037418772932	-4.192505785906184	2.7589004357971117e-05	7.138107476744908e-05
537	chr8	10194788	10195728	18.489350706638522	-3.033935948122556	0.7246822915623885	-4.186573873057531	2.8319678955960245e-05	7.29819394438185e-05
4	chr1	10568571	10569798	14.784314375760886	-3.8955360006372235	0.9351952820435433	-4.165478671069519	3.106999718388728e-05	7.962712621767608e-05
414	chr5	62174608	62175935	43.637359924427635	-2.7414858907553543	0.6582283018693086	-4.164946847423278	3.114251102071687e-05	7.962712621767608e-05
84	chr10	142668103	142669971	44.090257317654654	-2.3762241501201884	0.5706529866191277	-4.164044008948923	3.1265980878091945e-05	7.963054504889043e-05
442	chr6	176189851	176191279	47.6299192392271	-2.377506704749132	0.5715457750416952	-4.159783535405696	3.185493526584737e-05	7.976198413602817e-05
444	chr6	182015359	182016562	44.23961835289992	-2.3457773841099963	0.5637707460586171	-4.160871064186254	3.1703604743138824e-05	7.976198413602817e-05
546	chr8	113861348	113862877	95.1844123300812	-2.1098461588908517	0.5068397002683808	-4.16274841488078	3.144397591526624e-05	7.976198413602817e-05
501	chr7	179527947	179529367	14.403530861127905	-6.488975049172421	1.5601305959984377	-4.159251197185623	3.192926052071066e-05	7.976198413602817e-05
389	chr5	170278976	170280619	20.776659886166893	-3.5164587473355464	0.8454169803821433	-4.159437093097001	3.190328696345758e-05	7.976198413602817e-05
649	chrX	94543407	94544936	14.851275223328114	-3.587162797509729	0.8642270126632355	-4.150718208234881	3.3143361699329834e-05	8.24789001067292e-05
468	chr6	56595087	56597295	30.001612983403643	-2.7600351227391826	0.665723492285592	-4.145918169814475	3.384546938393864e-05	8.390587847273e-05
457	chr6	25534469	25536269	11.378208811450435	-4.679483652836996	1.1307599094711778	-4.138352990446442	3.498078981675052e-05	8.639195060803538e-05
605	chr9	131836482	131837262	13.878391865030487	-3.401663522125517	0.8245274925520559	-4.125591387616169	3.697833054943197e-05	9.098064723860242e-05
526	chr7	70380524	70382678	17.75016653865784	-6.773593061382784	1.6450364708555683	-4.117594461513611	3.828476239536071e-05	9.384084617208716e-05
259	chr2	230345490	230347746	22.904480380893503	-3.0802095586616836	0.7492557715441142	-4.111025467730187	3.939057448598933e-05	9.618971747140467e-05
185	chr13	23809795	23826027	190.12585796188878	-2.015297447490693	0.4909686113355337	-4.1047378609575	4.04773604772902e-05	9.847477250445229e-05
258	chr2	229094710	229096874	25.241805092755175	-3.351976062914205	0.8171350914419476	-4.102107592759455	4.094038061662738e-05	9.923095971018977e-05
304	chr3	19223592	19225743	25.907942590416624	-2.832472086314271	0.6909846073904018	-4.099182609886912	4.146118179044781e-05	0.0001001210760273036
36	chr1	210757066	210759639	26.534318971147133	-2.853168707205878	0.6965610484146025	-4.096078461033373	4.2020756528580464e-05	0.00010109790869606812
323	chr3	46858022	46860620	17.630017463986096	-3.9658787634458608	0.9691143129457157	-4.092271376522335	4.271683212330978e-05	0.00010239475935440433
410	chr5	35802899	35804371	12.266737384773727	-5.42478591908399	1.3309565518466617	-4.075855001846051	4.584558101785859e-05	0.00010949201034301758
210	chr14	39098894	39100343	30.101210909425188	-2.732284127915922	0.6719475417185679	-4.066216420597138	4.77825652653647e-05	0.00011370157866064885
473	chr6	67314635	67315751	12.827099878836151	-6.302925945509315	1.5513499545996887	-4.062865330173505	4.8473998085944786e-05	0.00011492744273467637
383	chr5	147731674	147733583	10.865615363513767	-4.5933914942036065	1.133516324480956	-4.0523381931062605	5.070829301124449e-05	0.00011978915595409929
195	chr13	89233240	89234345	23.075835685175832	-3.134183648990365	0.7756863238833123	-4.040529725082333	5.3330604707096475e-05	0.00012552907678349063
301	chr3	176374176	176376189	52.26894778231594	-2.145661995933324	0.5315090744247247	-4.036924483849436	5.415649163255095e-05	0.0001270145055554792
463	chr6	49071702	49073188	57.284320182123075	-2.4638856878092628	0.6109025692444913	-4.033189270846204	5.5024925062381704e-05	0.00012858871376585258
164	chr12	2124501	2128811	52.699405124476016	-2.443555310314638	0.606677264004783	-4.027768065980092	5.6308849734375525e-05	0.00013111917866718873
636	chr9	93781173	93782866	27.480200474831644	-2.903162646743289	0.723587757369747	-4.012177675996525	6.016119148612357e-05	0.00013959109198915506
125	chr11	13199153	13199981	11.110791799178967	-4.217204017840106	1.0545607793926925	-3.999014661126254	6.360674029394726e-05	0.0001470623924526724
133	chr11	2884558	2886766	21.86765232052602	-3.1929626780375635	0.7988522020628085	-3.9969379439558983	6.416711350130694e-05	0.00014731323240440889
507	chr7	196255304	196260082	101.10884155598917	-2.7003162174786173	0.6755878189719042	-3.996987721874417	6.415362713237655e-05	0.00014731323240440889
251	chr2	198362474	198364443	16.786609846154345	-3.2962118380687877	0.8260617698194773	-3.9902728324894183	6.599733367946317e-05	0.0001509833738912631
648	chrX	93469975	93471818	32.25921480344733	-2.4877503916197266	0.6259764714014794	-3.9741915315922007	7.061871943495041e-05	0.000160767447008896
627	chr9	5402017	5402967	11.642344206966044	-3.8894520838149833	0.9788007608075072	-3.973691316510828	7.076726578459072e-05	0.000160767447008896
35	chr1	210385128	210387238	49.22295912027664	-2.1495519769602174	0.5415143290518496	-3.969520032321064	7.201755233830519e-05	0.00016303973654366313
310	chr3	202144820	202146276	22.34568387258139	-8.089321578709999	2.041172737751032	-3.9630754561335313	7.39903830035977e-05	0.0001669264004095007
119	chr11	102905496	102906319	9.916857808531882	-5.02803635198343	1.2691515230847144	-3.9617305424356455	7.440848750086236e-05	0.00016729080638124916
267	chr2	56720381	56722050	30.69246837013802	-2.3206203798847413	0.589366578105519	-3.937482147943011	8.234105563216241e-05	0.0001844892380486938
25	chr1	178550267	178551276	16.176095136904085	-3.3558833988966446	0.8544188387078316	-3.9276795487935026	8.5769385920797e-05	0.00019151246445328645
74	chr10	109734746	109748173	214.99427798074328	-1.6872673948344414	0.4303092815758559	-3.921057404700684	8.816125587345675e-05	0.0001961813611928116
321	chr3	46760993	46764918	41.413547386990835	-2.61354066854081	0.6675472926983022	-3.915139342377647	9.03520115063336e-05	0.00019926748220395275
46	chr1	249234919	249237692	20.367190851388287	-2.959517829284378	0.7558924548958271	-3.9152630908218846	9.03056803581521e-05	0.00019926748220395275
631	chr9	55279133	55282248	35.65431081101129	-2.9811430938971197	0.7614984898518353	-3.9148378278165206	9.046499192081291e-05	0.00019926748220395275
356	chr4	30768407	30770103	76.24225557987441	-2.124748176159077	0.5439765928591496	-3.905955153311592	9.385391856491898e-05	0.0002060362117990814
307	chr3	19591283	19593324	13.402372813797745	-3.469295056692804	0.8894499011626343	-3.9004951848979403	9.599613551886034e-05	0.00021003181328287565
602	chr9	107643751	107644220	20.742934329713357	-7.981402001535895	2.052250400843971	-3.8890975478692127	0.00010061767240118865	0.00021940709834640466
39	chr1	212363547	212365350	20.137966475713167	-2.810404452435262	0.7228349238612233	-3.888030807120811	0.00010106080195062865	0.0002196388095726996
20	chr1	151658884	151660711	14.036484752459394	-3.2667760297669464	0.840624074368829	-3.8861318981612087	0.0001018541802002748	0.0002206276594371401
587	chr8	71629140	71630487	18.943403533533573	-3.5251941691745112	0.907568890030337	-3.884216623001121	0.00010266034899321526	0.0002216375746476038
431	chr6	13820474	13822285	30.8688891861098	-2.6544882024365175	0.6835800330727901	-3.883214947786308	0.00010308436425800081	0.0002218184999875133
120	chr11	104605362	104606373	11.199531691060244	-5.266510542695073	1.3574479345230288	-3.879714579657588	0.00010457910816697858	0.0002242946662002304
558	chr8	137147120	137149616	37.47916129566975	-2.3978470008321033	0.6182332663174944	-3.8785473565906217	0.00010508207234430075	0.00022463446284748883
509	chr7	196722430	196723745	11.811518351504914	-6.206178355036641	1.6028630853340173	-3.8719329254147423	0.00010797566888998242	0.00023006580430153117
593	chr8	8437457	8440400	48.98834329861623	-2.1269647384425143	0.5495677647135977	-3.870250176611001	0.00010872372246983942	0.00023090510439848633
612	chr9	17128156	17129584	14.61260063129994	-3.20242469125157	0.8287545687451482	-3.8641412210861104	0.00011148071425647043	0.00023599164186759327
64	chr1	74940323	74942199	18.582606620635236	-3.184450695809566	0.8244391725320428	-3.8625659744300886	0.00011220225006053025	0.00023675037876849745
399	chr5	193878256	193879659	25.726275045321795	-2.6797272833394805	0.6945431111088188	-3.8582591065677265	0.00011419754744858075	0.00024018322882733755
511	chr7	2979138	2980213	10.079873818709304	-4.516175626597056	1.1720305936358528	-3.853291587369792	0.00011654046502676795	0.0002443227755545103
508	chr7	196269018	196270353	10.495731130616292	-4.127644826222989	1.071776644159819	-3.8512173676435246	0.00011753211922302692	0.00024561199273529985
317	chr3	214171864	214176059	206.76977368930375	-1.8453102509851673	0.4793489072232849	-3.849618144900883	0.00011830211109205355	0.00024643123460708915
8	chr1	115532957	115534666	36.949182139106576	-2.221830198382862	0.5782595924224643	-3.842271235095465	0.00012190101545031046	0.0002531193059668867
591	chr8	77385081	77386150	11.084732560855583	-6.102303731327392	1.589184112141983	-3.8398972684809927	0.0001230858051313604	0.0002547680791925301
485	chr7	139667172	139669012	30.21551109071132	-3.0231927662773788	0.787645127782395	-3.838267589858824	0.00012390541348423695	0.00025565294174595724
413	chr5	5491162	5493147	26.731317850190834	-2.5208843009899344	0.6569529924706106	-3.8372369558887565	0.00012442639922726975	0.0002559180198617662
621	chr9	30785711	30787298	15.146779213358025	-3.03017981698425	0.7903753245423956	-3.8338492142813747	0.00012615349043608229	0.00025865432630291083
234	chr16	50890714	50892495	18.38055552032728	-2.6641693471658487	0.6957466444876628	-3.829223422453877	0.00012854826334248647	0.0002627381432579974
7	chr1	114705757	114706856	69.23377001602204	-1.883918177178209	0.4944248548514211	-3.8103225569926953	0.00013878559575525326	0.00028277565135132853
314	chr3	204687143	204699426	325.1297273584995	-1.8505250448670092	0.48700995634900146	-3.7997684046132405	0.00014483137449303125	0.00029417462981139056
575	chr8	391077	393114	22.408710024781755	-2.6687611373417255	0.7074282361471742	-3.772483201796476	0.00016163085151635277	0.0003272773763623044
548	chr8	115856656	115858057	14.247847662742599	-3.2610209982868903	0.8658379335832717	-3.766318004561373	0.00016567275006751172	0.0003344230125201785
52	chr1	30480948	30481829	33.0552637237977	-2.121202800031978	0.5644345997381415	-3.758102003342936	0.00017120709100727362	0.0003445278498047605
80	chr10	134095647	134098698	105.57036994774616	-1.990473377033459	0.5301126263365583	-3.7548122382765996	0.00017347147089718685	0.00034801045853835637
616	chr9	28046444	28048045	11.836931049022944	-3.624931518301176	0.9689647538264473	-3.741035475218578	0.0001832636480853942	0.0003665272961707884
379	chr5	121211567	121212532	25.193160640926138	-2.5475692823158185	0.6812686097775007	-3.739449089174743	0.00018442399337518023	0.000367720011255711
619	chr9	30766607	30767755	53.370503494468295	-2.049155702541505	0.5488548356009753	-3.733511248557657	0.00018882875646593965	0.00037535472321888
127	chr11	132819133	132820414	38.65620140094388	-2.3932260632509137	0.6465019885150676	-3.701807737278346	0.00021406881023264198	0.00042294807355055327
363	chr4	64659971	64662672	40.29261881828368	-2.184941118704761	0.5901187771175364	-3.7025446459731572	0.00021344778362106974	0.00042294807355055327
94	chr10	36111037	36113098	62.035977051923645	-2.0675039470054135	0.5595066443681267	-3.6952267999253676	0.00021969059396056368	0.00043274400985585354
620	chr9	30783230	30784384	26.300947393156886	-2.268502342675333	0.6141225272269106	-3.6938920852143715	0.00022084755606843222	0.00043371267035125844
134	chr11	39560096	39562781	88.6431299706739	-1.9916791855517937	0.5394308804436218	-3.6921860756541403	0.0002223346943951027	0.0004345400181192812
322	chr3	46825161	46830278	42.62169399110521	-2.780658792541432	0.7531821686322944	-3.691880806991007	0.00022260178842306737	0.0004345400181192812
72	chr10	107342319	107343935	30.36413855115052	-3.124375475972386	0.8475637985344285	-3.6863012334586776	0.00022753700397618634	0.0004428481390820104
578	chr8	43079361	43081954	22.105538792287206	-2.740308576046985	0.7465298211814597	-3.6707288822168773	0.0002418597801661416	0.00046932314484620334
229	chr15	54366550	54367924	41.977624296919565	-2.3626135486416766	0.6439952654872959	-3.668681549784288	0.00024380453439938282	0.00047169304578159523
100	chr10	62291087	62293036	32.30719699194042	-2.556120007211321	0.697652152831251	-3.6638889406962076	0.0002484145306408929	0.0004791901596978171
565	chr8	145512538	145513700	22.317692881066023	-2.4028631509756475	0.6561849657721675	-3.661868644229104	0.0002503822393625719	0.00048156112113391413
513	chr7	33464232	33465235	27.154739314936236	-2.2289357477622036	0.609713373019607	-3.6557107755786844	0.0002564703825850315	0.0004918196748395309
108	chr10	72389458	72390374	12.648749035912886	-3.3048448375576367	0.9042591927530461	-3.6547539290100337	0.00025742876384767584	0.0004922098358612453
455	chr6	25435984	25449987	185.09870345269982	-1.8217544513208415	0.4991264731099537	-3.6498854488119346	0.00026235728203150076	0.0004987083028703747
571	chr8	153529732	153531196	28.56539133595362	-2.4347818251678075	0.6670071423231142	-3.6503084759898137	0.00026192555370004896	0.0004987083028703747
76	chr10	11385252	11387611	71.70277742469062	-2.0060849746686538	0.5506059471565485	-3.6434131978205504	0.00026904641127628126	0.0005099368027678354
73	chr10	109180798	109184267	121.26060108603752	-1.6349316743743443	0.44948161117797786	-3.6373716604103135	0.00027543435588367856	0.0005205310145975606
391	chr5	177839712	177842905	151.09780081030883	-1.8631830005940437	0.5131712814137204	-3.630723440838732	0.0002826279051604302	0.000532582064059539
264	chr2	47779851	47781317	46.042879332951145	-2.275145911876155	0.6280011795140861	-3.6228370042816507	0.00029138945159419165	0.0005475098629377895
107	chr10	71468756	71470365	14.035363983543315	-7.410434676001981	2.052709712268625	-3.6100743479271973	0.0003061092513161218	0.0005735150340750329
287	chr3	102230818	102232830	266.94202226882567	-1.8917365746929713	0.5257385592249006	-3.5982458229466165	0.00032037074061175963	0.0005985149652689607
650	chrX	94699283	94701127	8.869687849185715	-4.367195732560579	1.2168594740287648	-3.588907203969671	0.0003320670051260142	0.000618593392406175
515	chr7	33544668	33546425	13.768624719839224	-2.916554102001999	0.8138176095081873	-3.583793306911304	0.00033864009828214384	0.0006290408663246661
26	chr1	182648675	182649868	14.17694559716868	-7.442462647728297	2.0789875247487872	-3.579849594637467	0.0003437920294107149	0.0006367965999312105
567	chr8	145541953	145544130	11.52545669028539	-3.638717213330481	1.0227185085070432	-3.557887319984316	0.0003738496116803179	0.0006905097643500489
236	chr16	51957567	51958511	15.27373713618988	-3.2644385982013766	0.9200066608184829	-3.5482771345341915	0.0003877599944304953	0.0007141794247702908
386	chr5	15725424	15727351	85.49532242378147	-2.0519539596415144	0.5794579012030097	-3.541161412039534	0.00039836979051973147	0.0007316538124475068
16	chr1	144993554	144995893	29.225882787139692	-2.4355604710172605	0.6879462522685882	-3.5403354011824284	0.000399618820524025	0.0007318861544428773
263	chr2	42105609	42106715	35.86726652277422	-2.6028849001733843	0.7382500596661798	-3.5257496644840782	0.0004222859322220816	0.0007712336913411686
200	chr13	98102338	98103390	22.314444522818025	-2.242828421954512	0.638802378785553	-3.510989464720564	0.00044644209109810797	0.0008130733055753251
365	chr4	83968137	83969121	29.213292011401254	-2.2609891670577036	0.6445661369999822	-3.507769082597285	0.0004518811029376635	0.0008206865713519682
480	chr7	11510763	11512755	13.352241316046241	-3.483607881354298	0.9952806525632453	-3.5001261929312264	0.0004650379539299383	0.0008422354054508882
15	chr1	144692454	144693867	18.390698904710955	-2.4672871846770574	0.705714205782241	-3.4961563256930908	0.0004720120855638005	0.0008524982819601051
115	chr10	88904446	88906055	22.276560832258706	2.527790300211399	0.7265878755272064	3.478987725162981	0.0005033116402972105	0.000906517097993871
59	chr1	50855484	50856763	15.028458704207248	-2.633729118146507	0.7583221978296009	-3.473100386200643	0.0005144828834425624	0.0009240849586902223
225	chr15	50662138	50663649	11.990422497361159	-2.8746362158539354	0.8279194338908097	-3.4721207139015617	0.0005163640934682653	0.0009249159036849148
29	chr1	189757728	189759324	12.818060251969802	-2.8795453428386875	0.8327149648661948	-3.4580204083415125	0.0005441601615794767	0.0009720340420542981
221	chr15	30669235	30670652	18.634986218061098	-2.4943588984630445	0.7227752506896906	-3.451085100220108	0.0005583374879721744	0.0009946339949668244
500	chr7	178277379	178278413	12.095721372642027	-3.218939358772503	0.9379927916503793	-3.431731445514463	0.0005997411350966342	0.0010654801637139115
145	chr11	70600354	70602067	16.689597902500996	-2.6074933921794825	0.7613430206234899	-3.424860176749393	0.0006151159037621357	0.0010898249164481319
190	chr13	33504588	33505879	25.17034532764072	-2.2609928063515445	0.6611805187860192	-3.419630104200453	0.0006270633838375098	0.0011079819139893127
320	chr3	39785187	39786269	16.901384501116805	-2.433941615757939	0.7120292226497116	-3.418317027355121	0.000630096673393502	0.0011103325163582792
481	chr7	121422083	121424026	49.65658321343193	-2.031511237017534	0.5973505823874582	-3.400869266583956	0.0006717194403344911	0.001180488073040669
390	chr5	170289155	170291097	8.382103366870473	-3.73258235277236	1.1016498325253685	-3.3881749377803376	0.0007035937316757474	0.0012331804114316864
299	chr3	164609703	164610668	8.25165331122402	-4.871158785494492	1.439118152798127	-3.384822000906132	0.0007122442524927086	0.001244995315349185
32	chr1	210208167	210209585	12.877280934622846	-3.031820337598478	0.9015177989332274	-3.3630177254248923	0.000770954134057312	0.001344016297875314
154	chr12	115695551	115697550	114.56101312688686	-1.6969408582462417	0.5050105722426856	-3.3602085808032696	0.000778836482218304	0.001354137030416891
545	chr8	113849166	113850726	11.084577609387233	-3.3887744299254443	1.0113801106122873	-3.350643733614543	0.0008062395593296721	0.001398053703944006
335	chr4	101441189	101442549	12.36461785380114	-2.8877153010626033	0.8622927091733095	-3.3488805719244588	0.0008113876228188513	0.0014032486208962627
560	chr8	143446851	143448922	39.27341502314963	-1.9149693802426444	0.5722541398148067	-3.346361777063541	0.0008187949036884273	0.0014123129026583456
610	chr9	142043520	142046022	39.423122183043276	-1.9544165998907783	0.5863704762722604	-3.333074701024535	0.0008589187767191176	0.001477612249131569
604	chr9	126021609	126023054	33.20437707691613	-1.9665089386074641	0.5914135284469585	-3.3250996874749923	0.0008838692607026939	0.0015165335736267275
453	chr6	198373734	198376182	44.39789627536587	-2.017027412100235	0.6079994706587509	-3.317482184507234	0.0009083270821266458	0.0015544075001222388
203	chr14	10443785	10456783	551.8282758978081	-1.3709122444793338	0.41397948679420304	-3.3115463162087546	0.0009278187979857745	0.00158360695363017
213	chr14	64902769	64905150	37.8432616260479	-1.9743405707898365	0.6003441082385684	-3.2886815139780814	0.0010065785531934313	0.001713548868621716
540	chr8	104766504	104767446	14.204270437751061	-2.7460117210991575	0.835425093285244	-3.2869634191866095	0.0010127398843097631	0.0017195479285676187
536	chr8	10188121	10191520	180.82504007381468	-1.663714786717775	0.5071843458186172	-3.280296011566502	0.0010369822345440308	0.0017561361478511898
563	chr8	144242894	144244751	76.14095761742661	-2.1232449780483504	0.647526351966732	-3.279009374057778	0.0010417217548982021	0.0017595921870301237
544	chr8	111857982	111860849	48.39329129645631	-1.795271709187475	0.5529043779737612	-3.2469840730265873	0.001166349165581565	0.001965012030902275
2	chr1	103756872	103758821	21.95031747995847	-2.1991035646643495	0.678435913106565	-3.2414315371287343	0.0011893099735874634	0.0019985311927294487
268	chr2	58674901	58676552	34.53971786475038	-1.7900821208018465	0.5591339838480494	-3.201526239707727	0.00136701624083351	0.0022912457301373997
215	chr14	70353662	70354729	8.460563325588696	-6.665309563806768	2.1017155700706214	-3.171366125237775	0.001517237837496942	0.0025365104360205288
184	chr13	17388152	17402825	175.54566436000354	-1.4177146719083666	0.4489411503638206	-3.157907602721325	0.0015890591505471879	0.0026497866142116792
218	chr14	9924461	9925962	9.93710094165705	-3.0921781554562693	0.9810323368177091	-3.151963538211935	0.0016217652320986344	0.0026974258452252798
533	chr7	85786919	85788491	14.4559599925524	-2.7050859465540777	0.8629941571833604	-3.1345356443465793	0.0017212634093277763	0.0028556329335412472
207	chr14	34146618	34149407	56.34693739332511	-1.5845610834609347	0.5066643350778077	-3.1274375829465004	0.0017633725789766813	0.0029180683286619195
367	chr4	87509964	87512478	18.150185721710358	-6.802024715361344	2.177590014786009	-3.1236480095771264	0.00178624001139349	0.002948426550452039
419	chr5	64143057	64144982	18.31541829577561	-2.2293578862524894	0.7144850237605672	-3.120230392680106	0.0018070963829057473	0.0029678257976185067
617	chr9	28870454	28872251	19.650686743949212	-2.057475153731061	0.6593093257802697	-3.1206522845647764	0.0018045096886224337	0.0029678257976185067
60	chr1	51047005	51047742	7.41495514566715	-3.6106246602676992	1.1683377201763518	-3.0903946674962293	0.001998906903814001	0.0032745912092631375
53	chr1	31600251	31603659	62.269876320237415	-1.6679806725760011	0.5485024684528926	-3.0409720439011174	0.0023581572487179035	0.0038534298901355215
126	chr11	13203549	13215090	171.06955126123134	-1.3768762772621417	0.4561958548871321	-3.018169197532047	0.0025430687607487993	0.004145202080020543
525	chr7	66256113	66257669	45.712034796289885	-1.7488738173807459	0.5812929603652348	-3.008592803673217	0.002624606288084095	0.004267439650450947
532	chr7	8498369	8501796	41.79891946805982	-1.6973491841867365	0.5654619317407186	-3.001703720286908	0.0026847333372599508	0.004354343621625591
183	chr13	13420697	13422365	17.47142377839997	-2.2807013139685792	0.7607558786655035	-2.9979410977005148	0.0027181020131626875	0.0043975248451168045
538	chr8	102290052	102291127	34.35520449036262	-1.6922803878123607	0.5657966444501836	-2.990969289782276	0.0027809345903583175	0.004483747964625627
404	chr5	22696192	22697345	30.430735219922273	-1.8690369918060072	0.6249900700120169	-2.990506700002563	0.0027851501927505817	0.004483747964625627
17	chr1	144997400	144998716	18.08443781007332	-2.1383283957843986	0.7194053496562169	-2.9723554277240836	0.002955243522037059	0.004745859055093997
141	chr11	51349978	51351282	13.283516435225957	-2.2794603849078783	0.7696530930137258	-2.96167248023679	0.0030597306522035204	0.004901583256109817
397	chr5	193472467	193474050	26.914346156371717	-2.7510904261222415	0.9308711767316634	-2.955393286299251	0.0031227070407254423	0.004990208310178893
520	chr7	47005112	47007849	28.74399067547564	-2.257737071595848	0.7680462263671932	-2.939584876648365	0.0032865224246662692	0.005239150662304175
260	chr2	232522265	232524854	18.209728714144457	-2.0155771998514487	0.6864806264860442	-2.936102086622286	0.003323649233769267	0.0052854129278477125
352	chr4	207515226	207516684	32.91190825870843	-1.966051068730688	0.6752377176836661	-2.911642844056497	0.0035953347363290775	0.005703548048872405
303	chr3	19213319	19215313	51.84861200241709	-1.4992944516104718	0.5189383428580636	-2.8891572038270996	0.0038627591111370925	0.006083379083240059
276	chr2	88648884	88650659	18.753053815191482	-2.0170575416366856	0.6979817583790388	-2.8898427751478906	0.0038543454540251997	0.006083379083240059
375	chr5	119155325	119157173	95.54760443595588	-1.5949860667778268	0.5519225439608136	-2.889873016114867	0.00385397470619606	0.006083379083240059
65	chr1	78075272	78078144	40.19103949178683	-1.5338698582095451	0.5318537989681142	-2.8840065844890277	0.003926505432783025	0.006168871185962729
542	chr8	110989059	110991082	63.083089388855775	-1.4221473960055833	0.49382842039483776	-2.879841129573938	0.003978756072909507	0.006235934998887016
252	chr2	199025908	199029236	70.60587375935005	-1.3618860385632245	0.4742669218535578	-2.8715602455271845	0.0040845091808015465	0.006386330901397143
242	chr2	148559983	148581584	246.1880394089867	-1.4593991401297548	0.508466802103792	-2.870195525236771	0.00410218051984604	0.006398616504640234
570	chr8	148293047	148295892	29.058414407700592	-2.072099486015519	0.7242100707031972	-2.8611856833246483	0.00422059778429289	0.006567612781286311
527	chr7	70464580	70465832	14.98775396105591	-2.2659409428314796	0.7929878798611557	-2.857472352828675	0.004270298335015313	0.0066291297962618664
517	chr7	33675992	33677717	27.042303050897242	-1.7824800531004306	0.6244054635507267	-2.854683626508053	0.0043079719687639005	0.006671728559700863
271	chr2	68538289	68541052	50.407804342495275	-2.183007835977007	0.7717487647636273	-2.828650897349506	0.004674465855390475	0.007222160515911349
239	chr2	120919853	120920735	32.343096932872065	-1.9522841172199736	0.6909641366817642	-2.825449272368145	0.004721436334914834	0.007277485792823809
248	chr2	182685937	182687707	34.92976177372498	-1.5467414576009915	0.5488516660397759	-2.8181411359492854	0.004830257259635769	0.007427659748307833
265	chr2	56193172	56194293	18.213364747038028	-2.083862413871956	0.7417046310458575	-2.8095583155973536	0.004960953073494433	0.007610685656278519
434	chr6	158244079	158245489	20.621568486419946	-1.8183013653301672	0.6487510645300453	-2.802772071977012	0.005066546184923637	0.007754432189131952
562	chr8	144182531	144184618	45.99287676630784	-1.6463266197632058	0.5884521346021042	-2.797723931915734	0.005146407903813872	0.007858215347275514
9	chr1	119666738	119669189	35.633496564785666	-1.8007077126915885	0.6444368678806291	-2.794234474221823	0.005202274345302944	0.007924959983966168
132	chr11	2878262	2880502	16.302808772869515	-2.2064478376793883	0.7903626077402306	-2.7916905684442304	0.005243347163500485	0.007968909908163907
266	chr2	56204126	56209167	66.09784934184749	-1.5418995652184153	0.5541671372008073	-2.7823727928126747	0.005396301519123518	0.00818229904760124
199	chr13	97981639	97987716	46.67935546412645	-1.625034449863283	0.5855269950383325	-2.7753365150259164	0.0055144616216723525	0.008342062592413862
61	chr1	6961951	6963365	40.505600891991854	-1.9260043403333278	0.6971878156146317	-2.7625329892424864	0.005735476543323207	0.008656321079274842
62	chr1	71156949	71163411	384.7245431349372	-1.1586226190246842	0.42233618891977054	-2.743365710592191	0.006081291613904306	0.009135949613515224
647	chrX	87803172	87804462	39.17192174642319	-1.529371153459809	0.5574543441691855	-2.743491318090168	0.006078965566126798	0.009135949613515224
58	chr1	44043724	44046108	43.224589217341105	-1.6347208300165477	0.5979076076626205	-2.7340692927576304	0.006255687810793051	0.009376341270430045
238	chr16	6192436	6193857	10.773237408876854	-2.916071520669731	1.0702981140911358	-2.7245413985859153	0.006439085729248786	0.009629091503372038
37	chr1	211138942	211140267	20.295158548932644	-1.9926031080718343	0.7391262766648558	-2.695889959511406	0.007020085348288954	0.010473903082572993
637	chr9	93815020	93816466	12.015805490951246	-7.1824829804176495	2.665156475349384	-2.6949573305920342	0.0070397645426641614	0.01047928420506172
67	chr1	97485	99623	21.010490687344532	-1.889738865960799	0.7026505430960296	-2.6894434004622023	0.007157128291726633	0.010629721289762563
504	chr7	193049851	193051492	18.000751615558645	-1.8238011870984205	0.6805798634614955	-2.6797754165431664	0.007367156965182483	0.010916787139315862
514	chr7	33494041	33495551	28.701836276349812	-1.710539754887603	0.6389181740346276	-2.6772438543826684	0.007423058688508364	0.010974680872806017
479	chr7	11504912	11506674	37.26294460799837	-1.7900112904729424	0.6741546138105645	-2.6551940071360702	0.007926280803133528	0.011692160822721856
245	chr2	150382495	150384844	30.06677844736886	-1.6974392931935052	0.6541442455798819	-2.594900596715896	0.009461827935934674	0.013925760303000922
146	chr11	77497478	77499244	21.211294911803755	-1.747986643023504	0.6756591460746098	-2.5870835215934194	0.009679212725452878	0.0142136186869263
420	chr5	64332087	64349089	232.37292944910175	-1.3574553237871072	0.5277022973252619	-2.5723885051620448	0.010099948185784495	0.014798126330632563
574	chr8	22786901	22787828	133.9357612765101	-1.1613753310432524	0.457249214003084	-2.5399176105208556	0.011087858506981917	0.01620915638240406
54	chr1	3484485	3487137	23.624604792689016	-1.6586858007033207	0.6552612537706735	-2.5313350837677078	0.011362923791365657	0.016574108080470714
425	chr5	9405077	9410822	167.47742429158077	-1.5416804401978124	0.6097554655662425	-2.5283585424956354	0.011459725577931363	0.016677993475025108
155	chr12	117057951	117072107	146.3471957124253	-4.395295747857458	1.751531833958171	-2.5094010069601875	0.012093610739501558	0.017561323390100258
595	chr8	96296484	96297834	18.91938828345766	-1.6166715005043844	0.6452934673084054	-2.5053275484838093	0.012233804035785594	0.017725422736293794
502	chr7	187255222	187256940	53.04299827979717	-1.3736947275859448	0.549039620134653	-2.5019956251045117	0.012349545091941146	0.01785344434577744
359	chr4	52488499	52490745	88.13218660232616	-1.2819813063855603	0.5129753619679646	-2.499108926922733	0.012450603460751327	0.017959720036305013
5	chr1	107419996	107420922	23.128977091753246	-1.5232945846237627	0.610662565565797	-2.4944947840586646	0.012613658032219574	0.01815475725608645
33	chr1	210349697	210350859	49.22131585637492	-1.3506793294250299	0.5434080692236045	-2.485570984168152	0.012934378892845082	0.01857536352012113
603	chr9	117033139	117034917	18.139291595360994	-1.7846746597778558	0.7191789744156285	-2.481544543523397	0.013081435942623188	0.018745266449649054
143	chr11	53000595	53003467	21.17419827612234	-1.8719452389109952	0.7611702781877572	-2.4592989145186306	0.013920865802136691	0.0199043958398972
512	chr7	33461008	33462344	9.979599860971739	-2.255765325719719	0.9229952796581183	-2.4439619307211027	0.01452695933664701	0.020725552489045625
38	chr1	212355153	212357136	40.149557405165496	-1.4350855997670795	0.5883748245496191	-2.43906696868886	0.014725239102972135	0.02096256745663282
316	chr3	214153453	214165152	107.10042231748015	-1.6685323838776176	0.6847002713208307	-2.4368799805773578	0.01481459550460569	0.02102090892835478
519	chr7	40294777	40300547	63.59788836093758	-1.1583865770954456	0.47543310434081254	-2.4364869978954182	0.014830702618164415	0.02102090892835478
71	chr10	107285178	107288532	262.015490221293	-1.099448744836178	0.4530959446604647	-2.4265252377398103	0.01524419000701066	0.021560112547876247
611	chr9	142064961	142067810	32.27798485374428	-1.403398131352498	0.5806962435081187	-2.4167508349533127	0.015659732512423294	0.022099882246969668
24	chr1	171179839	171181255	45.99555299731616	-1.3406921597645813	0.5558962496746087	-2.411766872953989	0.015875428763704114	0.02235589536487059
606	chr9	131891651	131893623	26.631639930867035	-1.6330848541196261	0.6809328023816204	-2.3983054545291003	0.016471123455263244	0.023144768303516455
495	chr7	173771578	173773296	34.70306953854901	-1.311355027542295	0.5530303781475645	-2.3712169879976965	0.01772961894153171	0.02485959473092188
87	chr10	28884982	28886235	11.16414972273018	-1.9813858790391934	0.843905170222125	-2.3478774025257736	0.018880734697164094	0.0264168219368047
297	chr3	159215053	159219363	55.20976197730303	-1.2003072399943044	0.5162392783547468	-2.3250986322072986	0.020066686779314905	0.02801601665977156
88	chr10	28911495	28914117	92.29746431382068	-1.1936833063858205	0.5197067374114277	-2.296840160917208	0.02162788960192459	0.0301311624368693
118	chr10	98952269	98975339	528.8069571916834	-1.2752200556159368	0.5594774074562351	-2.2793057210548584	0.02264889818954464	0.03148631475390854
106	chr10	71211994	71213107	23.3164848249298	-1.5922795498501796	0.7086101858360928	-2.247045811190875	0.024637099516069013	0.034177423158461694
281	chr3	100373228	100374208	17.29931797706765	-1.5873054482678481	0.7093438587784242	-2.2377094389755907	0.02524000932388671	0.034939460889966314
505	chr7	195127880	195129914	12.928071202689997	-1.8301884315530585	0.821903186890479	-2.2267688710117346	0.025962724848523053	0.035863763985671676
573	chr8	17255347	17256604	17.158547568308773	-1.5379953088819522	0.6926900455363117	-2.220322522018008	0.026396882163937395	0.036386399938450706
534	chr7	96464049	96468945	26.92871162858454	-1.292103965064795	0.5837897095760841	-2.213303769953481	0.026876709888507235	0.03696965157659645
82	chr10	14185736	14188365	29.042044426887397	-1.5246624291926762	0.6929260218469614	-2.200324971385489	0.02778384681222221	0.03813698551909238
622	chr9	39153249	39154651	9.176594626939751	-1.9857764313515178	0.906009452988171	-2.191783347074464	0.028395154126424408	0.03881266350194699
309	chr3	201467403	201469141	49.10065020460038	-1.3397126278349476	0.6110806498169952	-2.1923663075179376	0.02835306741654217	0.03881266350194699
343	chr4	183453843	183455044	48.86916984073026	-1.3626187774610452	0.6221255797600997	-2.1902632230400974	0.028505152404028	0.03888150495277459
85	chr10	144279144	144279981	16.66633154331223	-1.722988617769199	0.7879105312435969	-2.18678206401141	0.028758437433121734	0.039145096464290964
437	chr6	174818714	174820403	58.631999850165414	-1.2092488656984026	0.5592572782746386	-2.1622407301145	0.030599625578686278	0.041564491411048864
581	chr8	48667507	48668955	17.4981358486028	1.4793221987026643	0.6867617771561789	2.154054357580018	0.031235909330747703	0.042340567325670486
572	chr8	153875402	153876511	28.991065866113402	-1.4166294397278625	0.6637384879083594	-2.1343186594348174	0.03281670486482122	0.04439106135241377
640	chrX	16680824	16682212	20.843088133071646	-1.3695822537529077	0.6423117640024406	-2.1322702315439823	0.03298463777710706	0.044525846440318435
171	chr12	70938572	70940648	39.531222727650196	-1.3902172868338618	0.6542117918352987	-2.125026335789216	0.03358441544823976	0.04524181585176099
346	chr4	187232509	187234369	47.8297608634827	-1.1156780859504767	0.5252630721869181	-2.1240367827598887	0.033667067940085574	0.0452596459730635
241	chr2	136495533	136506899	75.08249810734283	-1.1153155506262011	0.5258163517262425	-2.1211123369683103	0.033912349992844475	0.045495580648836624
147	chr11	96052810	96080761	185.7199666359538	-0.9727830120567325	0.461706161702694	-2.1069309720045184	0.03512356345087765	0.04702374408618528
40	chr1	212389868	212410524	242.02539984850057	-0.9015114142216211	0.428179389135415	-2.105452614246482	0.03525192798681798	0.04709888739222402
117	chr10	93479669	93480463	9.954320199206364	-1.8256997125955117	0.8718117219495415	-2.0941444885747695	0.03624711101224136	0.048329481349655146
253	chr2	22124800	22126717	38.624052266428016	-1.363064680973754	0.658003093525136	-2.071517131737747	0.0383104951502509	0.05097641395502773
189	chr13	28087676	28088922	18.460412824158862	-1.3477512332499475	0.6532051755733911	-2.0632892751758676	0.03908515241901697	0.05190126146069056
179	chr12	98067187	98068034	13.943701503019549	-1.7434278445164553	0.8454151954694811	-2.0622149375352596	0.039187277186883696	0.05193110716635807
83	chr10	142651959	142653377	10.194451320460448	-1.7574814188167969	0.8530442621911315	-2.060246456968746	0.03937498572230986	0.052074017628693764
161	chr12	1674622	1676991	45.86934629933876	-1.149086504419029	0.5610494679012785	-2.0481019413803647	0.04055001173837791	0.053519448691138456
112	chr10	81350886	81352595	53.211978010218814	-1.1012102577997822	0.5384465418973893	-2.0451617237977135	0.040838916685739926	0.053575399756745336
568	chr8	146665099	146667871	31.630613016986562	-1.2154671830889974	0.5942182166334898	-2.0454896014046136	0.040806613349384936	0.053575399756745336
388	chr5	16460175	16462216	23.294151812357168	-1.3444114399196698	0.6570513505693453	-2.0461284171392635	0.04074373779171261	0.053575399756745336
13	chr1	123626490	123627471	22.41397829569769	-1.4043021906690634	0.6878642082374049	-2.0415398473304367	0.041197197364506305	0.05393689293505645
174	chr12	83093543	83095189	54.83678190823773	-1.4398034449871653	0.7114896892636748	-2.023646254771769	0.04300656218868309	0.05614790069595556
306	chr3	192590084	192591512	18.971801173643026	-1.4032516836640534	0.6935991849322023	-2.023144943287697	0.04305820605518064	0.05614790069595556
361	chr4	59977139	59978400	12.6834730363288	-1.9125256897419918	0.9460995592736733	-2.0214846006378546	0.04322962486792209	0.05625891300176687
11	chr1	119930673	119932809	33.79206081879255	-1.1419196487139693	0.5653969115491271	-2.0196779030596956	0.043416808604734784	0.05638995858622924
285	chr3	102214510	102215853	24.75024215042377	-1.3302084032118004	0.6631590897762852	-2.005866199708644	0.04487052533043069	0.058162191879603996
522	chr7	51355803	51357647	60.124574943199114	-1.174212550651137	0.5927497937006623	-1.9809581768393032	0.04759596399641586	0.06157255659853798
300	chr3	171147401	171149034	18.748811424236063	-1.2654764415444932	0.6413845987872759	-1.9730383983919233	0.048491187708420855	0.06260644432849584
486	chr7	141863921	141865852	42.62277890873234	-1.4739264652844335	0.7556802042337426	-1.9504632475836658	0.05112092976897372	0.06587123756792662
170	chr12	68712612	68713994	12.106678886045662	-1.5478181517290246	0.7941047808671129	-1.94913591886313	0.051279195168293754	0.0659448427016322
583	chr8	5075787	5077146	29.05479454926406	-1.0906665305582857	0.5659783667629088	-1.9270463229828207	0.05397385724791139	0.06927353331818549
646	chrX	81149415	81151151	25.877560166022874	-1.248761687399731	0.6601683654605037	-1.8915806220563915	0.05854687977224974	0.0749952173114083
280	chr2	96031093	96035507	45.46410627871014	-1.286424929479203	0.6866841408963067	-1.8733866895485223	0.06101500669861493	0.07800349875979791
421	chr5	64363524	64373235	112.59729850382263	-0.9054634039543933	0.4843131580344705	-1.8695824982932796	0.06154181754744262	0.07852302356346885
376	chr5	120437812	120440250	38.052044423785674	-1.0138937066054385	0.5429813151125632	-1.8672718165177609	0.061863639059395285	0.07877947786469869
261	chr2	37030560	37031459	21.421350223509744	1.2441562770132562	0.6674098867237886	1.8641561981058234	0.06229977248164191	0.07918021765697958
551	chr8	119211184	119215253	33.00109531717794	-1.0430849981292374	0.5614731547275641	-1.8577646844671662	0.06320243825296872	0.08017118626641168
41	chr1	220492707	220493459	23.72114538723616	1.275458733811782	0.6893755007924799	1.8501654502452771	0.06428970693816757	0.0813920173275442
569	chr8	147312598	147315580	75.88634220799513	-0.9304070599651274	0.5036161832804665	-1.8474526650526215	0.0646815624013681	0.08172941605754265
333	chr3	94522134	94522769	3.373623294874092	-2.700443360568098	1.4708873501188626	-1.8359280609421753	0.0663682969243262	0.08369850985427599
362	chr4	63436604	63437999	16.611885875299716	-1.3628605036238324	0.7459303683141578	-1.8270612935413386	0.06769055411804929	0.08520123800186899
411	chr5	40811170	40813320	48.69161359986685	-0.933170665504621	0.5134142549603091	-1.817578410589247	0.06912859386667869	0.08684362851844799
136	chr11	41117444	41119085	44.599924091118474	-0.9818689147701594	0.5427084191531781	-1.8092015530222116	0.07041969646057279	0.08829546556210281
477	chr6	93183875	93185404	36.73704417665297	-0.9619349484099341	0.5506237824418985	-1.7469912834929844	0.08063885010551819	0.10091464542955444
66	chr1	91650944	91651944	27.782512694319706	-1.1024643923617585	0.6354930975688751	-1.734817256991958	0.0827731785590062	0.10338718854496562
635	chr9	90013135	90014879	32.54905901771162	-1.013165277697177	0.5846762093355048	-1.732865578451803	0.08311956360499244	0.10362132977142462
624	chr9	51532117	51555402	258.1002714069582	-0.7639836346572679	0.4424868571507523	-1.7265679698978806	0.08424528249652521	0.10482428280101992
226	chr15	53804902	53813705	110.69975531782241	0.7951335399108601	0.4667092459822249	1.7037021373712908	0.08843674863590364	0.10983001925830319
205	chr14	33605273	33606768	21.27687817596023	-1.1050292604553686	0.6542047970595605	-1.6891182477140472	0.09119677156959179	0.11304238605204152
456	chr6	25504795	25507545	97.19857711967937	-0.9874943035924629	0.5870503275672062	-1.6821288690609126	0.09254385342800654	0.11449448279897585
14	chr1	142568383	142569821	41.32418856407775	-0.909660814484287	0.5418401021264567	-1.6788362672203743	0.09318395828666788	0.11506806970247625
324	chr3	48406997	48408355	23.567337634770723	-1.0924338117239198	0.6663433645089987	-1.6394457721191384	0.1011204556043554	0.12463239518722063
93	chr10	33886825	33897621	128.79424965647124	-0.9120044668929436	0.5586918282762112	-1.6323927087082049	0.10259678414507264	0.1262134023822403
113	chr10	81952290	81955644	108.89409075403398	-0.750619516945775	0.4621618296652549	-1.6241486612805103	0.10434408464881724	0.12812117361775677
432	chr6	13823348	13825783	31.683255741094843	-0.9662815256051227	0.6033534362549791	-1.6015182271983763	0.10926218621957053	0.1339077921337594
498	chr7	177955137	177956482	16.332589490090893	-1.2116104191832797	0.7600225380440447	-1.594176959937818	0.11089640543775978	0.13565564042292566
516	chr7	33626738	33628595	15.950110413295684	-1.1947221519925177	0.7583573565614118	-1.5754078755294163	0.11516232771243685	0.14061018289982927
269	chr2	58775290	58888047	1634.862541108396	-0.6610241755617252	0.4204850955229022	-1.5720513820821547	0.11593863541021249	0.14129343978964212
499	chr7	178000766	178002482	13.920485920814757	-1.157667325902345	0.7371122208858131	-1.5705442035829174	0.1162885590812203	0.14137203345994942
539	chr8	102749238	102754463	103.20984969604325	0.8329596404712308	0.530579019288496	1.5699068568301584	0.11643678215949821	0.14137203345994942
454	chr6	199229537	199249582	197.58917849981506	0.7058507402312928	0.46721553007402034	1.5107604409456719	0.13084949695866682	0.15857597029191592
601	chr9	10681898	10685321	14.91408197258967	-1.0706193364546874	0.7142693759754795	-1.4989013563580824	0.1338992244703261	0.16197086151141488
344	chr4	183475308	183477328	36.33896975902826	-0.8517583409612205	0.5709206345371334	-1.4919032338912968	0.13572451478674452	0.16387478452029156
1	chr1	10335112	10337220	44.9676705537552	0.7626964200006557	0.5160228060604432	1.4780285116145022	0.13940014695124764	0.16800165584512652
478	chr6	97631823	97633229	31.363655686712836	-0.88667114299132	0.60496994469473	-1.4656449477646984	0.14274503932410085	0.17171543475888146
222	chr15	36743284	36760746	171.47454725082787	-0.790876149395258	0.5480920426669617	-1.4429622906892297	0.14903109419769323	0.1789470965320368
275	chr2	87454780	87461219	48.131960015969874	-2.1578239829118826	1.5206381732561984	-1.4190252624602042	0.1558916511321656	0.1868407289304632
552	chr8	121352886	121354414	39.54785214976217	-1.216539009106616	0.8621776354354208	-1.4110073830577081	0.1582424370572435	0.18931021827765646
244	chr2	150338215	150339168	16.644748566473986	-0.9075381062792138	0.6575833754340317	-1.3801110858074872	0.1675524445121005	0.2000809410657317
492	chr7	168531876	168532499	7.9368188929015595	-1.4278762919734618	1.0514243501803477	-1.3580399690463154	0.17445100188835938	0.2079379400936203
467	chr6	55728648	55730602	42.82454463505905	-0.8116681123131845	0.5981922859434777	-1.356868236829583	0.1748230809395077	0.20800118389153108
201	chr13	98932470	98934649	31.19697665148212	-0.7847421750244212	0.5815705512533524	-1.3493499169330536	0.1772245993595546	0.21047438758183895
206	chr14	34119322	34121029	30.059845491447536	-0.8758854789899883	0.6533766425098301	-1.3405521746621214	0.18006589377003868	0.2134599322510277
465	chr6	5402788	5405807	27.744952216591326	-0.9671264501384621	0.7261124276661715	-1.3319238361570866	0.18288521749286102	0.21640864211496438
613	chr9	18416551	18448845	555.9873332700006	-0.7014315039021767	0.527946987417838	-1.3286021525245229	0.18397926153024313	0.21722133520418083
282	chr3	100478445	100480398	12.487529018591564	-1.0185585932858816	0.7670921994700569	-1.327817691262601	0.18423834105507975	0.21722133520418083
232	chr16	37099404	37110612	143.58428253045227	-0.6126278789552154	0.46185253399306314	-1.3264577627377854	0.18468811668348317	0.21735857775745673
436	chr6	174794217	174795775	18.86766334477722	-0.8407240100384581	0.635701812521121	-1.3225131555064196	0.18599733160219645	0.21850497334167943
273	chr2	82819267	82825463	55.739932759182075	-0.749204845219197	0.5676861760154336	-1.3197517869429825	0.18691790347062265	0.21919149831447118
523	chr7	61081788	61085337	42.36064063404413	-0.7245787480414076	0.5701992131472884	-1.2707466642088148	0.20381878871396109	0.23858141874596522
653	chrY	3429692	3429954	12.992184135908099	1.1461442569006866	0.9074316224575334	1.2630640464089895	0.20656616366932046	0.2413640478716791
169	chr12	66689638	66691038	19.377529540589972	-0.8880588126602191	0.7079338385964784	-1.2544375819368223	0.20968299970396675	0.2445676490285981
44	chr1	244172370	244173191	13.977434095196793	-0.9101297034172926	0.7477330443774602	-1.2171853447710592	0.22353370483396529	0.2602570991995453
288	chr3	10703514	10704772	16.438237995606364	-0.9015663560023944	0.7540679151968215	-1.1956036556297107	0.23185126422865265	0.2694599363227835
491	chr7	167724779	167726233	99.51342486837136	0.8207066532897291	0.6885427731317533	1.1919472330772487	0.23328193614159776	0.27017797320306086
194	chr13	48501731	48505637	43.45754551152741	-0.6711752955869291	0.5631106232997	-1.1919066482070517	0.2332978510940541	0.27017797320306086
475	chr6	6846730	6848307	38.275183656699674	-0.634652074175268	0.5340281839934715	-1.1884243064276672	0.23466628495493536	0.27128088260747846
330	chr3	79738074	79739539	36.846491276745546	-0.6794192215600492	0.5837613197100259	-1.1638647485200628	0.24447882739385463	0.2821242397536163
450	chr6	197170091	197171329	13.416582543728675	-0.9250106128821938	0.8089665528621229	-1.143447290384883	0.25285292744422594	0.29127227684387863
652	chrY	24603311	24609437	47.632399894543106	0.6151562323603733	0.5396714939806105	1.1398716426969084	0.25433978069040186	0.292468319241873
462	chr6	46491804	46492955	28.04619250502604	-0.6323102435114356	0.5580244096190693	-1.133122911134079	0.25716264121477017	0.2951937360423066
459	chr6	28977640	28979066	19.772452588776513	-0.6934106438580869	0.6152252289469868	-1.1270842144183868	0.25970687681221905	0.29759030524001195
541	chr8	109914293	109923036	58.46089216698902	-0.6280408359613717	0.5591610790745399	-1.1231841046605635	0.26135931200316986	0.2989583709229241
586	chr8	54563775	54564694	7.167179122358007	-1.2043576386028443	1.0755872258721202	-1.119721032040254	0.2628326595876862	0.30011715245389037
193	chr13	47254968	47256209	20.304985308585866	-0.935991075505984	0.8422025222778969	-1.111361045291598	0.2664129728380257	0.3036735284797076
371	chr5	110385675	110387121	39.27470130364257	-0.5859310350301417	0.532563393357411	-1.1002089935928336	0.2712410729412159	0.30809961595413377
204	chr14	18204543	18204821	241.03128715005815	0.7801602302409303	0.7090703544742016	1.1002578592069951	0.27121978744709896	0.30809961595413377
50	chr1	250743401	250744176	13.912291730708324	-0.7614243519346372	0.6957146208994097	-1.0944492598851507	0.27375798950280195	0.31041775505361197
530	chr7	78758040	78759973	26.66458798646421	-0.7325931649031661	0.6716435238246896	-1.0907470092637794	0.27538421929857426	0.3117196371226917
407	chr5	25209062	25214507	49.21035597399226	-0.5521127674523391	0.5144603061007766	-1.0731882730408102	0.2831866512033667	0.3199960079455721
460	chr6	33612923	33614468	57.840741431977875	-0.6310180786090566	0.6010303728414174	-1.0498938275379828	0.29376692977843766	0.33137722874661135
488	chr7	142285830	142287129	11.627649083175314	-0.8257050764304953	0.796063706526587	-1.0372349218547352	0.2996263866411196	0.3374031158722107
284	chr3	100601833	100603434	68.93830925164642	-0.4761935762735504	0.4658794519416375	-1.0221390410951308	0.30671509742913206	0.3447900750410243
295	chr3	139702179	139766636	662.3641682163335	0.41080082046984145	0.4087216413555533	1.0050870296649634	0.3148549450157213	0.3533311947508611
298	chr3	162654204	162655916	19.054548626879864	-0.7426790889552439	0.74292108554811	-0.9996742633940892	0.3174681709821262	0.35565162797310357
122	chr11	106085491	106086835	58.210427836337715	-0.48708792882273305	0.5008315601186359	-0.9725583761281991	0.3307728383831594	0.36992091016435663
370	chr5	106424112	106426209	22.15097671122504	0.6050110371092624	0.6233396778323496	0.970596062829139	0.3317494673406828	0.37037782997624175
408	chr5	28632303	28634330	36.3424138475109	-0.5278480033123575	0.5609794118919559	-0.9409400632585435	0.3467355752535871	0.3864471710518612
412	chr5	49240912	49242076	14.147526674597929	0.6632786896106689	0.7211292533772866	0.9197778158413566	0.3576888784493317	0.3979746565681984
385	chr5	15705656	15707960	95.35869100720488	-0.4743236063568958	0.5202850620608689	-0.911661012288306	0.3619471937258135	0.4020265252286719
56	chr1	35912627	35913518	14.216244230872384	-0.6374847921740775	0.7035527614094547	-0.9060937958611369	0.3648862088696915	0.4046017145970048
90	chr10	29144069	29145818	42.2565660459974	-0.466043117216718	0.5276469379805372	-0.8832480275549491	0.37710227758392756	0.41743749572957684
598	chr9	103419126	103421100	21.643868614822455	0.5997786303532417	0.6805060422960193	0.8813714986711885	0.3781167788087937	0.4178510843785313
577	chr8	42051182	42053516	68.28634546950353	-0.4432592800377361	0.5055868209267339	-0.8767223782163621	0.3806374487979147	0.4199249012119127
43	chr1	23113872	23115405	17.941328995225145	-0.5629786631088782	0.6678789064909394	-0.8429352351712812	0.3992646660646384	0.4397306795171355
327	chr3	70640336	70643216	30.252164899958657	-0.4888293716907161	0.5918813765863503	-0.8258907798552776	0.4088660513279593	0.4495458102290547
554	chr8	133190426	133192421	30.52888381395994	-0.4524128369122514	0.5563502990711829	-0.8131798215396788	0.416114966767811	0.4567457210986748
490	chr7	157070118	157071678	46.207237332365594	-0.41995821378724735	0.5182191988438996	-0.8103872159197043	0.4177176630220898	0.4577343130931136
615	chr9	23373660	23375268	33.2656235730377	-0.4346227766830424	0.5787731026292884	-0.7509381046019754	0.4526899067278881	0.49522452883654877
328	chr3	72826529	72827435	19.985079281336652	-0.5664544864899168	0.7657615235097898	-0.7397270156557756	0.45946565210843504	0.5017949835422104
331	chr3	9074402	9076035	42.813216797908474	0.4642454277820302	0.6363080154827563	0.7295922988331602	0.465639430987011	0.5076871388018915
377	chr5	120446114	120446868	8.674300505605302	0.5827295029626417	0.8211531489399055	0.7096477724221545	0.47792258705581425	0.5202095605348763
233	chr16	42647224	42648662	17.570582660629405	-0.48671962215300635	0.6942466422625742	-0.7010759469671615	0.48325562020615587	0.5251377739573561
274	chr2	84062364	84090151	160.37648388203667	-1.0242922955566895	1.4719727458720806	-0.6958636282017847	0.48651423717543907	0.5277991391653681
308	chr3	196466210	196468219	16.022844730328426	-0.5138486642064574	0.7533340166528556	-0.6820993780282781	0.4951761138789992	0.5358759444822817
582	chr8	48888547	48889598	35.678961711503085	0.39589073658966356	0.5809753831647286	0.6814242876060266	0.4956030590840734	0.5358759444822817
89	chr10	28954815	28967971	139.16741915402847	-0.35933597283649316	0.5333649308706525	-0.6737150345635239	0.5004925015719054	0.5393737372312105
555	chr8	133497205	133498918	13.623228033823791	-0.5071936759987654	0.7523886863317976	-0.6741112475674532	0.5002405892398565	0.5393737372312105
423	chr5	71257886	71259855	21.87557158641836	0.5152588796389004	0.7666757265574236	0.6720688575240914	0.501539861301219	0.5396105438422355
57	chr1	36432336	36433932	20.94579574201112	-0.4348414019981318	0.6515084269123439	-0.6674378780623766	0.5044924779013314	0.5418930734623857
311	chr3	204662563	204664544	27.174292218259566	-0.36365311013874807	0.5616943349230556	-0.64742171592057	0.517359045063645	0.5547995022721983
114	chr10	86316589	86318010	33.58795064625911	0.3718772341871201	0.6026042551486923	0.6171168407952239	0.5371576614027838	0.5750850496463301
340	chr4	162836256	162879777	1054.8242340926963	0.2499455061453104	0.4116259854534849	0.6072150811128882	0.5437081850869556	0.5811438306175329
283	chr3	100507797	100508883	19.55280478766829	-0.43504928743002547	0.7241173564121979	-0.6007994195658766	0.5479735907743173	0.5847443227248034
69	chr1	99746050	99747764	35.45647194010533	0.3480629473874191	0.5874531381644135	0.5924948302684954	0.5535192815551045	0.5896970123756996
396	chr5	192631190	192632470	21.624221238171486	0.5101711214100906	0.8870514030285507	0.5751314068928542	0.5652024285674582	0.601161473778112
159	chr12	12459730	12461310	36.25891933509347	-0.3415925636254815	0.6044826965105511	-0.5650989938957154	0.5720064328019464	0.6074074823890375
445	chr6	187050697	187051346	15.430025772434488	0.4235456303900128	0.7671250746987822	0.5521206962975644	0.5808656630958056	0.6158120525828702
482	chr7	121601004	121602112	30.844721887683203	0.3115177360259306	0.5675377179178569	0.5488934500579191	0.583078573429618	0.6171545939547256
618	chr9	30701376	30703095	51.132460932408144	-0.28941446138724763	0.5786072920726241	-0.5001915208336533	0.6169402282197459	0.6519368376001204
262	chr2	39410992	39411304	16.375969750808604	0.41000881749645957	0.8731619950490497	0.46956786921701443	0.6386637850289878	0.6731567043395414
173	chr12	78006043	78009509	18.579407092735266	-0.32127245954279776	0.6850491189753328	-0.4689772611098944	0.6390858895493499	0.6731567043395414
392	chr5	181909906	181912464	24.313765848853688	-0.26060797831567944	0.5814434853328827	-0.44820861337276574	0.6540026470127951	0.6877576223424877
461	chr6	45666761	45687810	228.34900993961355	-0.17973684707562507	0.42377905597767523	-0.4241286692683879	0.671471978219018	0.7049915133636067
292	chr3	121908437	121918314	93.09988670699973	-0.21485672650751858	0.5473990774145407	-0.39250472894898464	0.6946853179253518	0.7281910406548704
529	chr7	7520989	7522495	39.417770053872495	-0.2214928985315042	0.5702326565161993	-0.3884254891410485	0.6977011844955112	0.7301784466951418
240	chr2	120926354	120927671	18.48264393608878	-0.2514421997595056	0.6669835030978224	-0.37698413617679555	0.7061853941667107	0.737873200315217
424	chr5	79840321	79842021	56.27602479906579	-0.19790531637327785	0.5289136835350876	-0.37417318275931694	0.7082754743284057	0.7388729748193927
384	chr5	151082356	151090055	43.916460725798764	-0.19338831584887015	0.5216414285398929	-0.37073036240655993	0.7108383733959197	0.7403620119075713
293	chr3	12617518	12618687	61.95029094613674	-0.28508852592463685	0.7795291877674717	-0.3657188600482229	0.7145748713718695	0.743066692399456
212	chr14	5698416	5700112	20.00406399100896	0.2399992573394477	0.6664337012118426	0.3601247309417774	0.718753859214533	0.7462221595666808
634	chr9	58282548	58283716	15.695872140356329	-0.23898374029518984	0.6979298433960772	-0.3424179988239389	0.7320363451795024	0.7588039698839993
585	chr8	52725866	52727862	51.34772322945201	-0.19536985119115768	0.5783348973797013	-0.33781439106706557	0.7355030642868787	0.7611872982778491
644	chrX	76975796	76981377	23.208973711915377	-0.18279140309190595	0.6052651036719402	-0.3020022168517099	0.7626503730084437	0.7880317641862208
19	chr1	14551868	14596100	1024.2364657656724	-0.12554579445660144	0.42702826936938115	-0.29399878992087014	0.768758828036984	0.7930866390508126
623	chr9	39190416	39209208	456.8492907114622	0.12813313687861388	0.4744639730636568	0.2700587276442648	0.7871150732982783	0.8086944293854017
319	chr3	29772383	29775672	24.848375801975095	0.15631478289079997	0.5733846064677676	0.2726176830134122	0.7851471175749862	0.8086944293854017
214	chr14	65058260	65059613	13.242883304756726	0.20514426458545815	0.7614378347852994	0.2694169572533812	0.7876088384351688	0.8086944293854017
476	chr6	6871914	6874627	63.453142659571505	0.13997926292124535	0.5500492983098393	0.2544849404432763	0.7991209370024008	0.8192246083735304
255	chr2	227041029	227046273	43.75569251337745	-0.16365204154396357	0.6549049887020393	-0.24988669252360818	0.8026749746520767	0.820431094694582
394	chr5	1848505	1850584	23.549635864180743	0.1466859684573999	0.5874339617025933	0.24970631257384507	0.8028144760968455	0.820431094694582
428	chr6	131044839	131046343	44.96726660913112	-0.15396347541744165	0.6467254563974849	-0.23806620551953953	0.8118297453491234	0.8283458434548178
430	chr6	133909489	133911143	33.79027999031079	0.11367621295289652	0.553917427403984	0.2052223081076487	0.837398441009747	0.8530996617786798
202	chr13	98969496	98973719	72.47918529339383	0.09838808474527508	0.5426045283139486	0.18132558725781248	0.8561120231832511	0.8708034931598748
466	chr6	54755807	54757175	20.289261664474697	0.10919860524450666	0.6468761030743044	0.16880915019976148	0.8659467608025944	0.8794350281048153
366	chr4	87181033	87182510	121.98373763133564	-0.06386989267740174	0.44529248739599986	-0.14343357340453414	0.8859477693515223	0.8983482824528655
553	chr8	126362607	126364740	17.03835031107872	-0.07909144090804604	0.6544142828749214	-0.12085836598887746	0.9038032194952359	0.9150305886815121
337	chr4	139405116	139406440	19.5662121660698	-0.07659439021244152	0.680603271134903	-0.11253896867806806	0.9103960734406639	0.9188517645252522
387	chr5	16449611	16459664	180.4471567048197	-0.05574863799540266	0.490203406527554	-0.11372552139184097	0.9094553806267569	0.9188517645252522
483	chr7	121737655	121738996	11.109136214948307	-0.07075656477989373	0.8521647648090311	-0.08303155411002022	0.9338264496822032	0.9410430373922666
381	chr5	141838729	141840761	47.79479927445046	0.0478228277316844	0.6204524226078286	0.0770773487041599	0.9385620124997531	0.9443556051695047
302	chr3	190464325	190466223	48.61610276621664	-0.028111843432901122	0.5220832966249295	-0.05384551395272273	0.9570582472030131	0.9614822452640441
599	chr9	104388986	104393136	33.16786911633581	0.012720509764472417	0.5367384709305235	0.02369964229025608	0.9810921913376975	0.9841109365418135
63	chr1	71668623	71671646	51.69858997919829	0.0022057834074920278	0.4982733718822744	0.0044268538757338645	0.9964678931760957	0.9979985658230637
547	chr8	114401618	114409561	58.42957818375879	0.001211470204633144	0.517802557288956	0.002339637353233642	0.9981332411810534	0.9981332411810534
144	chr11	68793374	68793887	385.7449259595904	0.47746746741752927	2.474255608082724	0.19297418821958903	NA	NA
