long-eRNA	baseMean	log2FoldChange	lfcSE	stat	pvalue	padj
12:106814015-106827009:+	108.33888922816209	-4.905055363598982	0.6292432025831997	-7.795166230580658	6.432374364711863e-15	3.0875396950616944e-13
6:131379221-131420606:-	174.39959444750616	-5.157126484826182	0.6573409067341327	-7.8454367163126015	4.314493759483102e-15	3.0875396950616944e-13
7:12274889-12289097:-	91.93634030968501	-4.459875991980285	0.5847524039122598	-7.6269476827144	2.4037708445666865e-14	7.692066702613397e-13
13:23857829-23868554:+	245.9101731137578	-4.576452095857475	0.6128747296923623	-7.467190070236152	8.192539186292413e-14	1.966209404710179e-12
16:52132293-52144311:-	83.1298797534667	-3.265811505552299	0.4835847843337786	-6.753338010937456	1.4448180321447545e-11	2.7740506217179283e-10
4:207685701-207699822:+	351.88447339958697	-2.3488136576509855	0.3650742806011383	-6.433796579105447	1.2445539746491596e-10	1.7431161026357453e-09
4:55958096-55978342:-	191.37830858891368	-2.6030133843712897	0.40478553509048776	-6.430598820161395	1.2710221581718977e-10	1.7431161026357453e-09
4:141343218-141359001:-	105.08977238744893	-3.9212467843292944	0.614717784340982	-6.37893824486163	1.7831991930120836e-10	2.1398390316145e-09
3:204676335-204686456:+	260.34617160036856	-2.1292334800147175	0.34603881751348625	-6.1531636690780624	7.595235020690115e-10	8.101584022069455e-09
nw_027522565.1:259151-280474:+	82.99462235126995	-4.710215016546472	0.8973619002247101	-5.248958101928529	1.5296185653747605e-07	1.46843382275977e-06
nw_027522565.1:157936-188408:+	105.00849253991969	-3.8042405915007858	0.7309110738697813	-5.204792658783204	1.9421332755187126e-07	1.694952676816331e-06
1:206558541-206602456:-	170.4282964224481	-4.243387919099965	0.828808871071941	-5.11986305553387	3.0575760507014693e-07	2.3959193834349628e-06
nw_027522831.1:25453-38893:+	56.937927764456276	2.4354721004070266	0.4767338091541859	5.108662430986393	3.2444741650681784e-07	2.3959193834349628e-06
1:201105641-201146342:-	140.09179296922858	-4.296911374617179	0.8719187906495979	-4.928109613758743	8.302903430600513e-07	5.6934194952689225e-06
nw_027520944.1:213498-232122:+	785.7730465644918	1.5659125388895119	0.3382846228015869	4.628979366312971	3.6747237733994183e-06	2.3518232149756278e-05
11:4794727-4810455:+	375.60696300288674	-1.9645687931842173	0.42881956493624573	-4.581341323538485	4.620030814506097e-06	2.772018488703658e-05
nw_027523944.1:76720-90147:-	56.35791076111991	2.1172229505647846	0.47651067461290714	4.443180527455567	8.863873231200465e-06	5.0054813540896744e-05
nw_027523917.1:55784-78489:-	83.58099423689252	1.906275440301727	0.4350868465451154	4.381367663579918	1.1793666686151979e-05	6.289955565947722e-05
4:141307624-141332204:-	141.55103050638985	-2.884113787119917	0.7002543028405526	-4.118666283692408	3.810715397218059e-05	0.0001925414095436493
14:10443785-10455607:-	341.97454288515036	-1.512089992992722	0.3711141634265064	-4.074460481463594	4.6121143859947786e-05	0.00021083951478833272
6:199236517-199249582:+	110.63037138681041	1.9817852841407937	0.48564875085915915	4.080696760024248	4.490090190307242e-05	0.00021083951478833272
nw_027522943.1:14073-40965:+	286.4653402083796	1.1106434679523558	0.27955102471414073	3.9729543795736815	7.098664884916166e-05	0.0003097599222508872
3:204686312-204699426:+	290.34873151328395	-1.7718599970956814	0.4619810421805287	-3.8353521796751355	0.0001253844993881441	0.0005015379975525764
nw_027523660.1:1693027-1752065:+	379.0166593994175	1.4291759803462218	0.37162542315250635	3.8457432977068464	0.00012018753998457898	0.0005015379975525764
nw_027522939.1:65023-76707:+	1704.5009134491322	-1.8312824338333173	0.4820302749313535	-3.79910252337182	0.0001452210134622753	0.0005576486916951371
nw_027520990.1:727637-743995:-	70.74710651561735	1.5540988539850833	0.4300559098900483	3.6137135154878286	0.00030184256857473626	0.001114495637814411
12:115554395-115565201:-	55.55641285081477	-3.059828641053312	0.8507424371073887	-3.596656881790266	0.00032233321264742696	0.0011460736449686291
nw_027524348.1:896153-909412:-	67.63682601386473	1.9500156588689377	0.5482961596466971	3.556500669502153	0.00037582752303366024	0.001288551507543978
nw_027524315.1:236159-275348:+	368.750883294297	0.9552192226343567	0.2710889391064554	3.5236377617725174	0.0004256657522562819	0.0014091004212621744
nw_027521246.1:97528-137868:+	332.01616427700066	1.6975206272865446	0.48606678580042784	3.4923608789503313	0.0004787709249542101	0.0015320669598534724
nw_027522592.1:95149-138190:-	377.3854699589108	0.8879717221646054	0.26283148591316124	3.378483057612012	0.0007288692355174085	0.002257143439021652
11:96007074-96080761:+	963.1130581900667	-1.2021025795402072	0.36395111169723154	-3.3029232248649594	0.0009568258057237296	0.0027248738496614055
nw_027524096.1:71772-108194:+	338.25348105972165	0.8982656829026825	0.27215886376725607	3.3005196688021834	0.0009650594884217477	0.0027248738496614055
nw_027522939.1:25035-54193:-	239.8130824614906	-1.0148383851868703	0.30704548320913794	-3.3051728186329754	0.0009491785335569158	0.0027248738496614055
12:113017045-113028000:+	91.64617986656917	-1.5643248339912381	0.5098919568924498	-3.0679535396578084	0.002155301244482335	0.005911683413437262
nw_027521117.1:73179-111559:-	379.7987930735764	0.9019335835137462	0.30016501906629883	3.004792451563225	0.0026576212948712084	0.007086990119656555
nw_027522939.1:4856-16031:-	44.41037675192023	-1.6882809153632437	0.5637270215150719	-2.994855401512992	0.0027457497301681603	0.007124107408003876
nw_027521144.1:51419-62679:-	71.42817713662772	-1.7479436108076023	0.5888301989296439	-2.9685019789830007	0.002992551752202015	0.0075601307424050905
nw_027520953.1:171013-213656:-	370.2178333172294	0.854466734038994	0.2967127538071378	2.8797775730071726	0.0039795581809416655	0.009550939634259997
10:109735089-109748173:+	118.73581850292777	-1.1045614267105486	0.38270290985601363	-2.886211205256118	0.003899104028911148	0.009550939634259997
3:26256493-26279079:-	140.2972737230371	-1.6225103015668239	0.5873982490868075	-2.762198055730065	0.005741363911567367	0.01312311751215398
nw_027520960.1:99901-134578:-	316.7438729083157	0.7342666119926293	0.26563967402398786	2.764145132651847	0.005707214833864148	0.01312311751215398
10:28954815-28967813:-	47.67591883405145	-1.3818090933277003	0.5232445283948182	-2.6408476693807788	0.00826988932916583	0.018463008734881853
nw_027522568.1:23713-63717:+	259.7535821271268	0.818153270222093	0.3254124281333735	2.514204128327775	0.011930135922860224	0.02602938746805867
nw_027520944.1:90891-133681:+	380.199469178426	-0.6647931514422591	0.271234149577466	-2.4509935510623837	0.014246250565733268	0.030392001206897636
nw_027520953.1:252904-324184:-	541.2726220579202	0.7815563751243251	0.3455001834530069	2.2621011870768752	0.023691152285909383	0.049442404770593494
nw_027524451.1:34381-71436:-	227.19771287199265	0.7388965007482086	0.3326852224567248	2.2210078803374658	0.026350427654037906	0.053822150101864655
nw_027520961.1:213078-253639:+	395.15946644584324	-1.8803175811220256	0.8542189299497527	-2.201212728021177	0.027720967660653014	0.05431046725352427
nw_027520944.1:155632-171792:-	153.59147045489374	-0.7105442196792761	0.32227384241915896	-2.2047840257389586	0.02746925351881122	0.05431046725352427
nw_027524982.1:409451-424450:-	223.20620789367328	-1.711174013449797	0.8022056283576233	-2.133086521660448	0.0329176292391466	0.06320184813916148
2:148559983-148580907:-	193.88189413429907	-1.0445244022140756	0.511531922066786	-2.0419535070143713	0.041156143394636635	0.07747038756637484
13:23809795-23824010:-	101.49837456250613	-1.1209309931330236	0.5604160479899141	-2.000176470951448	0.045481211584374376	0.0823810624924517
nw_027522888.1:229435-271660:-	311.76335504087996	0.5330246998997321	0.26616110036651625	2.002639375798087	0.04521601023845683	0.0823810624924517
6:25435984-25446702:-	75.05507279764825	-1.239536040727194	0.6323569134065722	-1.9601842162991228	0.049974262634263134	0.08884313357202335
2:58775075-58888047:+	1520.418652797601	-0.6230202384158947	0.33424140327081703	-1.8639828349185588	0.06232411488470262	0.10878390961693547
nw_027522423.1:265565-308518:+	331.6950145189179	-0.5053518994445279	0.3055298632102875	-1.6540180201524473	0.09812385137595556	0.16821231664449524
nw_027522274.1:395253-408286:+	104.31940741266595	-0.9772124816718945	0.5951207130551208	-1.6420407830459498	0.10058155245069182	0.16940050939063886
nw_027520962.1:288020-329575:-	313.81547128394965	0.512788694682718	0.31647106002545394	1.6203336085184983	0.10516063310817989	0.17405897893767705
nw_027523416.1:1375455-1397456:-	234.51512432180246	-0.5082650581003837	0.31720618544077434	-1.6023176136812185	0.10908539266134797	0.1774948761947357
3:139702179-139765483:-	598.8534556924442	0.46849910686818275	0.3035093582118744	1.543606792318845	0.12268361854690842	0.19629378967505348
4:162836256-162876722:-	934.2591646676673	0.4697949973096521	0.3196681975087617	1.4696332039622915	0.14166112238480785	0.2229420942449435
nw_027522124.1:17044-31986:+	279.02660257965937	0.5970428104903648	0.42312723267914304	1.41102430753518	0.15823744680362073	0.24501282085721918
nw_027522374.1:153307-175364:+	246.78390217091885	-0.47359566333468633	0.35315834118971334	-1.3410292441040637	0.17991095796770684	0.2741500311888866
nw_027522803.1:40169-65679:-	316.84498532581466	0.5629719190881641	0.4279537984532367	1.31549695579973	0.1883429397712808	0.2825144096569212
10:98952269-98974927:-	422.105664121291	-0.956140642862575	0.7548436709306559	-1.2666737228964744	0.20527197954337206	0.3030180707300033
nw_027521325.1:299772-320341:+	137.20719487362797	-0.43149139768139816	0.3429475470655984	-1.2581848197294827	0.20832492362687727	0.3030180707300033
nw_027520965.1:258588-302733:-	366.5542772850824	0.5546448559352513	0.44630519602710056	1.2427479242288992	0.21396073782177383	0.30657060941627295
1:212390451-212410524:+	132.60669282201417	-0.5771160768198417	0.4724753651776444	-1.2214733705806098	0.2219068421574366	0.31328024775167523
13:17390005-17402825:+	47.29479617849564	-0.5474533015882473	0.5218039300655848	-1.0491551903785752	0.29410669831601943	0.4091919280918531
nw_027524440.1:581481-603178:+	292.0379260829465	0.4070367485098421	0.3930418898917455	1.0356065319702976	0.3003857433951367	0.41195759094190176
13:16561343-16571538:-	43.36070683605333	0.5612229146914669	0.5646681889792997	0.9938985861872961	0.320272242753437	0.42958090907161733
9:51535489-51555402:+	127.4525111849059	0.42626445884252184	0.43400510433839845	0.9821646210643616	0.32601875396094726	0.42958090907161733
nw_027521300.1:157424-185483:+	444.4893827588391	-0.4019388564567992	0.4097809824486656	-0.9808626404646564	0.3266604829398757	0.42958090907161733
nw_027523678.1:100644-123046:-	188.57013184993738	-0.42038834051565155	0.5078134366102365	-0.827840128299546	0.4077610455727396	0.5289873023646352
5:64361863-64373235:+	76.03092388870998	-0.375779855320594	0.47564126892778147	-0.7900488874056263	0.4294992182641775	0.5497589993781472
2:84061698-84090151:+	144.79000969227113	-0.8512439307941511	1.1618475381037257	-0.7326640569239258	0.4637633513055539	0.585806338491226
nw_027522984.1:14502-35770:+	218.60207244777908	-0.2462817000751055	0.34508356116827466	-0.7136871407067984	0.475420659787958	0.5927322511642074
5:64336378-64349089:+	63.83692518152694	0.4270507909476073	0.6329970036709609	0.6746489927614147	0.49989879832215967	0.6152600594734273
16:37099404-37109727:-	75.85864484446303	0.3286048764805113	0.49648236095774645	0.6618661654899709	0.5080569973242868	0.6173857182674878
nw_027524086.1:134959-165985:-	188.6121342144551	0.43020432485925536	0.684121857313162	0.6288416606784806	0.529452722636671	0.6353432671640051
11:13203549-13214789:-	89.76329666976007	-0.27084101345772116	0.49734333898580296	-0.5445755320862004	0.5860454867785698	0.6945724287746012
9:39190416-39210556:-	442.74229273631073	0.21155878575135303	0.4453051266070587	0.47508724492640847	0.6347247894626707	0.7430924364441023
nw_027520962.1:858241-891945:-	172.16000413537526	-0.1590911690839974	0.3945762834097312	-0.40319496070369704	0.6868048065727721	0.7943766437468207
nw_027525482.1:5788-19064:-	429.8371305824052	0.20471094651866942	0.5292260451282186	0.3868119273477422	0.6988954465334327	0.7987376531810659
nw_027522720.1:2591181-2611912:+	217.774482721749	-0.09785271906511683	0.33760626084449613	-0.28984272631776964	0.7719365592956965	0.8718342316751395
9:18416551-18445179:-	397.53447199235524	-0.15581516451777394	0.5854130997077045	-0.266162756855923	0.7901138644655294	0.8718497814792049
nw_027521300.1:171255-202616:-	646.5032564076138	0.120974230655063	0.45087617399857477	0.2683092113344747	0.7884613164730573	0.8718497814792049
nw_027522720.1:1569361-1591379:+	234.39482199971778	-0.08765008894454046	0.3849838816194562	-0.22767210038985392	0.8199011635133554	0.8944376329236604
nw_027521401.1:188930-252485:+	418.6717837138037	0.08954832839778516	0.43130364045231206	0.20762247289142985	0.8355237558869602	0.9012391074735749
1:14553169-14596100:+	913.0008463984074	0.06540886332255981	0.3519305691833347	0.18585729416555943	0.8525566729342986	0.9093937844632518
6:45666761-45687764:-	176.0327023010278	-0.0256186367867957	0.3295803388916933	-0.0777310833314438	0.9380419679795124	0.961504841311255
15:36743608-36760746:+	88.92587399446819	-0.07115545998253618	0.6441614587785286	-0.11046215046374017	0.9120428656833295	0.961504841311255
nw_027521049.1:408404-429998:-	196.64598161072522	0.03673919305725633	0.5404342074191917	0.06798088010139466	0.9458008545378397	0.961504841311255
nw_027520944.1:199812-214098:-	582.1254077887933	-0.03042017763155252	0.3248093914482939	-0.0936554743565507	0.9253828410626799	0.961504841311255
nw_027523264.1:1017985-1042419:+	259.73481947104636	-0.03003365290496658	0.4936755820488314	-0.06083682077270703	0.9514891658809295	0.961504841311255
nw_027526147.1:276960-298458:-	216.53569066428113	-0.02004038360656402	0.48476435737889867	-0.04134046429263398	0.9670244747874663	0.9670244747874663
10:33886825-33896919:-	35.46674016563612	1.3524480202617468	0.6616418779678099	2.044078625155504	0.04094578039732704	NA
12:117058947-117072107:+	87.16433799539759	-7.578855529434088	2.355459276881948	-3.2175701799721366	NA	NA
nw_027521170.1:384691-397021:-	36.27011456164481	0.7769550819045337	0.6604080715346243	1.1764772651840596	0.23940421214330732	NA
nw_027524123.1:108627-125386:-	38.08110319902311	-0.7898119400007012	0.5453068147959286	-1.4483808354683305	0.14751057153150587	NA
nw_027524175.1:1500877-1512248:-	34.73381362609891	-0.19361431910514956	0.5561998749271966	-0.34810205437477415	0.7277635415390991	NA
nw_027526179.1:359526-423661:+	458.2467360320251	0.28144147248677054	1.645703762712145	0.17101587713632657	NA	NA
