long-eRNA	baseMean	log2FoldChange	lfcSE	stat	pvalue	padj
nw_027521300.1:171255-202616:-	56.4745048782818	-5.259502428239836	0.9228368078545583	-5.699276820641021	1.2031672089813502e-08	1.2272305531609772e-06
nw_027521144.1:51419-62679:-	49.37277767780782	-4.010352951496554	0.7263641979549972	-5.521132460530524	3.368217371657678e-08	1.7177908595454158e-06
4:141343218-141359001:-	30.89514064694018	-6.12674451493357	1.1954036379368598	-5.125251689469242	2.971405392495438e-07	1.0102778334484489e-05
4:141307624-141332204:-	26.69222896238625	-4.675889022037556	0.9285131715572309	-5.035888736177555	4.7563679332664995e-07	1.2128738229829573e-05
3:204676335-204686456:+	29.360892796821886	-4.083535519074054	0.8256792679305602	-4.945667982325409	7.588320047767275e-07	1.548017289744524e-05
4:162836256-162876722:-	33.28051418989194	-3.86090902434749	0.8311168963267052	-4.645446436489962	3.393418138566166e-06	5.768810835562482e-05
5:64361863-64373235:+	15.674925827707087	-4.6860228962652135	1.0662670820438043	-4.394792801146141	1.108784607213206e-05	0.00016156575705106717
12:115554395-115565201:-	17.641838003422496	-3.613665613128177	0.8425634998001619	-4.288894088083879	1.795649678233203e-05	0.00022894533397473338
2:148559983-148580907:-	16.53490934558171	-3.7143462856893956	0.8726785410327088	-4.25625944840344	2.0787546701258648e-05	0.000235592195947598
16:52132293-52144311:-	13.445691764655514	-5.5059531423677015	1.3217485800918192	-4.165658450705666	3.104552064437416e-05	0.00031666431057261643
6:131379221-131420606:-	10.515465992733516	-4.501009045552634	1.151114601002166	-3.910131138666849	9.224602653098227e-05	0.000855372246014563
13:23809795-23824010:-	11.5543832323237	-4.645711896862155	1.199130585325117	-3.8742335102749252	0.000106960816081831	0.0009091669366955634
13:23857829-23868554:+	13.224333259231413	-3.482288249912612	0.9285186879054186	-3.750369588971942	0.00017657411998446885	0.0012007040158943882
12:106814015-106827009:+	25.811018251064777	-3.729000526437121	0.992184858433133	-3.758372741472785	0.00017102198254498557	0.0012007040158943882
nw_027522939.1:4856-16031:-	10.305609315451111	-4.5137717949002125	1.1941496578167314	-3.779904608567036	0.00015688845414876492	0.0012007040158943882
10:33886825-33896919:-	24.133992733784954	-3.2414074043608054	0.9240124530899266	-3.5079693931845153	0.00045154099611644915	0.002878573850242363
3:26256493-26279079:-	36.66542807245113	-2.8167178788615073	0.8100324221067683	-3.47729029356092	0.0005065090981104053	0.0030390545886624315
11:13203549-13214789:-	14.481890047547928	-3.0372685937557917	0.8871194253764618	-3.423742629090648	0.000617650872056248	0.0033399027025126714
4:55958096-55978342:-	23.358486133475022	-2.7261631240197763	0.7999768665783369	-3.407802447688429	0.0006548828828456219	0.0033399027025126714
1:206558541-206602456:-	11.46347716223565	-5.244651357749207	1.5353081768024597	-3.4160251583314603	0.0006354237615482525	0.0033399027025126714
nw_027522720.1:1569361-1591379:+	7.6830360048348325	-3.618407403902883	1.0769806700931892	-3.359770053802163	0.0007800737010829857	0.003788929405260216
1:212390451-212410524:+	19.94212918190827	-2.8854845275129493	0.8814211169283458	-3.2736730174658635	0.0010615937765414852	0.0049219347821468865
4:207685701-207699822:+	52.15617979646523	-2.974993354486274	0.9186829292304471	-3.238324409683258	0.0012023400695210932	0.005332116830050066
nw_027525482.1:5788-19064:-	24.496802251537996	-2.656214247328422	0.8401661430195052	-3.1615345005240894	0.001569402259398214	0.00666995960244241
5:64336378-64349089:+	7.540000453256458	-3.5568440437355915	1.1309535846150014	-3.144995596743619	0.0016608932978315271	0.0067764446551526305
nw_027524175.1:1500877-1512248:-	13.692642055421091	-3.1849764462752086	1.0179523001608073	-3.1288071609760824	0.0017551745602140906	0.006885684813147586
1:201105641-201146342:-	13.3497710225707	-4.336348492163647	1.3921093113551177	-3.114948270795291	0.001839771712002725	0.006950248689788072
nw_027522984.1:14502-35770:+	19.895347668872752	-2.3321797851312382	0.7548084724305447	-3.0897636557012	0.002003158262963412	0.007220973442706659
nw_027522939.1:25035-54193:-	5.964831128276951	-3.5756455262360287	1.162980264390125	-3.074553916107185	0.0021081761246868917	0.007220973442706659
6:25435984-25446702:-	14.304833099651498	-2.462439478602928	0.8014844132139894	-3.072348554762821	0.002123815718443135	0.007220973442706659
nw_027521117.1:73179-111559:-	16.01883122345142	-2.3848101961714017	0.7823582922063617	-3.0482327853212854	0.0023019153444103655	0.0073373551603080405
nw_027522565.1:157936-188408:+	8.446243168253035	-5.718614862570753	1.8745988805862104	-3.0505805384789686	0.002283994149149322	0.0073373551603080405
nw_027520944.1:155632-171792:-	21.427179860778782	-2.5849943610930635	0.8634238910075569	-2.9938879245935057	0.0027544710422838714	0.008247990592726656
nw_027520944.1:213498-232122:+	13.530376831115776	-2.642186337016255	0.8812388154688481	-2.998263683619661	0.0027152263905082315	0.008247990592726656
2:58775075-58888047:+	56.2632046400287	-2.8260642830666285	0.9465638092346924	-2.9856035646994927	0.0028301928504454216	0.008247990592726656
9:18416551-18445179:-	12.653143459039248	-2.419326364965874	0.830884488026989	-2.9117481428866063	0.0035941230347487727	0.010183348598454857
nw_027524315.1:236159-275348:+	14.500153025116292	-2.2769181971029995	0.788392310466467	-2.8880522639240587	0.003876354580372077	0.010686166681025726
nw_027522720.1:2591181-2611912:+	24.533384667142524	-1.9798782006776887	0.6894632412810962	-2.8716225639511457	0.004083703890817314	0.01096152097008858
nw_027520961.1:213078-253639:+	9.910331657979446	-3.7132796153463143	1.3267008467760228	-2.7988823737995245	0.005127981402094286	0.013411643667015825
nw_027523264.1:1017985-1042419:+	27.34010492538582	-2.35253011826224	0.8470152157451832	-2.7774354870266897	0.005478971540783073	0.013971377428996835
nw_027526147.1:276960-298458:-	7.730745837818868	-2.806592151286657	1.02724440833498	-2.7321561728778367	0.0062921307476045945	0.01565359356721143
11:96007074-96080761:+	10.614478283999537	-2.751810334417351	1.0247742718483126	-2.6852843694583646	0.007246811916860477	0.0175994003695183
10:98952269-98974927:-	23.372983113799737	-2.324163720220113	0.8829988354995357	-2.6321254647015158	0.008485252144128522	0.020127807411653705
nw_027523678.1:100644-123046:-	5.176082193267402	-3.000483098167138	1.1531448749644546	-2.602000115778711	0.009268182096007542	0.02148533122256294
nw_027522374.1:153307-175364:+	19.116513273370852	-2.0879382477854267	0.8225803383897587	-2.538278816477267	0.011139919464867237	0.025250484120365735
nw_027520944.1:199812-214098:-	38.48671287885711	-2.676554559628834	1.0590932780076003	-2.527213244771086	0.011497167016850099	0.025493718167798045
nw_027522592.1:95149-138190:-	8.23472567112845	-2.280864951060053	0.9239916487083423	-2.4684908724537697	0.013568411237569598	0.02944633928153402
9:39190416-39210556:-	6.136411676231745	-2.3441380174193283	0.9691912919379386	-2.4186536104055643	0.015578066637816124	0.033103391605359266
nw_027521049.1:408404-429998:-	26.58873177180267	-2.0409550748315706	0.8554808107149696	-2.3857403337029135	0.01704478123259088	0.03408956246518176
nw_027524440.1:581481-603178:+	21.203540190183325	-1.753809705213641	0.7339586187443664	-2.3895212351535626	0.01687034856552163	0.03408956246518176
13:17390005-17402825:+	23.072604538263224	-2.0372001282544594	0.8530508404309107	-2.388134483550109	0.01693414383674662	0.03408956246518176
nw_027524348.1:896153-909412:-	30.51996790488879	1.8034266608372829	0.7667814045040915	2.351943657271699	0.01867560352095641	0.03594172753089724
12:113017045-113028000:+	23.115993763158546	-2.4047648960789676	1.01982396087132	-2.358019607643243	0.018372722490062908	0.03594172753089724
2:84061698-84090151:+	3.1052051533959357	-3.369869577409116	1.5971068895563254	-2.1099837458877047	0.034859755944615774	0.06584620567316313
6:45666761-45687764:-	23.208099071515633	-1.622575428623361	0.8187035522243722	-1.9818839483655755	0.04749223086983711	0.08713508190194671
nw_027522939.1:65023-76707:+	68.97862265603419	-1.428538153992357	0.721922545548469	-1.9787969814781834	0.04783886849518643	0.08713508190194671
13:16561343-16571538:-	4.252100464334461	-2.106884140206436	1.0801667891951472	-1.9505174212737237	0.05111447901033271	0.09146801507112169
nw_027524086.1:134959-165985:-	4.210075930594684	-2.4334644132765857	1.2560890351048757	-1.937334333209434	0.052704487988130794	0.09268720301360933
nw_027521246.1:97528-137868:+	8.3488538869668	-1.7332525410649946	0.9622414000852074	-1.8012658163653252	0.07166099300349332	0.12388849637892066
12:117058947-117072107:+	14.35729413671195	-7.438529070994074	4.205991783520873	-1.7685553024944844	0.07696811552699523	0.1290262011894976
9:51535489-51555402:+	10.384590213669922	-1.384334488294021	0.7844091683154207	-1.7648117133395906	0.07759541538874593	0.1290262011894976
nw_027522124.1:17044-31986:+	12.690488664696838	-1.7669644880017443	1.004023990371107	-1.7598827368145251	0.07842769091910638	0.1290262011894976
nw_027523416.1:1375455-1397456:-	20.040489523479884	-1.2872098751429073	0.7467988491817498	-1.7236366614025629	0.08477345584579021	0.1372522618455651
nw_027521401.1:188930-252485:+	12.184059550040159	-1.6108623004977871	1.0074261647854317	-1.5989879524728041	0.10982327954712572	0.1750308517782316
nw_027522803.1:40169-65679:-	6.388840885559778	1.4311366171279885	0.901522593557031	1.5874661681870026	0.11240710349713075	0.17639268548780518
nw_027520990.1:727637-743995:-	10.912686593795593	-2.010149807465319	1.2821612464236156	-1.5677823776629587	0.11693192889755501	0.1807129810234941
16:37099404-37109727:-	5.009820906459649	-1.595384463494655	1.0274067719470172	-1.5528265016895646	0.12046458953641222	0.1833938527270753
nw_027523944.1:76720-90147:-	6.280758663900155	-1.3671624509876723	0.8906308791422386	-1.535049461011703	0.1247716790863459	0.18715751862951885
1:14553169-14596100:+	12.452362409861623	-1.1892793567779185	0.780737999987826	-1.5232758707741432	0.12768970127884746	0.1887586888469919
14:10443785-10455607:-	83.30317382179017	-0.9975023327731931	0.6640498057157663	-1.5021498751859508	0.13305840660945126	0.19388510677377183
nw_027522565.1:259151-280474:+	1.0447341057887225	-2.6435270275767726	1.8276210596058657	-1.4464306009621384	0.14805646403058975	0.21270083564957964
nw_027522568.1:23713-63717:+	3.429569530570138	-1.5521106993226754	1.0814549776282458	-1.4352060246896559	0.15122839732722965	0.2142402295469087
nw_027522943.1:14073-40965:+	2.7737353453633453	1.621418426065001	1.1449653455656947	1.4161288220159227	0.1567377908473615	0.21900348858124485
nw_027523660.1:1693027-1752065:+	7.093790202132941	-1.4255034480717272	1.0223598021700933	-1.3943265815478159	0.1632190074618839	0.22497755082583995
15:36743608-36760746:+	20.017535658500716	-1.1516247874964314	0.8430687214783698	-1.3659915949401973	0.1719416015198565	0.23384057806700484
nw_027521170.1:384691-397021:-	33.23908371618359	-1.1542852006608195	0.8972187173268931	-1.2865148467921081	0.1982634407033922	0.2660904072598158
nw_027522423.1:265565-308518:+	13.824067370452491	-1.091142437609081	0.9325189836817158	-1.1701021177082074	0.2419598763652856	0.3205182777825861
11:4794727-4810455:+	17.40778283769798	-0.9317281032047461	0.8459149123605398	-1.1014442346272666	0.2707033623702312	0.35399670463799465
nw_027524451.1:34381-71436:-	2.682750961453357	1.157164541529968	1.1347814041219568	1.0197246247838636	0.30785907961233194	0.3925203265057232
7:12274889-12289097:-	5.670067055856002	-0.9182175903228686	0.8954909744140234	-1.0253789446886572	0.3051844190764701	0.3925203265057232
nw_027522274.1:395253-408286:+	2.9732194845420192	-1.0741587118577278	1.0761705128246433	-0.9981305927425618	0.31821603713052593	0.400716491201403
nw_027524123.1:108627-125386:-	7.741831502894485	-1.0593158661712165	1.1141098386241042	-0.9508181594369933	0.34169669255238166	0.4250373492724748
10:109735089-109748173:+	1.7109659636605237	-1.0720045458556127	1.2240458977598732	-0.8757878669562053	0.3811453671930579	0.46281937444871313
nw_027524982.1:409451-424450:-	8.927797136628357	-1.052028887665703	1.1903502297465813	-0.8837977776420255	0.3768053862856593	0.46281937444871313
nw_027523917.1:55784-78489:-	10.4809659178474	-0.8450861943269784	0.9921929842383456	-0.8517357084274354	0.394360796818789	0.4732329561825468
3:139702179-139765483:-	9.276403604554472	-0.7943807598003043	0.9652002166076086	-0.8230217380102921	0.4104956317928258	0.4868669121263748
nw_027520944.1:90891-133681:+	16.439614138539284	-0.7825718247987431	0.9794177539032062	-0.799017397509912	0.4242803241755019	0.4942677612699899
nw_027521325.1:299772-320341:+	1.4060596034540127	-1.073269652618977	1.3494806740283716	-0.7953205060841151	0.42642708815450103	0.4942677612699899
nw_027520953.1:252904-324184:-	5.136830358116501	0.7089368339867423	0.9386092971307982	0.7553055740592667	0.4500656549438755	0.515805582070509
nw_027520965.1:258588-302733:-	28.366631822054547	-0.676175783603604	0.9346274783482255	-0.7234709007257253	0.46939062557781075	0.5319760423215188
10:28954815-28967813:-	28.733399397160017	0.6883550657227759	1.0272759109724177	0.6700780757831458	0.5028080201890275	0.5635870116404484
6:199236517-199249582:+	3.000657130632723	0.7582022942848498	1.2218428305324327	0.6205399543527657	0.5349023578274038	0.5930439184608173
nw_027520962.1:858241-891945:-	2.691585799001318	0.5784223729703403	1.0611572468621395	0.5450863900526951	0.5856941027052773	0.6423741771606267
3:204686312-204699426:+	39.137141659805735	-0.38114019299882085	0.7185935968359956	-0.5303974244649559	0.5958364113477004	0.646055249223394
nw_027524096.1:71772-108194:+	2.596313161275703	0.5572637971217491	1.067695567454794	0.5219313576904434	0.6017181242766905	0.646055249223394
nw_027520962.1:288020-329575:-	24.770184245537255	-0.5171312550624724	1.1540501037448676	-0.44810121621617	0.6540801503456463	0.6877956220129476
nw_027522888.1:229435-271660:-	28.515051610060368	-0.4683146597266637	1.039071908864482	-0.4507047642529833	0.6522023481606124	0.6877956220129476
nw_027520953.1:171013-213656:-	3.2351084604956224	0.451016850018577	1.039457498919235	0.43389638391903185	0.6643636857677264	0.691480570901103
nw_027522831.1:25453-38893:+	6.040445665663554	0.37488636371330225	0.9034247785799356	0.41496134775335036	0.6781701988015698	0.6987208108864659
nw_027521300.1:157424-185483:+	1.6380805176776903	0.4066829681652545	1.2379226994925077	0.32852048704816234	0.7425181566501071	0.7573685197831093
nw_027520960.1:99901-134578:-	26.892687664857068	-0.25042966077625006	0.997661673038059	-0.2510166197060039	0.8018012598135212	0.8097398861483086
nw_027526179.1:359526-423661:+	1.8665673253903645	-0.042081942614950574	1.3260135072621808	-0.031735681714009936	0.9746828393162935	0.9746828393162935
