long-eRNA	ppc_SRR13652347	ppc_SRR13652348	ppc_SRR13652349	ppc_SRR13652341	ppc_SRR13652342	ppc_SRR13652343	gbc_SRR13652347	gbd_SRR13652347	gbc_SRR13652348	gbd_SRR13652348	gbc_SRR13652349	gbd_SRR13652349	gbc_SRR13652341	gbd_SRR13652341	gbc_SRR13652342	gbd_SRR13652342	gbc_SRR13652343	gbd_SRR13652343	SRR13652347-pindex	SRR13652347-pvalue	SRR13652347-FDR	SRR13652348-pindex	SRR13652348-pvalue	SRR13652348-FDR	SRR13652349-pindex	SRR13652349-pvalue	SRR13652349-FDR	SRR13652341-pindex	SRR13652341-pvalue	SRR13652341-FDR	SRR13652342-pindex	SRR13652342-pvalue	SRR13652342-FDR	SRR13652343-pindex	SRR13652343-pvalue	SRR13652343-FDR
1:14553169-14596100:+	26.2707	0.001691631394338263	0.002791191800658134	14.3246	0.006128199287656242	0.0102829106691181	12.939	1.491013759669137e-06	3.5224700071577255e-06	11.154	0.00026291910845161804	0.0010201261407922781	4.0909	0.3742403522654966	0.8660991009572923	5.2228	0.06982907593644852	0.15052045257412236
1:201105641-201146342:-	25.2076	0.4961240310077615	0.5306596919500005	70.358	0.0137625714003325	0.021197400946679806	84.1769	2.1306546502778702e-06	3.683504649632928e-06	0.0	NA	NA	99.255	0.4857142857142856	0.915734265734316	72.1855	0.48936170212765656	0.6198698102722888
1:206558541-206602456:-	102.486	0.00641825196326433	0.009208796295118386	29.9414	0.24576271186444282	0.30639067524118246	58.7076	1.8920018045401936e-06	3.5224700071577255e-06	0.0	NA	NA	0.0	NA	NA	59.1945	0.4918032786885374	0.6198698102722888
1:212390451-212410524:+	63.1899	1.7804645078675728e-07	3.6563593018690883e-06	60.0081	7.605717954380672e-05	0.00017927763749611583	156.06	8.855126311549542e-07	3.5224700071577255e-06	26.4102	0.0034177263183350374	0.008812634477032127	2.8683	0.9999999999999413	1.0	31.416	0.01388122179444012	0.043434790776151345
10:28954815-28967813:-	202.4831	3.406673678236148e-07	3.6563593018690883e-06	66.3774	0.00011798265184359711	0.0002654609666480935	23.8278	0.0007481259398380021	0.0009910239722529378	677.0864	1.0958305783354936e-06	9.095186112854386e-06	45.7105	0.10985670864090306	0.4769076216092832	287.976	4.774111395264105e-07	1.7287521776291867e-05
10:33886825-33896919:-	303.1667	0.0002482629652915487	0.0004637364823370438	284.2188	4.550387455329943e-07	5.005065287669666e-06	532.7071	2.7049761941005858e-06	4.180417754519087e-06	12.9929	0.06511827526546252	0.11676108531889869	20.2111	0.23728813559322431	0.6112486735058797	19.1474	0.02759121144930311	0.0686242951431385
10:98952269-98974927:-	39.6123	1.6098684735385462e-06	6.169537871105061e-06	17.0915	3.657338524180037e-07	4.725065938868008e-06	127.2466	1.5343339627963129e-06	3.5224700071577255e-06	11.1262	0.0004800642164300604	0.001605732034266064	2.0337	0.9999999999999413	1.0	24.0656	0.0030145495527776887	0.01218380444247649
10:109735089-109748173:+	2.6272	1.0	1.0	2.4918	1.0	1.0	4.4485	0.12302038471416978	0.14033973174289982	5.4315	0.497237569060756	0.6430939226519111	3.0987	1.0	1.0	2.8774	0.9999999999999413	1.0
11:4794727-4810455:+	9.6962	5.7803844137442945e-05	0.00011445161139213702	10.1579	0.0031591758298792883	0.005392386330311199	16.7317	2.966111478492104e-07	3.5224700071577255e-06	37.606	2.2840846638691873e-07	7.385207079843706e-06	9.3517	0.12210988086474614	0.4769076216092832	18.0724	0.010505954053313438	0.03514060493694495
11:13203549-13214789:-	21.2549	0.005169636921598559	0.007638717242362049	97.5333	3.063219187812136e-07	4.725065938868008e-06	80.6378	5.796509877086007e-07	3.5224700071577255e-06	12.9633	0.058791507893314256	0.1096687743394516	2.3543	1.0	1.0	10.241	0.2119892906855515	0.360753705201728
11:96007074-96080761:+	30.4376	9.981677778115741e-06	2.5338105129063038e-05	11.4922	0.038649406382772554	0.054661303312778325	18.6597	5.382793932159244e-06	7.625624737225595e-06	10.2999	0.06976301693029313	0.11676108531889869	0.0	NA	NA	6.16	0.24947220267459186	0.3722892870682371
12:106814015-106827009:+	54.0035	1.9529237634243333e-06	6.169537871105061e-06	52.0265	3.32509893251059e-06	1.0972826477284947e-05	58.8924	7.77087640586346e-07	3.5224700071577255e-06	186.5889	0.006797676430601908	0.016484365344209627	0.0	NA	NA	119.95	0.01906158357771258	0.055602209023726805
12:113017045-113028000:+	74.67	9.392883121138472e-07	5.912568390463112e-06	20.8036	0.0007382747154204021	0.0013535036449374039	108.0193	1.8790174077757357e-06	3.5224700071577255e-06	123.7773	6.4879746348701e-07	7.637300217876192e-06	3.9824	0.9999999999999981	1.0	12.6425	0.11938242552947609	0.21866431670576056
12:115554395-115565201:-	25.6392	1.2374125863952919e-05	2.9878986842227778e-05	130.76	1.2495456075448567e-06	5.890715006997181e-06	223.5996	1.17123546307466e-06	3.5224700071577255e-06	29.421	0.2333333333333328	0.3378109452736311	28.02	0.48387096774193866	0.915734265734316	130.76	0.08668730650154871	0.18279714631848315
12:117058947-117072107:+	NA	NA	NA	304.025	0.0003442978971343803	0.0007252232301341202	34.1253	1.4856428808098208e-06	3.5224700071577255e-06	0.0	NA	NA	0.0	NA	NA	0.0	NA	NA
13:16561343-16571538:-	35.0324	0.10985670864090306	0.13594767694311755	33.88	0.01214759441165128	0.01908907693259487	41.5303	0.011545437005595157	0.013854524406714187	2.8295	1.0	1.0	13.794	0.24117647058824188	0.6112486735058797	2.6655	0.9999999999999697	1.0
13:17390005-17402825:+	160.1555	7.515632590007702e-08	3.6563593018690883e-06	148.6069	1.374520492895642e-06	5.916414295507328e-06	161.8732	7.672167263761235e-07	3.5224700071577255e-06	152.529	1.8653256789658862e-07	7.385207079843706e-06	10.9963	0.4943820224719112	0.915734265734316	50.9925	0.0006011080803670056	0.0030688149366105023
13:23809795-23824010:-	30.6952	5.024093570243867e-05	0.00010362192988627976	26.9714	0.05674232309746345	0.07911957727674482	71.2158	1.6287283190374864e-06	3.5224700071577255e-06	3.1846	0.9999999999999981	1.0	3.2632	1.0	1.0	5.7461	1.0	1.0
13:23857829-23868554:+	6.8801	0.00013645134343505936	0.0002648761372562917	18.7812	0.0007534001379484142	0.0013561202483071454	12.5497	2.4496212139212864e-06	4.018390297802487e-06	7.7808	1.0	1.0	38.904	0.22857142857142754	0.6112486735058797	21.6133	0.23728813559322431	0.3722892870682371
14:10443785-10455607:-	40.7135	1.919531077847111e-06	6.169537871105061e-06	32.9506	7.803513224164134e-07	5.150318727948328e-06	75.2625	2.789714973589274e-06	4.247028765762775e-06	67.6437	1.4096377310978372e-06	9.76677570832073e-06	65.4052	3.753234155563077e-07	3.0401196660060923e-05	71.24	1.2892372566462717e-06	1.7287521776291867e-05
15:36743608-36760746:+	56.7525	1.666244694684697e-05	3.83623778543686e-05	125.5256	0.009625126646403184	0.01562110718022812	135.5319	1.7336838767717952e-06	3.5224700071577255e-06	40.7392	0.0001710919540735451	0.0007215617193536468	44.8306	3.876786810826618e-05	0.0006280394633539121	57.4814	0.00014963814292337721	0.0008538176390333877
16:37099404-37109727:-	17.1758	0.013696985862899474	0.018575364389411618	19.98	0.23770491803279561	0.30562060889930864	29.5639	0.0012545856098172294	0.0015995966525169675	9.0524	0.2121788373800637	0.32523624032029175	0.0	NA	NA	7.4592	0.36891716743260833	0.5112973449583125
16:52132293-52144311:-	26.0976	0.003125415050032055	0.004877956549951001	33.437	2.907163988347671e-06	9.924456374014463e-06	57.2988	1.6918743788425704e-06	3.5224700071577255e-06	9.5817	0.9999999999999981	1.0	0.0	NA	NA	13.7737	0.9999999999999946	1.0
2:58775075-58888047:+	107.1512	1.5136682523400522e-06	6.169537871105061e-06	172.2662	1.08639765758193e-06	5.890715006997181e-06	100.0943	3.3479651015008534e-06	4.9491658022186525e-06	39.0995	7.873505379253805e-07	7.637300217876192e-06	2.3303	0.9999999999998276	1.0	32.3443	1.0275410490575791e-05	8.305956813215431e-05
2:84061698-84090151:+	17.092	0.007404846477326916	0.010325067623314997	0.0	NA	NA	16.6388	0.02048739215932376	0.024019701152310616	3.6851	0.9999999999994815	1.0	0.0	NA	NA	0.0	NA	NA
2:148559983-148580907:-	41.7782	2.342995891914103e-07	3.6563593018690883e-06	51.4194	1.93822659856722e-05	5.04959034889881e-05	50.7182	5.814282865553412e-07	3.5224700071577255e-06	6.2756	0.37256571850317943	0.497125754817756	13.7414	0.49579831932774165	0.915734265734316	5.6127	0.4982578397212173	0.6198698102722888
3:26256493-26279079:-	187.5234	1.6262602648024274e-06	6.169537871105061e-06	86.348	9.094258686590397e-07	5.296068293955584e-06	152.609	2.6343152419033933e-06	4.133848533448402e-06	62.453	1.1359546694442173e-07	7.385207079843706e-06	79.9519	0.05282331511839712	0.32889724525668873	33.2108	0.05805282781074684	0.13734449506444985
3:139702179-139765483:-	52.9389	0.00021551617032674862	0.00041030963196823293	24.922	0.030486592218113756	0.04374163231294582	16.7175	0.001769471322519672	0.0022282231468766242	21.9066	0.0001362542599115296	0.000600757418700835	1.8352	1.0	1.0	12.5506	0.06953375877313668	0.15052045257412236
3:204676335-204686456:+	26.154	7.584589619330914e-07	5.363388373669718e-06	17.6758	5.055621502696632e-07	5.005065287669666e-06	27.7158	2.9353492675960564e-06	4.403023901394085e-06	5.2425	0.21479988077103374	0.32523624032029175	10.7318	0.11977384317809645	0.4769076216092832	3.8008	1.0	1.0
3:204686312-204699426:+	26.1946	1.3496335303369486e-05	3.1812790357942355e-05	18.9215	3.818235102115562e-07	4.725065938868008e-06	30.7744	1.910513015051122e-06	3.5224700071577255e-06	65.7085	5.183966787424909e-07	7.637300217876192e-06	46.3979	3.633528008042164e-06	9.810525621713843e-05	70.7843	1.4880617030503638e-06	1.7287521776291867e-05
4:55958096-55978342:-	64.8113	3.124389813601039e-07	3.6563593018690883e-06	29.6108	0.00019554528771847335	0.0004208474670462796	46.8907	1.5111460650495476e-06	3.5224700071577255e-06	55.8784	0.0029824253658108178	0.00826557887096141	38.494	0.05684643745177336	0.32889724525668873	39.0519	0.013524410608725435	0.043434790776151345
4:141307624-141332204:-	296.4469	4.830344693579407e-07	4.260427137927785e-06	96.1555	3.784171947545077e-07	4.725065938868008e-06	57.9507	1.4953491682042444e-06	3.5224700071577255e-06	34.2996	0.11861761426978545	0.19491272080446698	12.0928	0.9999999999999981	1.0	47.162	0.4883720930232549	0.6198698102722888
4:141343218-141359001:-	93.7522	1.8753191042348988e-07	3.6563593018690883e-06	105.8607	3.3497996731661174e-07	4.725065938868008e-06	85.7904	2.241443890083063e-06	3.78255910436288e-06	18.48	0.9999999999999946	1.0	0.0	NA	NA	34.7859	0.48648648648648707	0.6198698102722888
4:162836256-162876722:-	65.5598	2.2103855996452545e-06	6.631156798935763e-06	64.6759	2.0479498813362135e-06	7.50914956489945e-06	57.4727	1.8492332219232764e-06	3.5224700071577255e-06	5.0506	0.06981590668552705	0.11676108531889869	0.6433	0.9999999999987986	1.0	4.5364	0.17888310833465884	0.3098510983653912
4:207685701-207699822:+	49.14	1.275122533550661e-06	6.007278696368324e-06	40.7085	1.5296179986740171e-06	6.057287274749107e-06	33.2785	1.4484167839553225e-06	3.5224700071577255e-06	41.7815	6.197369708070909e-07	7.637300217876192e-06	5.4675	0.49743589743592476	0.915734265734316	25.7294	0.0015833979489076964	0.006981345502002116
5:64336378-64349089:+	76.6604	2.3109539195018926e-06	6.728954059726099e-06	58.56	0.10602910602910616	0.14184974995785823	39.4509	1.7058457806176643e-05	2.3513009408513753e-05	3.66	1.0	1.0	2.8919	1.0	1.0	5.856	0.9999999999999697	1.0
5:64361863-64373235:+	30.0271	0.0006974420259199352	0.0012786437141865479	121.77	6.634410203388094e-07	5.029593234928627e-06	88.2113	1.5154833389071145e-06	3.5224700071577255e-06	3.2416	1.0	1.0	3.8419	0.9999999999999981	1.0	4.2339	1.0	1.0
6:25435984-25446702:-	29.9046	2.8816377303529086e-06	7.924503758470498e-06	59.3939	0.0005045349681785737	0.0009605569586476691	80.647	1.53911044714404e-06	3.5224700071577255e-06	21.2051	0.027473417847749013	0.05551919856732613	12.4072	0.24242424242423827	0.6112486735058797	25.3539	0.026833751336297163	0.06849668104265329
6:45666761-45687764:-	96.0192	1.0597878596873913e-06	5.912568390463112e-06	78.3941	6.425232327888412e-07	5.029593234928627e-06	66.1786	1.3770901088287307e-06	3.5224700071577255e-06	26.777	0.00011514183576857989	0.0005318456223596309	7.9486	0.2475570032572921	0.6112486735058797	42.5617	1.3587018782331522e-05	0.00010138006322201213
6:131379221-131420606:-	67.6416	1.1066709812156194e-05	2.7390106785086582e-05	64.989	0.013917485470042297	0.021197400946679806	34.8155	6.121784134221075e-07	3.5224700071577255e-06	73.4291	0.9999999999999981	1.0	100.965	1.0	1.0	62.1323	1.0	1.0
6:199236517-199249582:+	20.6846	0.2399999999999947	0.2761981196973495	6.5222	0.9999999999999839	1.0	10.055	0.4949494949494938	0.5204623555139007	6.9948	0.011120417365595424	0.02630928010884771	0.0	NA	NA	5.5797	0.37144379070725686	0.5112973449583125
7:12274889-12289097:-	24.3858	0.027997108447736986	0.03646991758323634	4.6078	0.6228417132524476	0.7006969274090036	13.2563	0.0008508724004638495	0.0011126792929142648	66.045	0.22413793103448248	0.3294148380355273	132.09	0.09316770186335323	0.4716614906832257	226.44	0.014906832298136542	0.045186335403726394
9:18416551-18445179:-	19.5028	0.0031534264565339807	0.004877956549951001	76.5952	8.015832180415143e-05	0.0001845505548514184	22.9049	2.2621186800601536e-06	3.78255910436288e-06	3.1044	0.3741255680587236	0.497125754817756	10.233	0.12300836911942674	0.4769076216092832	6.0723	0.2486388384755147	0.3722892870682371
9:39190416-39210556:-	6.4885	0.2163984158103495	0.2550409900621976	10.3465	0.011159357263517721	0.017818973694971846	13.0401	0.0008887306907339594	0.0011474750690489096	2.4422	0.686754768533694	0.832690156847104	0.6511	0.9999999999984948	1.0	2.2001	0.9999999999996362	1.0
9:51535489-51555402:+	57.3152	0.0014239168262870027	0.002430478720731263	59.1063	0.001410960410703127	0.0024943764403501712	44.8199	4.327616255484301e-07	3.5224700071577255e-06	24.1455	0.003452372269352792	0.008812634477032127	6.0687	0.623013234604642	1.0	21.0156	0.007108421298170802	0.024625602354377423
nw_027520944.1:90891-133681:+	37.877	5.227178516974458e-05	0.0001056103414654023	45.5902	6.0890142349602925e-06	1.8267042704880878e-05	28.1875	2.5213429319545014e-06	4.018390297802487e-06	67.4048	5.692615499245147e-07	7.637300217876192e-06	3.4538	0.9999999999998276	1.0	30.8746	0.00010850452951452019	0.0007016626241938972
nw_027520944.1:155632-171792:-	41.9085	9.103791599331346e-06	2.371777285088956e-05	56.2262	6.498083855970171e-07	5.029593234928627e-06	77.4896	1.8037772517433302e-06	3.5224700071577255e-06	10.6393	0.1212820214500449	0.19491272080446698	6.6642	0.497297297297321	0.915734265734316	28.9843	0.00018575955346258142	0.0010010375936594666
nw_027520944.1:199812-214098:-	19.0863	5.164154106579134e-07	4.260427137927785e-06	50.0313	1.9496758824072044e-06	7.423765859935124e-06	27.9726	2.5102147648512396e-06	4.018390297802487e-06	6.8226	0.00044723684249062777	0.001549356204342532	0.0	NA	NA	6.7561	0.001382101278200866	0.00638399161835638
nw_027520944.1:213498-232122:+	11.047	0.005953432315255464	0.00866749704721016	24.8824	5.8865955562650585e-05	0.00014213974635859532	30.9337	1.968439121646964e-06	3.5224700071577255e-06	0.9673	0.9999999999939628	1.0	0.4278	1.0	1.0	1.7475	0.5480312825195814	0.6728991696759418
nw_027520953.1:171013-213656:-	11.4617	0.24829931972792024	0.2761981196973495	11.9839	0.4982206405694631	0.5674482758620711	3.9102	1.0	1.0	3.9349	0.6244110715777393	0.766681948646085	5.7047	0.6241472419260337	1.0	9.3758	0.1237813423297943	0.21866431670576056
nw_027520953.1:252904-324184:-	21.2973	0.24812967581044945	0.2761981196973495	21.2169	0.12360465723391299	0.16101132981786034	5.2579	0.6245334368792402	0.6434586925422475	16.2499	0.011474339538869489	0.026500260363579532	16.1566	0.01535953195678263	0.10367684070828276	6.7822	0.3742485720828885	0.5112973449583125
nw_027520960.1:99901-134578:-	73.9748	2.3888452779431573e-06	6.757019500467788e-06	55.7725	0.0001923889762184639	0.0004208474670462796	118.4281	1.9007449713342363e-06	3.5224700071577255e-06	66.647	1.995675968497332e-06	1.2098785559015075e-05	3.4809	1.0	1.0	60.5613	1.7822187398239036e-06	1.7287521776291867e-05
nw_027520961.1:213078-253639:+	17.1264	0.0611772801144338	0.07666519913074615	7.6819	1.0	1.0	26.671	1.8005670878488017e-06	3.5224700071577255e-06	5.3704	0.6241549287743429	0.766681948646085	7.8341	0.9999999999999981	1.0	10.4111	0.9999999999999981	1.0
nw_027520962.1:288020-329575:-	95.4259	1.7433873312747167e-06	6.169537871105061e-06	73.7382	1.0779773498516898e-05	2.964437712092147e-05	109.4763	4.592466294423266e-07	3.5224700071577255e-06	76.8834	4.610211041180182e-07	7.637300217876192e-06	0.0	NA	NA	58.7768	1.326176610109985e-06	1.7287521776291867e-05
nw_027520962.1:858241-891945:-	7.1098	1.0	1.0	5.8928	0.9999999999999413	1.0	8.5169	0.2169378241906201	0.23793180717680915	10.4936	0.24802110817948117	0.3504084581600858	13.082	0.24754098360655793	0.6112486735058797	15.7995	0.0610277230279918	0.14094497937417153
nw_027520965.1:258588-302733:-	90.3056	5.001692555874809e-06	1.3382907108962326e-05	116.7064	7.112556089798058e-07	5.029593234928627e-06	91.9665	1.9232923662394917e-06	3.5224700071577255e-06	38.7208	0.0001058544626858697	0.0005133941440264681	10.8316	0.12364271671351786	0.4769076216092832	75.892	1.2845590351883072e-06	1.7287521776291867e-05
nw_027520990.1:727637-743995:-	49.5452	0.05388854868340398	0.0683970040981666	329.1214	3.2570189535999546e-07	4.725065938868008e-06	16.6043	0.4935064935064819	0.5204623555139007	26.7113	0.0003884103002981599	0.0013953999677378335	3.2679	1.0	1.0	7.5536	0.24698795180729002	0.3722892870682371
nw_027521049.1:408404-429998:-	99.5039	1.7526577619907373e-06	6.169537871105061e-06	107.2068	1.354560764563363e-06	5.916414295507328e-06	73.4675	2.036830994073695e-06	3.582013127508912e-06	35.8174	0.0003884103002981599	0.0013953999677378335	4.6455	0.6235994361199915	1.0	38.2739	7.322903064341234e-06	6.45746906582818e-05
nw_027521117.1:73179-111559:-	55.2429	4.7574217348295424e-05	0.00010020952164853717	89.5038	9.716774734881606e-06	2.7807395132775095e-05	86.8944	1.8759878725690365e-06	3.5224700071577255e-06	11.2896	0.02097802939232104	0.043295081937343424	4.6055	0.6242327359712743	1.0	7.9253	0.123851710454534	0.21866431670576056
nw_027521144.1:51419-62679:-	134.8014	1.3036951009620093e-06	6.007278696368324e-06	256.525	1.19393055840564e-06	5.890715006997181e-06	173.3944	1.4706590652349773e-06	3.5224700071577255e-06	16.8674	0.02832199245015549	0.05606598505438944	84.5024	0.009401286491835619	0.07615042058386852	43.9757	0.02457492756000179	0.06442616144108577
nw_027521170.1:384691-397021:-	339.93	1.1347353476646374e-06	5.912568390463112e-06	1165.4743	2.2274366199231722e-07	4.725065938868008e-06	248.9628	1.6703036123579467e-06	3.5224700071577255e-06	151.08	7.638685043282303e-07	7.637300217876192e-06	19.4246	0.2399999999999947	0.6112486735058797	116.9652	3.1304685699733544e-07	1.7287521776291867e-05
nw_027521246.1:97528-137868:+	74.2283	4.454540514865472e-05	9.586945890688733e-05	33.4817	0.4948453608247263	0.5674482758620711	64.3496	3.157473209839102e-07	3.5224700071577255e-06	4.4266	0.3741243429349521	0.497125754817756	6.1631	0.2490272373542473	0.6112486735058797	7.3649	0.12398492184347248	0.21866431670576056
nw_027521300.1:157424-185483:+	1.0889	1.0	1.0	1.8989	1.0	1.0	1.7861	1.0	1.0	1.4787	0.9999999999996351	1.0	2.4378	1.0	1.0	3.7497	0.6241374344531252	0.7386728158432331
nw_027521300.1:171255-202616:-	194.7751	1.3349508214151829e-06	6.007278696368324e-06	69.4525	1.1854514910141211e-06	5.890715006997181e-06	84.8042	1.8303621179710045e-06	3.5224700071577255e-06	3.506	0.21794181052390682	0.32523624032029175	0.799	1.0	1.0	4.0281	0.3739682206863559	0.5112973449583125
nw_027521325.1:299772-320341:+	2.9429	0.9999999999999413	1.0	4.6047	0.9999999999999981	1.0	6.3902	0.3724772879703893	0.3999229828734706	2.1989	0.9999999999999413	1.0	8.24	0.49740932642485974	0.915734265734316	0.0	NA	NA
nw_027521401.1:188930-252485:+	60.734	0.0017557796014568872	0.002849543943348063	69.1864	0.00042117949291408605	0.0008215039909199903	48.4305	8.737376735834403e-07	3.5224700071577255e-06	20.8231	0.0032894445961312883	0.008812634477032127	0.0	NA	NA	25.3263	0.0018670551169161793	0.007874102014820408
nw_027522124.1:17044-31986:+	15.5643	0.003012835122739006	0.0048108173734058325	30.9844	5.110925231511846e-05	0.00012649539947991818	35.04	8.28498628583606e-07	3.5224700071577255e-06	7.0597	0.012328708992403686	0.027811273773561806	0.0	NA	NA	7.1503	0.020635871390249125	0.055602209023726805
nw_027522274.1:395253-408286:+	4.0793	0.4979079497907122	0.5306596919500005	15.0425	0.11946532999164927	0.15769423558897705	5.0992	0.21582032111037927	0.23793180717680915	6.1713	0.9999999999999981	1.0	12.449	0.2438016528925652	0.6112486735058797	3.6467	0.99999999999998	1.0
nw_027522374.1:153307-175364:+	71.7886	3.69329222411019e-07	3.6563593018690883e-06	28.9789	0.00042319902562544954	0.0008215039909199903	40.6051	5.516134811689716e-07	3.5224700071577255e-06	9.5357	0.12257397906260295	0.19491272080446698	35.8434	0.00039022624180164156	0.005268054264322162	7.0428	0.2164294597108133	0.3619596136542912
nw_027522423.1:265565-308518:+	25.2566	0.0036814867855810593	0.00552223017837159	50.5828	1.2076320780469227e-05	3.23123177639582e-05	48.1848	6.337085931143462e-07	3.5224700071577255e-06	46.3129	1.2310483281792427e-05	7.024216931375679e-05	3.2905	0.9999999999998276	1.0	33.6594	0.00010743331643037902	0.0007016626241938972
nw_027522565.1:157936-188408:+	40.6524	0.11892763555734193	0.14402930466372288	8.5429	0.9999999999999697	1.0	62.5472	9.97584576351013e-07	3.5224700071577255e-06	49.1217	0.9999999999999981	1.0	0.0	NA	NA	0.0	NA	NA
nw_027522565.1:259151-280474:+	0.0	NA	NA	7.6694	0.9999999999999981	1.0	4.3944	0.12382917506726454	0.14033973174289982	0.0	NA	NA	0.0	NA	NA	40.648	0.9999999999999946	1.0
nw_027522568.1:23713-63717:+	6.6675	0.9999999999999981	1.0	31.9713	0.06004440735082229	0.08256106010738065	23.3563	0.0018277866573408964	0.0022735882810825782	3.6116	0.9999999999997066	1.0	2.1373	1.0	1.0	7.6731	0.24878048780500223	0.3722892870682371
nw_027522592.1:95149-138190:-	30.4968	0.014812962642866141	0.0198173419141047	35.672	0.014682352841478334	0.0220235292622175	63.1617	9.390758405938655e-07	3.5224700071577255e-06	7.0659	0.21757616916298095	0.32523624032029175	1.8044	0.9999999999996264	1.0	5.8392	0.37392008578915337	0.5112973449583125
nw_027522720.1:1569361-1591379:+	19.6032	0.0035663653770499535	0.005431848805045314	37.929	0.0003852302588575368	0.0007945374088936696	20.3237	3.3084248864939104e-05	4.499457845631718e-05	2.0162	0.9999999999995496	1.0	0.0	NA	NA	3.593	0.9999999999999633	1.0
nw_027522720.1:2591181-2611912:+	75.0542	1.9941940593470904e-06	6.169537871105061e-06	57.9697	1.8875742874500615e-07	4.725065938868008e-06	75.3023	7.766404720712801e-07	3.5224700071577255e-06	21.7386	0.0015954885472525973	0.004689769366166725	23.5926	0.0008447941713266558	0.00977547541106559	12.5949	0.020436456387806886	0.055602209023726805
nw_027522803.1:40169-65679:-	7.8645	0.24802110817948117	0.2761981196973495	5.2712	0.4986666666666686	0.5674482758620711	6.9634	0.21677493240009668	0.23793180717680915	10.8512	0.0006802601463004367	0.002199507806371412	20.8112	0.0035949412848035526	0.03235447156323198	7.9711	0.1232476792952657	0.21866431670576056
nw_027522831.1:25453-38893:+	106.6371	0.02019602019602045	0.02665874665874699	71.0914	0.47058823529412064	0.5674482758620711	51.2276	0.011827132080295445	0.014027528746396923	25.3037	0.0027291682763296967	0.007786156553058253	8.0265	0.24607329842935363	0.6112486735058797	20.1746	0.003343560184273616	0.012973013514981632
nw_027522888.1:229435-271660:-	119.6195	1.5515795756381843e-06	6.169537871105061e-06	94.3728	2.344685136463006e-06	8.2901367324942e-06	106.6002	5.75457419415333e-07	3.5224700071577255e-06	86.7916	1.1251776634459036e-06	9.095186112854386e-06	2.491	1.0	1.0	71.4584	8.658288965690557e-07	1.7287521776291867e-05
nw_027522939.1:4856-16031:-	38.4	0.0013267650570376204	0.0023043814148548144	76.32	0.002083912197832779	0.003619426448867458	69.7376	1.2453639679985712e-06	3.5224700071577255e-06	11.9718	0.4929577464788751	0.6430939226519111	13.568	1.0	1.0	0.0	NA	NA
nw_027522939.1:25035-54193:-	20.7624	0.007333443909980264	0.010325067623314997	20.7624	0.007333443909980264	0.012100182451467436	16.3715	0.0004752477668839791	0.0006378325292390245	0.0	NA	NA	4.5054	0.9999999999998844	1.0	7.0397	0.49845201238390235	0.6198698102722888
nw_027522939.1:65023-76707:+	8.0593	1.8601000796180596e-06	6.169537871105061e-06	9.7844	1.49576220648566e-06	6.057287274749107e-06	7.3052	3.604762848221246e-06	5.25265443597953e-06	9.7341	1.8253624553267423e-06	1.1804010544446266e-05	6.0864	0.0013698562207244203	0.013869794234834757	19.1431	1.2376859727057637e-06	1.7287521776291867e-05
nw_027522943.1:14073-40965:+	3.8646	0.9999999999999413	1.0	4.6654	0.9999999999999413	1.0	3.547	0.9999999999999556	1.0	9.6296	0.020863590433017044	0.043295081937343424	2.6023	1.0	1.0	4.9086	0.3735285446759524	0.5112973449583125
nw_027522984.1:14502-35770:+	55.4985	1.1789731966354962e-07	3.6563593018690883e-06	50.1501	8.361044046791573e-07	5.1733960039522856e-06	68.7322	4.700563885334726e-07	3.5224700071577255e-06	20.0864	0.005740686113793249	0.014278116744562697	6.6456	0.24797843665766547	0.6112486735058797	14.0324	0.020351575597189395	0.055602209023726805
nw_027523264.1:1017985-1042419:+	89.2762	7.449536640497622e-07	5.363388373669718e-06	84.366	3.784952793435322e-06	1.20874298887128e-05	71.1131	7.927674238351339e-07	3.5224700071577255e-06	23.1197	0.0008659349450335516	0.0026248653021329533	4.2225	0.6238797591438724	1.0	29.8423	0.00011640108717486495	0.0007056815909976188
nw_027523416.1:1375455-1397456:-	50.0048	1.1190610069236835e-06	5.912568390463112e-06	40.1043	2.7685792464752917e-05	7.027931933360357e-05	40.7986	1.900823583418304e-06	3.5224700071577255e-06	15.0612	0.020312753507016966	0.043295081937343424	48.5761	9.858711495139877e-06	0.0001996389077765825	17.7709	0.005823928690626889	0.021727733961184933
nw_027523660.1:1693027-1752065:+	42.4676	0.02987955367721769	0.038416569013565605	26.9949	0.49714285714286927	0.5674482758620711	88.6092	5.817512156960217e-07	3.5224700071577255e-06	11.5255	0.06954469215488109	0.11676108531889869	2.1984	0.9999999999998276	1.0	11.2334	0.12395084269667449	0.21866431670576056
nw_027523678.1:100644-123046:-	25.3154	0.0008460726302876749	0.0015229307345178149	8.3933	0.24758842443731915	0.30639067524118246	20.9662	0.0030586517917623518	0.0037140771757114273	2.3781	0.9999999999997098	1.0	0.0	NA	NA	6.4858	0.4981273408238898	0.6198698102722888
nw_027523917.1:55784-78489:-	189.9275	0.009160521837776573	0.012595717526942787	37.7496	0.4897959183673492	0.5674482758620711	249.7677	1.9643367363681187e-06	3.5224700071577255e-06	34.6231	0.00019401653828725207	0.0007841501755776437	10.4189	0.24705882352936595	0.6112486735058797	30.8085	0.0008229831409960703	0.003991468233830941
nw_027523944.1:76720-90147:-	223.704	0.0011333914559720929	0.0020036741810935212	114.72	0.019656019656019666	0.029043969342476817	50.8418	0.002699021635866674	0.0033168699621494062	13.3157	0.029280964674991167	0.05680507146948287	5.2885	0.497382198952917	0.915734265734316	9.9424	0.12138564863910874	0.21866431670576056
nw_027524086.1:134959-165985:-	38.7445	0.11929699982247755	0.14402930466372288	11.7753	0.9999999999999697	1.0	26.963	4.63581226883058e-06	6.6598993157847774e-06	5.2911	0.3736316353337057	0.497125754817756	0.0	NA	NA	2.7051	0.9999999999998276	1.0
nw_027524096.1:71772-108194:+	8.5874	0.4984984984984853	0.5306596919500005	5.0604	1.0	1.0	5.1712	0.6240914587225501	0.6434586925422475	3.6519	0.6243576013597589	0.766681948646085	6.7633	0.37351807787065733	0.8660991009572923	4.4371	0.6242199681669317	0.7386728158432331
nw_027524123.1:108627-125386:-	35.0222	0.23728813559322431	0.2761981196973495	27.4087	0.4897959183673492	0.5674482758620711	105.0667	1.8880270256626513e-06	3.5224700071577255e-06	98.0622	5.0976716462230514e-05	0.00026024955246507157	30.019	0.48888888888888726	0.915734265734316	30.5032	0.23880597014925792	0.3722892870682371
nw_027524175.1:1500877-1512248:-	75.8927	2.0708733871619926e-05	4.555921451756384e-05	129.65	0.0006715204637025394	0.00125434954540663	266.0643	1.4354299050325286e-06	3.5224700071577255e-06	30.2517	0.012754008402641145	0.02811679125127707	0.0	NA	NA	18.3035	0.23972602739726012	0.3722892870682371
nw_027524315.1:236159-275348:+	88.44	2.6853729437286573e-07	3.6563593018690883e-06	59.5169	0.000397390613253567	0.0008028912390225128	69.7888	6.595853619961089e-07	3.5224700071577255e-06	8.6795	0.06943505122077627	0.11676108531889869	4.6198	0.6242466091747129	1.0	10.4835	0.06925524014361716	0.15052045257412236
nw_027524348.1:896153-909412:-	201.9294	1.8238774904133513e-05	4.1037243534300406e-05	89.1636	0.09961685823754826	0.1350968351440723	88.1188	1.4178135263296734e-06	3.5224700071577255e-06	178.3273	1.3460256464691035e-06	9.76677570832073e-06	53.6934	1.715032491048639e-06	6.945881588746989e-05	134.6196	1.6494075504967962e-06	1.7287521776291867e-05
nw_027524440.1:581481-603178:+	56.6472	1.986165548523439e-07	3.6563593018690883e-06	48.2008	9.830897269162913e-06	2.7807395132775095e-05	55.9946	1.6711883520318583e-06	3.5224700071577255e-06	14.0954	3.4976196351818246e-05	0.00018848283589590944	15.6634	0.014779490184375514	0.10367684070828276	7.7739	0.03809326951499526	0.09237617857386352
nw_027524451.1:34381-71436:-	12.8771	0.49779735682814297	0.5306596919500005	0.0	NA	NA	6.8678	0.24881889763780146	0.269994974032508	5.5613	0.6240403059247861	0.766681948646085	11.9787	0.06147960623385462	0.33198987366281496	11.0516	0.12358357575607382	0.21866431670576056
nw_027524982.1:409451-424450:-	8.75	0.12215375202128118	0.14570146325429925	19.5349	0.24175824175824356	0.30639067524118246	9.3023	7.682270343271716e-07	3.5224700071577255e-06	22.1469	0.0007882244821802052	0.0024663798313380616	0.0	NA	NA	21.7476	0.0068562668467268715	0.024625602354377423
nw_027525482.1:5788-19064:-	53.75	1.0844617813298358e-06	5.912568390463112e-06	15.6576	4.254584551359778e-06	1.3162620955769312e-05	19.7379	7.655734941842943e-07	3.5224700071577255e-06	3.2157	0.030206963392544892	0.05745245978582068	2.1923	0.9999999999997587	1.0	5.1422	0.1071185539486074	0.21866431670576056
nw_027526147.1:276960-298458:-	25.9987	0.0015635718156683485	0.00262362050425706	27.332	0.028834697451886295	0.041979927172599164	24.2523	8.445948114268237e-06	1.1801187776100825e-05	11.5814	0.06078539105485022	0.11124873457208438	0.0	NA	NA	3.4597	1.0	1.0
nw_027526179.1:359526-423661:+	0.0	NA	NA	0.0	NA	NA	5.4311	0.03883680837810791	0.04501539152917053	7.5162	0.24925962487676206	0.3504084581600858	2.6198	1.0	1.0	5.6204	0.624445060815929	0.7386728158432331
