Enhancer_ID	chr	start	end	SRR13652347	SRR13652348	SRR13652349	SRR13652341	SRR13652342	SRR13652343
1	chr1	10335112	10337220	32.53250621429679	38.5128859337218	29.18091124809199	45.86122439583875	71.73010129708956	51.9883942334923
2	chr1	103756872	103758821	52.334901301260054	38.5128859337218	17.508546748855196	6.657274509073367	7.724780139686569	8.963516247153844
3	chr1	10563499	10566069	69.30838280437142	45.91921015174522	80.40962210585349	5.17788017372373	7.724780139686569	7.1708129977230755
4	chr1	10568571	10569798	12.730111127333526	25.181502341279636	44.74406391374105	0.7396971676748185	4.414160079820896	0.8963516247153844
5	chr1	107419996	107420922	35.36141979814869	26.66276718488432	40.85327574732879	14.79394335349637	12.138940219507464	8.963516247153844
6	chr1	114697479	114699890	188.122753326151	117.01992264477008	167.30389115572743	47.340618731188385	7.724780139686569	14.341625995446151
7	chr1	114705757	114706856	138.61676560874284	78.50703671104827	109.59053335394547	29.58788670699274	33.10620059865672	25.99419711674615
8	chr1	115532957	115534666	67.89392601244548	42.95668046453585	71.33111638422487	8.136668844423003	14.346020259417914	17.030680869592302
9	chr1	119666738	119669189	28.28913583851895	62.213123431396745	75.87036924503917	22.190915030244554	5.51770009977612	19.719735743738458
10	chr1	119912098	119913412	149.93241994415044	162.93913279651528	171.84314401654171	24.410006533269012	7.724780139686569	33.165010114469226
11	chr1	119930673	119932809	36.77587659007463	44.437945308140534	58.36182249618398	26.629098036293467	13.24248023946269	23.305142242599995
12	chr1	121052195	121053510	149.93241994415044	343.6534437162868	204.91484343104597	59.17577341398548	16.55310029932836	47.50663610991538
13	chr1	123626490	123627471	36.77587659007463	10.368853905232791	49.9317814689574	9.616063179772642	14.346020259417914	13.445274370730766
14	chr1	142568383	142569821	32.53250621429679	69.61944764942017	59.65875188498807	29.58788670699274	24.27788043901493	32.26865848975384
15	chr1	144692454	144693867	28.28913583851895	25.181502341279636	40.20481105292674	8.876366012097822	3.3106200598656725	4.481758123576922
16	chr1	144993554	144995893	41.019246965852474	17.775178123256214	88.83966313308007	8.136668844423003	8.828320159641793	10.756219496584613
17	chr1	144997400	144998716	26.874679046593002	16.29391327965153	44.74406391374105	3.6984858383740926	8.828320159641793	8.06716462243846
18	chr1	145491052	145493998	107.49871618637201	87.39462577267638	129.0444741860068	3.6984858383740926	1.103540019955224	5.378109748292307
19	chr1	14551868	14596100	727.030791049937	1110.9486327035133	1367.6120404939113	960.1269236419145	914.8346765428807	1064.8657301618766
20	chr1	151658884	151660711	36.77587659007463	16.29391327965153	23.34472899847359	2.2190915030244556	1.103540019955224	4.481758123576922
21	chr1	151671795	151675510	234.79982745970727	63.69438827500143	191.9455495430051	5.917577341398548	1.103540019955224	8.06716462243846
22	chr1	152518098	152519383	69.30838280437142	124.42624686279349	94.67584538269845	12.574851850471916	4.414160079820896	20.61608736845384
23	chr1	15577427	15581936	178.22155578266938	145.16395467325907	337.85010578346504	28.108492371643102	2.207080039910448	21.512438993169226
24	chr1	171179839	171181255	50.920444509334104	68.13818280581549	79.1126927170494	39.9436470544402	15.449560279373138	22.408790617884613
25	chr1	178550267	178551276	33.94696300622274	10.368853905232791	44.09559921933901	4.438183006048911	3.3106200598656725	0.8963516247153844
26	chr1	182648675	182649868	22.63130867081516	11.850118748837476	50.58024616335945	0.0	0.0	0.0
27	chr1	182651426	182652667	25.460222254667052	17.775178123256214	64.84646944020443	0.7396971676748185	0.0	0.0
28	chr1	18268900	18270629	45.26261734163032	59.25059374418738	57.71335780178194	13.314549018146733	6.621240119731345	6.274461373007691
29	chr1	189757728	189759324	18.387938295037316	17.775178123256214	31.774770025700168	5.17788017372373	1.103540019955224	2.6890548741461533
30	chr1	201105641	201146577	128.7155680652612	161.45786795291062	800.2054328921226	5.917577341398548	22.07080039910448	28.683251990892302
31	chr1	206558541	206602099	104.66980260252011	139.23889529884033	835.222526389833	11.835154682797096	14.346020259417914	29.579603615607688
32	chr1	210208167	210209585	8.486740751555685	16.29391327965153	44.09559921933901	3.6984858383740926	1.103540019955224	3.5854064988615377
33	chr1	210349697	210350859	66.47946922051953	69.61944764942017	76.51883393944122	42.16273855746466	15.449560279373138	25.097845492030764
34	chr1	210355206	210357001	50.920444509334104	22.218972654070267	51.22871085776149	0.0	0.0	0.8963516247153844
35	chr1	210385128	210387238	86.28186430748279	56.28806405697801	98.56663354911072	24.410006533269012	15.449560279373138	14.341625995446151
36	chr1	210757066	210759639	70.72283959629738	28.144032028489004	41.50174044173083	10.35576034744746	2.207080039910448	6.274461373007691
37	chr1	211138942	211140267	35.36141979814869	34.069091402907745	28.532446553689947	15.53364052117119	1.103540019955224	7.1708129977230755
38	chr1	212355153	212357136	55.16381488511195	35.55035624651243	84.30041027226575	12.574851850471916	30.899120558746276	22.408790617884613
39	chr1	212363547	212365350	28.28913583851895	20.737707810465583	56.41642841297785	5.17788017372373	6.621240119731345	3.5854064988615377
40	chr1	212389868	212410524	356.44311156533877	251.81502341279636	337.201641089063	166.43186272683417	198.63720359194033	141.62355670503075
41	chr1	220492707	220493459	16.97348150311137	14.812648436046844	10.375435110432708	36.24516121606611	11.03540019955224	52.88474585820768
42	chr1	224182903	224186563	83.45295072363089	41.475415620931166	60.95568127379216	12.574851850471916	12.138940219507464	8.06716462243846
43	chr1	23113872	23115405	14.144567919259474	32.58782655930306	17.508546748855196	9.616063179772642	17.656640319283586	16.13432924487692
44	chr1	244172370	244173191	21.216851878889212	8.887589061628107	24.64165838727768	15.53364052117119	5.51770009977612	8.06716462243846
45	chr1	249229593	249233612	622.3609884474168	103.68853905232791	162.7646382949131	9.616063179772642	11.03540019955224	28.683251990892302
46	chr1	249234919	249237692	62.23609884474169	17.775178123256214	28.532446553689947	5.17788017372373	2.207080039910448	6.274461373007691
47	chr1	249245574	249248385	219.24080274852184	25.181502341279636	48.634852080153316	2.2190915030244556	1.103540019955224	3.5854064988615377
48	chr1	249250984	249253447	125.88665448140932	32.58782655930306	46.68945799694718	2.2190915030244556	2.207080039910448	4.481758123576922
49	chr1	250728616	250730369	91.93969147518658	71.10071249302486	131.63833296361497	9.616063179772642	13.24248023946269	3.5854064988615377
50	chr1	250743401	250744176	15.559024711185423	22.218972654070267	14.914687971247018	12.574851850471916	11.03540019955224	7.1708129977230755
51	chr1	257531087	257532954	42.433703757778424	72.58197733662954	55.11949902417376	0.0	1.103540019955224	4.481758123576922
52	chr1	30480948	30481829	41.019246965852474	59.25059374418738	60.95568127379216	13.314549018146733	12.138940219507464	11.652571121299998
53	chr1	31600251	31603659	127.30111127333527	44.437945308140534	112.18439213155365	25.14970370094383	28.692040518835828	35.85406498861538
54	chr1	3484485	3487137	22.63130867081516	29.62529687209369	55.11949902417376	9.616063179772642	7.724780139686569	17.030680869592302
55	chr1	3521891	3523913	16.97348150311137	29.62529687209369	70.03418699542078	5.917577341398548	2.207080039910448	3.5854064988615377
56	chr1	35912627	35913518	19.802395086963266	14.812648436046844	17.508546748855196	13.314549018146733	5.51770009977612	14.341625995446151
57	chr1	36432336	36433932	15.559024711185423	17.775178123256214	38.25941696972061	15.53364052117119	14.346020259417914	24.201493867315378
58	chr1	44043724	44046108	29.703592630444895	94.8009499906998	71.97958107862691	28.108492371643102	13.24248023946269	21.512438993169226
59	chr1	50855484	50856763	25.460222254667052	16.29391327965153	35.665558192112435	2.958788670699274	4.414160079820896	5.378109748292307
60	chr1	51047005	51047742	12.730111127333526	4.443794530814054	23.993193692875636	2.2190915030244556	1.103540019955224	0.0
61	chr1	6961951	6963365	55.16381488511195	48.88173983895459	88.83966313308007	31.806978210017196	2.207080039910448	16.13432924487692
62	chr1	71156949	71163411	410.1924696585248	589.5434077546644	593.9936600722725	209.33429845197364	280.2991650686269	224.9842578035615
63	chr1	71668623	71671646	59.40718526088979	41.475415620931166	53.822569635369675	49.559710234212844	62.90178113744778	43.02487798633845
64	chr1	74940323	74942199	32.53250621429679	10.368853905232791	57.064893107379895	2.2190915030244556	6.621240119731345	2.6890548741461533
65	chr1	78075272	78078144	52.334901301260054	60.73185858779206	66.14339882900852	18.492429191870464	16.55310029932836	26.890548741461533
66	chr1	91650944	91651944	26.874679046593002	37.03162109011711	49.9317814689574	22.930612197919373	6.621240119731345	23.305142242599995
67	chr1	97485	99623	19.802395086963266	19.2564429668609	59.65875188498807	6.657274509073367	9.931860179597017	10.756219496584613
68	chr1	98436315	98437006	50.920444509334104	8.887589061628107	53.822569635369675	4.438183006048911	2.207080039910448	1.7927032494307689
69	chr1	99746050	99747764	15.559024711185423	29.62529687209369	47.33792269134923	31.806978210017196	50.76284091794031	37.64676823804615
70	chr10	103701666	103703715	77.7951235559271	117.01992264477008	60.307216579390115	19.9718235272201	9.931860179597017	13.445274370730766
71	chr10	107285178	107288532	353.6141979814869	234.03984528954015	483.754662023925	179.7464117449809	143.46020259417912	177.4776216936461
72	chr10	107342319	107343935	26.874679046593002	71.10071249302486	66.14339882900852	16.273337688846006	0.0	1.7927032494307689
73	chr10	109180798	109184267	196.6094940777067	183.67684060698087	170.54621462773764	68.0521394260833	44.14160079820896	64.53731697950768
74	chr10	109734746	109748173	271.5757040497819	300.69676325175095	411.7750809452981	105.03699780982423	96.0079817361045	104.87314009169998
75	chr10	111011770	111013071	43.84816054970437	23.70023749767495	54.47103432977172	2.958788670699274	5.51770009977612	1.7927032494307689
76	chr10	11385252	11387611	148.51796315222447	60.73185858779206	135.52912113002725	40.68334422211502	18.76018033923881	25.99419711674615
77	chr10	11396507	11397914	33.94696300622274	23.70023749767495	40.20481105292674	0.0	0.0	2.6890548741461533
78	chr10	117453038	117453887	45.26261734163032	26.66276718488432	88.83966313308007	8.876366012097822	2.207080039910448	5.378109748292307
79	chr10	118385936	118386779	50.920444509334104	100.72600936511854	146.553020934862	0.7396971676748185	0.0	0.8963516247153844
80	chr10	134095647	134098698	206.51069162118833	84.43209608546701	215.2902785414787	58.43607624631066	32.0026605787015	36.75041661333076
81	chr10	14143154	14145105	99.01197543481632	14.812648436046844	30.47784063689608	1.479394335349637	0.0	2.6890548741461533
82	chr10	14185736	14188365	66.47946922051953	25.181502341279636	38.25941696972061	27.368795203968286	4.414160079820896	12.548922746015382
83	chr10	142651959	142653377	16.97348150311137	10.368853905232791	20.10240552646337	8.136668844423003	1.103540019955224	4.481758123576922
84	chr10	142668103	142669971	69.30838280437142	54.806799213373324	97.91816885470868	17.752732024195645	7.724780139686569	17.030680869592302
85	chr10	144279144	144279981	8.486740751555685	28.144032028489004	40.20481105292674	11.095457515122277	2.207080039910448	9.859867871869229
86	chr10	144283833	144285496	70.72283959629738	94.8009499906998	198.43019648702554	25.889400868618647	6.621240119731345	15.237977620161535
87	chr10	28884982	28886235	11.31565433540758	8.887589061628107	33.07169941450426	5.917577341398548	3.3106200598656725	4.481758123576922
88	chr10	28911495	28914117	94.76860505903848	84.43209608546701	205.56330812544803	62.13456208468476	44.14160079820896	62.74461373007691
89	chr10	28954815	28967971	137.2023088168169	142.20142498604972	190.00015545979898	179.00671457730607	48.55576087802986	138.0381502061692
90	chr10	29144069	29145818	39.60479017392653	50.36300468255927	57.064893107379895	39.20394988676538	24.27788043901493	43.02487798633845
91	chr10	31604901	31606238	55.16381488511195	41.475415620931166	160.81924421170697	9.616063179772642	0.0	12.548922746015382
92	chr10	31612303	31615217	89.11077789133469	117.01992264477008	182.21857912697442	11.835154682797096	3.3106200598656725	13.445274370730766
93	chr10	33886825	33897621	84.86740751555685	133.3138359244216	285.9729302313015	126.48821567239396	55.177000997761205	86.94610759739228
94	chr10	36111037	36113098	108.91317297829795	51.844269526163956	139.4199092964395	28.108492371643102	28.692040518835828	15.237977620161535
95	chr10	39328679	39330079	82.03849393170495	65.17565311860612	150.44380910127427	8.876366012097822	6.621240119731345	15.237977620161535
96	chr10	39885396	39886819	60.82164205281574	29.62529687209369	136.1775858244293	5.917577341398548	8.828320159641793	6.274461373007691
97	chr10	47888611	47889413	79.20958034785306	29.62529687209369	52.52564024656559	7.396971676748185	7.724780139686569	8.06716462243846
98	chr10	62167389	62169016	25.460222254667052	8.887589061628107	51.22871085776149	2.2190915030244556	2.207080039910448	0.0
99	chr10	62180757	62190424	554.4670624349714	272.55273122326196	586.86054843385	93.94154029470195	30.899120558746276	93.22056897039998
100	chr10	62291087	62293036	63.65055563666763	31.106561715698373	70.68265168982282	2.958788670699274	6.621240119731345	18.823384119023075
101	chr10	62294494	62301312	357.8575683572647	214.78340232267925	294.4029712585281	17.013034856520825	6.621240119731345	37.64676823804615
102	chr10	62308057	62311251	63.65055563666763	44.437945308140534	81.05808680025552	11.095457515122277	3.3106200598656725	5.378109748292307
103	chr10	62329689	62331923	83.45295072363089	54.806799213373324	63.549540051400335	5.17788017372373	3.3106200598656725	2.6890548741461533
104	chr10	62368406	62373925	212.1685187888921	158.49533826570124	237.98654284555025	17.013034856520825	16.55310029932836	22.408790617884613
105	chr10	70229905	70231097	56.5782716770379	13.33138359244216	46.04099330254514	0.7396971676748185	0.0	0.0
106	chr10	71211994	71213107	14.144567919259474	38.5128859337218	52.52564024656559	17.752732024195645	4.414160079820896	12.548922746015382
107	chr10	71468756	71470365	32.53250621429679	19.2564429668609	32.423234720102215	0.0	0.0	0.0
108	chr10	72389458	72390374	18.387938295037316	8.887589061628107	41.50174044173083	2.2190915030244556	2.207080039910448	2.6890548741461533
109	chr10	76129776	76131290	38.19033338200058	20.737707810465583	42.79866983053492	5.917577341398548	2.207080039910448	1.7927032494307689
110	chr10	76165052	76167298	42.433703757778424	88.87589061628107	31.126305331298123	1.479394335349637	0.0	0.0
111	chr10	78937142	78938322	35.36141979814869	19.2564429668609	63.549540051400335	0.7396971676748185	0.0	2.6890548741461533
112	chr10	81350886	81352595	42.433703757778424	91.83842030349044	83.65194557786371	41.42304138978984	23.174340419059707	36.75041661333076
113	chr10	81952290	81955644	179.63601257459533	112.57612811395602	118.02057438117205	87.28426578562859	66.21240119731344	89.63516247153845
114	chr10	86316589	86318010	46.67707413355627	11.850118748837476	29.18091124809199	31.06728104234238	39.72744071838807	43.02487798633845
115	chr10	88904446	88906055	14.144567919259474	1.4812648436046845	4.53925286081431	30.32758387466756	41.93452075829852	41.23217473690768
116	chr10	92194194	92195368	31.118049422370845	35.55035624651243	50.58024616335945	2.2190915030244556	2.207080039910448	5.378109748292307
117	chr10	93479669	93480463	5.65782716770379	20.737707810465583	20.10240552646337	5.917577341398548	5.51770009977612	1.7927032494307689
118	chr10	98952269	98975339	608.2164205281574	1318.325710808169	319.69309434020784	463.0504269644364	239.46818433028363	224.0879061788461
119	chr11	102905496	102906319	18.387938295037316	13.33138359244216	25.938587776081768	0.7396971676748185	1.103540019955224	0.0
120	chr11	104605362	104606373	4.243370375777842	13.33138359244216	47.98638738575127	0.7396971676748185	0.0	0.8963516247153844
121	chr11	104608106	104609925	41.019246965852474	41.475415620931166	103.75435110432707	9.616063179772642	7.724780139686569	9.859867871869229
122	chr11	106085491	106086835	80.624037139779	45.91921015174522	77.16729863384326	57.69637907863584	43.03806077825374	44.817581235769225
123	chr11	106097049	106098991	39.60479017392653	14.812648436046844	66.79186352341056	1.479394335349637	1.103540019955224	0.8963516247153844
124	chr11	12200814	12203302	142.8601359845207	140.72016014244502	269.11284817684833	33.28637254536683	12.138940219507464	30.47595524032307
125	chr11	13199153	13199981	12.730111127333526	16.29391327965153	34.36862880330835	1.479394335349637	0.0	1.7927032494307689
126	chr11	13203549	13215090	288.5491855528933	167.38292732732936	284.67600084249744	76.92850543818113	100.4221418159254	108.45854659056151
127	chr11	132819133	132820414	66.47946922051953	68.13818280581549	60.95568127379216	20.71152069489492	2.207080039910448	13.445274370730766
128	chr11	15692793	15694250	41.019246965852474	45.91921015174522	76.51883393944122	2.958788670699274	4.414160079820896	4.481758123576922
129	chr11	17996733	18000092	234.79982745970727	231.07731560233077	289.8637183977138	56.956681910961024	23.174340419059707	57.366503981784604
130	chr11	22700801	22702313	49.50598771740816	29.62529687209369	100.51202763231686	2.2190915030244556	1.103540019955224	4.481758123576922
131	chr11	2855610	2856782	15.559024711185423	60.73185858779206	149.14687971247017	0.7396971676748185	0.0	2.6890548741461533
132	chr11	2878262	2880502	18.387938295037316	17.775178123256214	44.09559921933901	3.6984858383740926	2.207080039910448	11.652571121299998
133	chr11	2884558	2886766	14.144567919259474	39.99415077732648	64.19800474580238	3.6984858383740926	1.103540019955224	8.06716462243846
134	chr11	39560096	39562781	188.122753326151	106.65106873953728	130.3414035748109	24.410006533269012	23.174340419059707	59.159207231215376
135	chr11	39565977	39567540	63.65055563666763	84.43209608546701	99.8635629379148	7.396971676748185	12.138940219507464	8.963516247153844
136	chr11	41117444	41119085	62.23609884474169	41.475415620931166	73.92497516183305	36.24516121606611	18.76018033923881	34.95771336389999
137	chr11	41433292	41435293	43.84816054970437	39.99415077732648	138.77144460203746	0.7396971676748185	2.207080039910448	5.378109748292307
138	chr11	42708682	42713583	254.60222254667053	143.6826898296544	179.62472034936624	11.095457515122277	15.449560279373138	17.030680869592302
139	chr11	42750753	42755837	127.30111127333527	62.213123431396745	140.7168386852436	28.108492371643102	23.174340419059707	16.13432924487692
140	chr11	4793096	4810455	1763.8276195316564	950.9720295942075	937.679948105356	289.22159256085405	195.32658353207466	236.6368289248615
141	chr11	51349978	51351282	18.387938295037316	22.218972654070267	25.290123081679724	2.2190915030244556	4.414160079820896	7.1708129977230755
142	chr11	52971963	52974530	57.99272846896385	47.4004749953499	97.91816885470868	11.095457515122277	5.51770009977612	6.274461373007691
143	chr11	53000595	53003467	28.28913583851895	19.2564429668609	52.52564024656559	18.492429191870464	2.207080039910448	6.274461373007691
144	chr11	68793374	68793887	4.243370375777842	5.925059374418738	957.1338889374173	1329.235810311649	14.346020259417914	3.5854064988615377
145	chr11	70600354	70602067	49.50598771740816	19.2564429668609	17.508546748855196	5.17788017372373	3.3106200598656725	5.378109748292307
146	chr11	77497478	77499244	24.045765462741105	38.5128859337218	35.01709349771039	6.657274509073367	17.656640319283586	5.378109748292307
147	chr11	96052810	96080761	188.122753326151	229.59605075872608	320.3415590346099	167.171559894509	101.52568183588062	107.56219496584613
148	chr12	105633899	105638254	57.99272846896385	60.73185858779206	79.76115741145144	9.616063179772642	6.621240119731345	17.030680869592302
149	chr12	106815340	106827009	330.9828893106717	130.35130623721224	190.00015545979898	7.396971676748185	3.3106200598656725	10.756219496584613
150	chr12	106833953	106836255	91.93969147518658	35.55035624651243	117.37210968677	2.2190915030244556	6.621240119731345	0.8963516247153844
151	chr12	106868405	106871202	176.80709899074344	103.68853905232791	208.1571669030562	32.54667537769201	14.346020259417914	32.26865848975384
152	chr12	106872485	106873827	33.94696300622274	14.812648436046844	44.09559921933901	0.0	1.103540019955224	1.7927032494307689
153	chr12	115554395	115565970	346.5419140218571	154.0515437348872	112.18439213155365	24.410006533269012	20.96726037914926	17.030680869592302
154	chr12	115695551	115697550	198.02395086963264	149.60774920407314	178.32779096056217	73.96971676748186	26.48496047892538	60.95191048064614
155	chr12	117057951	117072107	7.072283959629737	41.475415620931166	789.8299977816899	30.32758387466756	2.207080039910448	7.1708129977230755
156	chr12	119815309	119817320	46.67707413355627	26.66276718488432	87.54273374427598	8.876366012097822	3.3106200598656725	9.859867871869229
157	chr12	119835793	119837546	38.19033338200058	77.0257718674436	116.72364499236797	2.2190915030244556	4.414160079820896	3.5854064988615377
158	chr12	119842214	119843989	72.13729638822332	87.39462577267638	138.12297990763543	4.438183006048911	2.207080039910448	11.652571121299998
159	chr12	12459730	12461310	38.19033338200058	48.88173983895459	35.01709349771039	34.02606971304165	12.138940219507464	49.29933935934614
160	chr12	1288494	1291417	39.60479017392653	65.17565311860612	119.31750376997614	3.6984858383740926	6.621240119731345	5.378109748292307
161	chr12	1674622	1676991	79.20958034785306	39.99415077732648	70.68265168982282	34.02606971304165	15.449560279373138	35.85406498861538
162	chr12	1977895	1981858	63.65055563666763	81.46956639825764	97.91816885470868	2.2190915030244556	2.207080039910448	4.481758123576922
163	chr12	1989796	1991742	31.118049422370845	25.181502341279636	35.665558192112435	1.479394335349637	1.103540019955224	2.6890548741461533
164	chr12	2124501	2128811	93.35414826711254	42.95668046453585	130.98986826921293	21.451217862569738	7.724780139686569	19.719735743738458
165	chr12	41369598	41371261	22.63130867081516	34.069091402907745	42.150205136132875	0.0	1.103540019955224	0.8963516247153844
166	chr12	44468943	44470444	84.86740751555685	127.38877655000286	186.75783198778873	29.58788670699274	14.346020259417914	27.786900366176916
167	chr12	44473679	44475085	39.60479017392653	35.55035624651243	73.92497516183305	1.479394335349637	1.103540019955224	5.378109748292307
168	chr12	44494686	44496160	52.334901301260054	45.91921015174522	117.37210968677	0.7396971676748185	1.103540019955224	0.0
169	chr12	66689638	66691038	14.144567919259474	29.62529687209369	31.774770025700168	14.79394335349637	4.414160079820896	21.512438993169226
170	chr12	68712612	68713994	7.072283959629737	22.218972654070267	24.64165838727768	7.396971676748185	7.724780139686569	3.5854064988615377
171	chr12	70938572	70940648	33.94696300622274	68.13818280581549	70.03418699542078	36.24516121606611	5.51770009977612	23.305142242599995
172	chr12	71477723	71479592	69.30838280437142	63.69438827500143	148.49841501806813	2.958788670699274	2.207080039910448	2.6890548741461533
173	chr12	78006043	78009509	28.28913583851895	10.368853905232791	23.34472899847359	25.889400868618647	11.03540019955224	12.548922746015382
174	chr12	83093543	83095189	66.47946922051953	71.10071249302486	103.10588640992503	37.72455555141575	2.207080039910448	48.402987734630756
175	chr12	86507687	86509137	25.460222254667052	35.55035624651243	59.65875188498807	2.958788670699274	5.51770009977612	2.6890548741461533
176	chr12	86514662	86516955	59.40718526088979	23.70023749767495	51.877175552163536	0.7396971676748185	1.103540019955224	0.8963516247153844
177	chr12	86531290	86534131	149.93241994415044	75.5445070238389	224.3687842631073	34.02606971304165	18.76018033923881	27.786900366176916
178	chr12	86540952	86542408	35.36141979814869	19.2564429668609	61.6041459681942	0.7396971676748185	1.103540019955224	0.8963516247153844
179	chr12	98067187	98068034	24.045765462741105	13.33138359244216	27.23551716488586	7.396971676748185	0.0	11.652571121299998
180	chr13	13365135	13368402	82.03849393170495	81.46956639825764	123.85675663079044	18.492429191870464	18.76018033923881	17.92703249430769
181	chr13	13372894	13375630	229.14200029200347	108.13233358314197	250.3073720391891	44.38183006048911	23.174340419059707	31.372306865038453
182	chr13	13380812	13385135	145.68904956837258	34.069091402907745	122.55982724198635	11.095457515122277	9.931860179597017	19.719735743738458
183	chr13	13420697	13422365	25.460222254667052	20.737707810465583	40.85327574732879	5.917577341398548	1.103540019955224	10.756219496584613
184	chr13	17388152	17402825	254.60222254667053	208.8583429482605	302.83301228575465	90.24305445632785	73.93718133700001	122.80017258600766
185	chr13	23809795	23826027	411.6069264504507	171.8267218581434	330.7169941450426	73.23001959980704	96.0079817361045	57.366503981784604
186	chr13	23856376	23868554	1530.4422488638752	451.7857772994288	848.1918202778738	53.258196072586934	39.72744071838807	50.19569098406153
187	chr13	2663197	2667518	138.61676560874284	59.25059374418738	138.77144460203746	3.6984858383740926	9.931860179597017	2.6890548741461533
188	chr13	2688116	2692382	148.51796315222447	42.95668046453585	174.4370027941499	2.958788670699274	2.207080039910448	5.378109748292307
189	chr13	28087676	28088922	32.53250621429679	16.29391327965153	30.47784063689608	10.35576034744746	12.138940219507464	8.963516247153844
190	chr13	33504588	33505879	28.28913583851895	69.61944764942017	27.23551716488586	7.396971676748185	7.724780139686569	10.756219496584613
191	chr13	38653020	38656230	107.49871618637201	47.4004749953499	130.98986826921293	16.273337688846006	5.51770009977612	9.859867871869229
192	chr13	4287085	4290547	217.8263459565959	173.3079867017481	186.1093672933867	31.806978210017196	16.55310029932836	37.64676823804615
193	chr13	47254968	47256209	12.730111127333526	19.2564429668609	47.98638738575127	32.54667537769201	6.621240119731345	2.6890548741461533
194	chr13	48501731	48505637	36.77587659007463	45.91921015174522	77.16729863384326	40.68334422211502	19.863720359194033	40.3358231121923
195	chr13	89233240	89234345	24.045765462741105	37.03162109011711	63.549540051400335	6.657274509073367	0.0	7.1708129977230755
196	chr13	91104469	91109878	429.99486474548803	140.72016014244502	285.3244655368995	23.670309365594193	9.931860179597017	34.95771336389999
197	chr13	91131485	91133345	66.47946922051953	32.58782655930306	46.68945799694718	5.17788017372373	6.621240119731345	4.481758123576922
198	chr13	97858711	97860879	63.65055563666763	25.181502341279636	47.98638738575127	5.917577341398548	3.3106200598656725	7.1708129977230755
199	chr13	97981639	97987716	90.52523468326063	54.806799213373324	66.79186352341056	34.02606971304165	8.828320159641793	25.097845492030764
200	chr13	98102338	98103390	42.433703757778424	37.03162109011711	31.126305331298123	5.917577341398548	6.621240119731345	10.756219496584613
201	chr13	98932470	98934649	46.67707413355627	42.95668046453585	29.18091124809199	17.752732024195645	16.55310029932836	34.061361739184605
202	chr13	98969496	98973719	86.28186430748279	39.99415077732648	83.65194557786371	99.8591176361005	40.83098073834329	84.25705272324613
203	chr14	10443785	10456783	707.2283959629738	891.72143585002	789.1815330872878	380.94404135253154	274.7814649688508	267.11278416518456
204	chr14	18204543	18204821	74.96620997207522	128.87004139360755	327.47467067303234	653.1525990568648	190.91242345225376	70.81177835251538
205	chr14	33605273	33606768	38.19033338200058	19.2564429668609	29.829375942494035	19.9718235272201	13.24248023946269	7.1708129977230755
206	chr14	34119322	34121029	46.67707413355627	14.812648436046844	54.47103432977172	14.054246185821551	34.209740618611946	16.13432924487692
207	chr14	34146618	34149407	82.03849393170495	71.10071249302486	99.8635629379148	25.14970370094383	37.52036067847762	22.408790617884613
208	chr14	39059280	39061465	49.50598771740816	13.33138359244216	39.5563463585247	0.7396971676748185	1.103540019955224	0.8963516247153844
209	chr14	39083529	39085133	41.019246965852474	14.812648436046844	33.7201641089063	1.479394335349637	0.0	0.0
210	chr14	39098894	39100343	57.99272846896385	26.66276718488432	71.97958107862691	3.6984858383740926	7.724780139686569	12.548922746015382
211	chr14	51648119	51649503	103.25534581059416	93.31968514709511	59.01028719058603	5.917577341398548	7.724780139686569	20.61608736845384
212	chr14	5698416	5700112	19.802395086963266	8.887589061628107	25.938587776081768	28.84818953931792	13.24248023946269	23.305142242599995
213	chr14	64902769	64905150	93.35414826711254	34.069091402907745	53.822569635369675	20.71152069489492	14.346020259417914	10.756219496584613
214	chr14	65058260	65059613	7.072283959629737	8.887589061628107	20.10240552646337	7.396971676748185	19.863720359194033	16.13432924487692
215	chr14	70353662	70354729	11.31565433540758	25.181502341279636	14.266223276844974	0.0	0.0	0.0
216	chr14	70441986	70444381	62.23609884474169	29.62529687209369	79.76115741145144	4.438183006048911	0.0	4.481758123576922
217	chr14	7324481	7325886	60.82164205281574	51.844269526163956	57.71335780178194	3.6984858383740926	5.51770009977612	6.274461373007691
218	chr14	9924461	9925962	8.486740751555685	8.887589061628107	35.665558192112435	1.479394335349637	3.3106200598656725	1.7927032494307689
219	chr15	19220001	19222526	49.50598771740816	28.144032028489004	81.05808680025552	2.2190915030244556	0.0	2.6890548741461533
220	chr15	30626554	30644288	253.1877657547446	482.89233901512716	319.04462964580574	51.778801737237295	50.76284091794031	18.823384119023075
221	chr15	30669235	30670652	39.60479017392653	22.218972654070267	33.07169941450426	7.396971676748185	7.724780139686569	1.7927032494307689
222	chr15	36743284	36760746	263.08896329822625	79.98830155465296	308.020729840971	106.51639214517387	169.9451630731045	101.28773359283844
223	chr15	48460747	48466313	183.87938295037316	85.9133609290717	183.51550851577852	2.2190915030244556	3.3106200598656725	8.06716462243846
224	chr15	48539666	48542138	104.66980260252011	34.069091402907745	53.822569635369675	1.479394335349637	5.51770009977612	5.378109748292307
225	chr15	50662138	50663649	15.559024711185423	19.2564429668609	28.532446553689947	3.6984858383740926	2.207080039910448	2.6890548741461533
226	chr15	53804902	53813705	99.01197543481632	51.844269526163956	91.43352191068824	129.44700434309325	144.56374261413436	147.89801807803843
227	chr15	53940089	53942326	183.87938295037316	102.20727420872323	143.95916215725381	13.314549018146733	9.931860179597017	9.859867871869229
228	chr15	54360444	54362106	66.47946922051953	51.844269526163956	81.05808680025552	5.17788017372373	1.103540019955224	3.5854064988615377
229	chr15	54366550	54367924	55.16381488511195	48.88173983895459	106.9966745763373	24.410006533269012	11.03540019955224	5.378109748292307
230	chr15	55684434	55687650	154.17579031992827	48.88173983895459	92.08198660509028	10.35576034744746	4.414160079820896	9.859867871869229
231	chr15	9952713	9954593	130.13002485718715	66.6569179622108	144.60762685165585	4.438183006048911	2.207080039910448	1.7927032494307689
232	chr16	37099404	37110612	229.14200029200347	114.05739295756071	177.67932626616013	117.61184966029614	99.31860179597017	123.69652421072306
233	chr16	42647224	42648662	31.118049422370845	20.737707810465583	10.375435110432708	20.71152069489492	9.931860179597017	12.548922746015382
234	chr16	50890714	50892495	25.460222254667052	28.144032028489004	41.50174044173083	5.17788017372373	5.51770009977612	4.481758123576922
235	chr16	51853114	51856918	39.60479017392653	22.218972654070267	101.1604923267189	4.438183006048911	0.0	0.8963516247153844
236	chr16	51957567	51958511	7.072283959629737	14.812648436046844	60.95568127379216	3.6984858383740926	3.3106200598656725	1.7927032494307689
237	chr16	52132293	52145411	209.33960520504021	429.5668046453585	414.36893972290625	83.5857799472545	59.5911610775821	69.0190751030846
238	chr16	6192436	6193857	4.243370375777842	7.406324218023422	45.392528608143095	2.2190915030244556	0.0	5.378109748292307
239	chr2	120919853	120920735	21.216851878889212	82.95083124186233	50.58024616335945	21.451217862569738	4.414160079820896	13.445274370730766
240	chr2	120926354	120927671	9.901197543481633	26.66276718488432	23.34472899847359	12.574851850471916	23.174340419059707	15.237977620161535
241	chr2	136495533	136506899	100.42643222674226	93.31968514709511	114.12978621475979	53.99789324026175	66.21240119731344	22.408790617884613
242	chr2	148559983	148581584	487.98759321445186	276.996525754076	319.04462964580574	196.01974943382692	66.21240119731344	130.86733720844612
243	chr2	148587259	148589061	165.49144465533584	115.53865780116539	139.4199092964395	14.054246185821551	6.621240119731345	12.548922746015382
244	chr2	150338215	150339168	26.874679046593002	14.812648436046844	23.34472899847359	10.35576034744746	11.03540019955224	13.445274370730766
245	chr2	150382495	150384844	66.47946922051953	25.181502341279636	46.68945799694718	22.190915030244554	5.51770009977612	14.341625995446151
246	chr2	176549700	176552233	131.54448164911312	68.13818280581549	192.59401423740715	32.54667537769201	12.138940219507464	14.341625995446151
247	chr2	176871752	176873772	48.09153092548221	31.106561715698373	83.65194557786371	4.438183006048911	1.103540019955224	8.06716462243846
248	chr2	182685937	182687707	66.47946922051953	50.36300468255927	39.5563463585247	18.492429191870464	17.656640319283586	17.030680869592302
249	chr2	1900919	1901838	26.874679046593002	69.61944764942017	77.16729863384326	10.35576034744746	3.3106200598656725	10.756219496584613
250	chr2	19766310	19768888	46.67707413355627	66.6569179622108	56.41642841297785	8.136668844423003	4.414160079820896	8.06716462243846
251	chr2	198362474	198364443	43.84816054970437	14.812648436046844	32.423234720102215	0.7396971676748185	4.414160079820896	4.481758123576922
252	chr2	199025908	199029236	114.57100014600174	81.46956639825764	108.94206865954344	44.38183006048911	37.52036067847762	36.75041661333076
253	chr2	22124800	22126717	42.433703757778424	60.73185858779206	64.19800474580238	44.38183006048911	11.03540019955224	8.963516247153844
254	chr2	225686369	225689418	210.75406199696616	238.4836398203542	324.2323472010221	29.58788670699274	25.381420458970155	27.786900366176916
255	chr2	227041029	227046273	29.703592630444895	19.2564429668609	88.83966313308007	51.778801737237295	20.96726037914926	51.9883942334923
256	chr2	229071635	229075026	93.35414826711254	250.33375856919167	215.93874323588074	28.84818953931792	18.76018033923881	34.061361739184605
257	chr2	229090658	229093954	49.50598771740816	99.24474452151387	110.88746274274956	8.876366012097822	14.346020259417914	10.756219496584613
258	chr2	229094710	229096874	15.559024711185423	35.55035624651243	86.89426904987393	8.136668844423003	4.414160079820896	0.8963516247153844
259	chr2	230345490	230347746	16.97348150311137	38.5128859337218	67.4403282178126	7.396971676748185	4.414160079820896	2.6890548741461533
260	chr2	232522265	232524854	25.460222254667052	22.218972654070267	39.5563463585247	4.438183006048911	7.724780139686569	9.859867871869229
261	chr2	37030560	37031459	19.802395086963266	4.443794530814054	13.61775858244293	25.14970370094383	38.62390069843284	26.890548741461533
262	chr2	39410992	39411304	5.65782716770379	17.775178123256214	18.805476137659284	45.12152722816393	5.51770009977612	5.378109748292307
263	chr2	42105609	42106715	33.94696300622274	16.29391327965153	134.23219174122315	11.835154682797096	9.931860179597017	8.963516247153844
264	chr2	47779851	47781317	69.30838280437142	79.98830155465296	80.40962210585349	29.58788670699274	4.414160079820896	12.548922746015382
265	chr2	56193172	56194293	29.703592630444895	20.737707810465583	38.25941696972061	9.616063179772642	1.103540019955224	9.859867871869229
266	chr2	56204126	56209167	134.373395232965	48.88173983895459	112.18439213155365	46.600921563513566	23.174340419059707	31.372306865038453
267	chr2	56720381	56722050	66.47946922051953	47.4004749953499	39.5563463585247	9.616063179772642	12.138940219507464	8.963516247153844
268	chr2	58674901	58676552	56.5782716770379	47.4004749953499	57.064893107379895	19.232126359545283	9.931860179597017	17.030680869592302
269	chr2	58775290	58888047	1927.9046073950663	1493.1149623535218	2587.3741306641564	1344.0297536651453	1092.504619755672	1364.247172816815
270	chr2	68524547	68526260	12.730111127333526	14.812648436046844	78.46422802264735	2.958788670699274	1.103540019955224	0.0
271	chr2	68538289	68541052	53.749358093186004	35.55035624651243	158.87385012850083	37.72455555141575	2.207080039910448	14.341625995446151
272	chr2	74519130	74520426	28.28913583851895	22.218972654070267	19.453940832061328	0.7396971676748185	1.103540019955224	1.7927032494307689
273	chr2	82819267	82825463	93.35414826711254	34.069091402907745	81.70655149465757	37.72455555141575	60.694701097537326	26.890548741461533
274	chr2	84062364	84090151	414.4358400343026	4.443794530814054	226.31417834631344	227.8267276438441	55.177000997761205	34.061361739184605
275	chr2	87454780	87461219	60.82164205281574	5.925059374418738	169.24928523893354	44.38183006048911	6.621240119731345	1.7927032494307689
276	chr2	88648884	88650659	28.28913583851895	31.106561715698373	31.126305331298123	8.136668844423003	2.207080039910448	11.652571121299998
277	chr2	90730239	90731726	45.26261734163032	72.58197733662954	33.7201641089063	2.2190915030244556	1.103540019955224	0.8963516247153844
278	chr2	90838236	90839543	32.53250621429679	22.218972654070267	72.62804577302896	0.7396971676748185	1.103540019955224	0.8963516247153844
279	chr2	90993496	90995206	62.23609884474169	29.62529687209369	47.98638738575127	0.7396971676748185	3.3106200598656725	1.7927032494307689
280	chr2	96031093	96035507	66.47946922051953	11.850118748837476	114.77825090916183	34.02606971304165	18.76018033923881	26.890548741461533
281	chr3	100373228	100374208	21.216851878889212	13.33138359244216	42.79866983053492	6.657274509073367	9.931860179597017	9.859867871869229
282	chr3	100478445	100480398	9.901197543481633	11.850118748837476	27.883981859287903	8.876366012097822	11.03540019955224	5.378109748292307
283	chr3	100507797	100508883	8.486740751555685	14.812648436046844	43.44713452493696	20.71152069489492	11.03540019955224	18.823384119023075
284	chr3	100601833	100603434	84.86740751555685	75.5445070238389	80.40962210585349	65.09335075538402	48.55576087802986	59.159207231215376
285	chr3	102214510	102215853	48.09153092548221	13.33138359244216	44.74406391374105	19.232126359545283	13.24248023946269	9.859867871869229
286	chr3	102220619	102222054	87.69632109940873	37.03162109011711	94.02738068829642	2.2190915030244556	0.0	2.6890548741461533
287	chr3	102230818	102232830	462.52737095978483	271.07146637965724	528.4987259376661	153.85701087636227	48.55576087802986	137.14179858145383
288	chr3	10703514	10704772	31.118049422370845	4.443794530814054	28.532446553689947	14.054246185821551	8.828320159641793	11.652571121299998
289	chr3	121653829	121654737	31.118049422370845	17.775178123256214	35.01709349771039	1.479394335349637	0.0	2.6890548741461533
290	chr3	121723252	121724425	26.874679046593002	39.99415077732648	57.064893107379895	0.0	1.103540019955224	0.8963516247153844
291	chr3	121727605	121730649	193.78058049385479	51.844269526163956	74.57343985623508	8.876366012097822	15.449560279373138	9.859867871869229
292	chr3	121908437	121918314	162.66253107148395	39.99415077732648	97.26970416030663	78.40789977353076	96.0079817361045	84.25705272324613
293	chr3	12617518	12618687	39.60479017392653	50.36300468255927	114.12978621475979	133.88518734914214	7.724780139686569	25.99419711674615
294	chr3	12620937	12622117	46.67707413355627	34.069091402907745	58.36182249618398	2.2190915030244556	8.828320159641793	6.274461373007691
295	chr3	139702179	139766636	509.20444509334106	502.148781981988	693.8572230101873	786.2980892383321	812.205454687045	670.4710152871075
296	chr3	145797645	145798626	87.69632109940873	50.36300468255927	91.43352191068824	1.479394335349637	0.0	0.8963516247153844
297	chr3	159215053	159219363	60.82164205281574	74.06324218023423	95.97277477150254	40.68334422211502	22.07080039910448	37.64676823804615
298	chr3	162654204	162655916	39.60479017392653	4.443794530814054	27.23551716488586	10.35576034744746	16.55310029932836	16.13432924487692
299	chr3	164609703	164610668	2.828913583851895	8.887589061628107	36.31402288651448	1.479394335349637	0.0	0.0
300	chr3	171147401	171149034	25.460222254667052	19.2564429668609	34.36862880330835	9.616063179772642	12.138940219507464	11.652571121299998
301	chr3	176374176	176376189	77.7951235559271	85.9133609290717	92.08198660509028	14.79394335349637	14.346020259417914	28.683251990892302
302	chr3	190464325	190466223	41.019246965852474	65.17565311860612	41.50174044173083	59.17577341398548	50.76284091794031	34.061361739184605
303	chr3	19213319	19215313	86.28186430748279	54.806799213373324	88.19119843867801	20.71152069489492	34.209740618611946	26.890548741461533
304	chr3	19223592	19225743	50.920444509334104	20.737707810465583	64.19800474580238	5.17788017372373	9.931860179597017	4.481758123576922
305	chr3	19229507	19230781	36.77587659007463	10.368853905232791	25.290123081679724	0.7396971676748185	1.103540019955224	0.0
306	chr3	192590084	192591512	15.559024711185423	19.2564429668609	47.33792269134923	12.574851850471916	11.03540019955224	8.06716462243846
307	chr3	19591283	19593324	31.118049422370845	17.775178123256214	25.290123081679724	4.438183006048911	0.0	1.7927032494307689
308	chr3	196466210	196468219	26.874679046593002	11.850118748837476	17.508546748855196	3.6984858383740926	20.96726037914926	15.237977620161535
309	chr3	201467403	201469141	73.55175318014926	22.218972654070267	114.77825090916183	27.368795203968286	29.79558053879105	26.890548741461533
310	chr3	202144820	202146276	24.045765462741105	39.99415077732648	70.03418699542078	0.0	0.0	0.0
311	chr3	204662563	204664544	28.28913583851895	31.106561715698373	32.423234720102215	27.368795203968286	18.76018033923881	25.097845492030764
312	chr3	204665658	204673536	202.26732124541047	157.01407342209654	194.53940832061326	42.16273855746466	35.31328063856717	24.201493867315378
313	chr3	204674819	204686456	857.1608159071242	742.1136866459469	1045.9735520704974	148.67913070263853	89.38674161637316	113.83665633885383
314	chr3	204687143	204699426	302.69375347215276	765.8139241436219	459.1130036366473	136.84397601984142	107.04338193565674	179.2703249430769
315	chr3	208867314	208869603	66.47946922051953	142.20142498604972	84.9488749666678	17.752732024195645	4.414160079820896	9.859867871869229
316	chr3	214153453	214165152	52.334901301260054	340.6909140290774	95.97277477150254	22.930612197919373	41.93452075829852	88.73881084682306
317	chr3	214171864	214176059	381.9033338200058	219.2271968534933	369.6248758091652	96.16063179772641	56.28054101771643	117.42206283771536
318	chr3	26256493	26286387	659.1368650374915	659.1628554040846	855.3249319162964	255.19552284781238	104.83630189574629	128.17828233429998
319	chr3	29772383	29775672	21.216851878889212	28.144032028489004	21.39933491526746	27.368795203968286	23.174340419059707	27.786900366176916
320	chr3	39785187	39786269	36.77587659007463	29.62529687209369	19.453940832061328	6.657274509073367	4.414160079820896	4.481758123576922
321	chr3	46760993	46764918	138.61676560874284	42.95668046453585	32.423234720102215	13.314549018146733	7.724780139686569	13.445274370730766
322	chr3	46825161	46830278	166.90590144726178	19.2564429668609	36.96248758091652	5.917577341398548	13.24248023946269	13.445274370730766
323	chr3	46858022	46860620	72.13729638822332	16.29391327965153	11.023899804834752	0.7396971676748185	1.103540019955224	4.481758123576922
324	chr3	48406997	48408355	24.045765462741105	35.55035624651243	36.96248758091652	20.71152069489492	4.414160079820896	19.719735743738458
325	chr3	61077240	61081698	53.749358093186004	75.5445070238389	79.76115741145144	4.438183006048911	4.414160079820896	4.481758123576922
326	chr3	64113451	64115029	38.19033338200058	69.61944764942017	66.79186352341056	4.438183006048911	0.0	1.7927032494307689
327	chr3	70640336	70643216	25.460222254667052	25.181502341279636	54.47103432977172	19.232126359545283	27.588500498880602	29.579603615607688
328	chr3	72826529	72827435	35.36141979814869	2.962529687209369	33.07169941450426	22.930612197919373	12.138940219507464	13.445274370730766
329	chr3	72841490	72843611	107.49871618637201	42.95668046453585	79.76115741145144	8.876366012097822	1.103540019955224	2.6890548741461533
330	chr3	79738074	79739539	52.334901301260054	26.66276718488432	57.064893107379895	35.50546404839129	15.449560279373138	34.061361739184605
331	chr3	9074402	9076035	66.47946922051953	29.62529687209369	12.969293888040884	58.43607624631066	32.0026605787015	57.366503981784604
332	chr3	94402607	94404506	36.77587659007463	14.812648436046844	48.634852080153316	3.6984858383740926	1.103540019955224	0.8963516247153844
333	chr3	94522134	94522769	2.828913583851895	8.887589061628107	5.836182249618398	0.0	0.0	2.6890548741461533
334	chr3	99173137	99175123	67.89392601244548	51.844269526163956	131.63833296361497	0.7396971676748185	0.0	0.8963516247153844
335	chr4	101441189	101442549	8.486740751555685	35.55035624651243	21.39933491526746	2.958788670699274	2.207080039910448	3.5854064988615377
336	chr4	103319068	103321186	70.72283959629738	84.43209608546701	109.59053335394547	9.616063179772642	0.0	8.963516247153844
337	chr4	139405116	139406440	19.802395086963266	16.29391327965153	23.993193692875636	13.314549018146733	9.931860179597017	34.061361739184605
338	chr4	141297553	141363288	1185.314791633944	848.7647553854842	2366.8961345674616	207.854904116624	162.22038293341794	177.4776216936461
339	chr4	149761582	149763077	24.045765462741105	14.812648436046844	34.36862880330835	2.2190915030244556	0.0	0.0
340	chr4	162836256	162879777	1039.6257420655713	990.9661803715339	860.5126494715128	887.6366012097823	1399.2887453032242	1150.9154861345537
341	chr4	176880110	176884529	62.23609884474169	74.06324218023423	148.49841501806813	11.835154682797096	7.724780139686569	8.06716462243846
342	chr4	177392129	177393851	31.118049422370845	26.66276718488432	34.36862880330835	0.7396971676748185	0.0	3.5854064988615377
343	chr4	183453843	183455044	56.5782716770379	62.213123431396745	92.73045129949233	49.559710234212844	8.828320159641793	23.305142242599995
344	chr4	183475308	183477328	35.36141979814869	41.475415620931166	62.90107535699829	28.84818953931792	34.209740618611946	15.237977620161535
345	chr4	185291857	185298892	110.3276297702239	69.61944764942017	83.65194557786371	2.2190915030244556	2.207080039910448	0.8963516247153844
346	chr4	187232509	187234369	65.06501242859358	68.13818280581549	63.549540051400335	34.02606971304165	17.656640319283586	38.54311986276153
347	chr4	189188594	189193658	91.93969147518658	71.10071249302486	27.883981859287903	2.2190915030244556	2.207080039910448	0.8963516247153844
348	chr4	191400869	191403292	100.42643222674226	66.6569179622108	142.66223276844974	3.6984858383740926	4.414160079820896	1.7927032494307689
349	chr4	191411597	191412932	36.77587659007463	22.218972654070267	36.96248758091652	2.958788670699274	1.103540019955224	3.5854064988615377
350	chr4	205573141	205575247	302.69375347215276	266.6276718488432	427.9866983053492	111.6942723188976	41.93452075829852	78.87894297495383
351	chr4	206819214	206820494	42.433703757778424	51.844269526163956	72.62804577302896	5.17788017372373	1.103540019955224	1.7927032494307689
352	chr4	207515226	207516684	36.77587659007463	31.106561715698373	89.4881278274821	22.930612197919373	5.51770009977612	11.652571121299998
353	chr4	207715070	207721579	212.1685187888921	195.52695935581835	348.8740055882998	21.451217862569738	8.828320159641793	23.305142242599995
354	chr4	210603720	210605235	43.84816054970437	34.069091402907745	93.37891599389437	3.6984858383740926	2.207080039910448	7.1708129977230755
355	chr4	30249419	30252824	315.42386459948625	105.1698038959326	207.50870220865414	28.84818953931792	30.899120558746276	19.719735743738458
356	chr4	30768407	30770103	152.76133352800233	82.95083124186233	136.82605051883132	34.02606971304165	13.24248023946269	37.64676823804615
357	chr4	30782108	30783894	141.44567919259475	60.73185858779206	96.6212394659046	20.71152069489492	5.51770009977612	11.652571121299998
358	chr4	4378340	4382322	39.60479017392653	45.91921015174522	239.28347223435432	3.6984858383740926	0.0	1.7927032494307689
359	chr4	52488499	52490745	110.3276297702239	127.38877655000286	137.4745152132334	71.7506252644574	25.381420458970155	56.47015235706922
360	chr4	55958096	55979070	471.0141117113405	396.97897808605546	696.4510817877955	106.51639214517387	83.86904151659704	118.31841446243075
361	chr4	59977139	59978400	25.460222254667052	19.2564429668609	15.563152665649062	1.479394335349637	0.0	14.341625995446151
362	chr4	63436604	63437999	9.901197543481633	39.99415077732648	22.047799609669504	13.314549018146733	9.931860179597017	4.481758123576922
363	chr4	64659971	64662672	52.334901301260054	71.10071249302486	75.22190455063713	24.410006533269012	8.828320159641793	9.859867871869229
364	chr4	64664918	64667955	52.334901301260054	41.475415620931166	60.307216579390115	1.479394335349637	2.207080039910448	0.8963516247153844
365	chr4	83968137	83969121	76.38066676400116	28.144032028489004	40.85327574732879	11.835154682797096	5.51770009977612	12.548922746015382
366	chr4	87181033	87182510	121.64328410563148	102.20727420872323	149.79534440687223	137.58367318751624	105.93984191570152	114.73300796356921
367	chr4	87509964	87512478	82.03849393170495	1.4812648436046845	24.64165838727768	0.7396971676748185	0.0	0.0
368	chr4	9333123	9334199	29.703592630444895	53.32553436976864	95.3243100771005	0.7396971676748185	1.103540019955224	0.8963516247153844
369	chr4	97390986	97393650	398.87681532311717	293.2904390337275	242.52579570636453	78.40789977353076	57.384081037671656	74.3971848513769
370	chr5	106424112	106426209	19.802395086963266	10.368853905232791	22.047799609669504	21.451217862569738	24.27788043901493	34.95771336389999
371	chr5	110385675	110387121	50.920444509334104	31.106561715698373	59.01028719058603	32.54667537769201	29.79558053879105	32.26865848975384
372	chr5	114258070	114259375	52.334901301260054	41.475415620931166	70.68265168982282	5.917577341398548	0.0	4.481758123576922
373	chr5	114761346	114772121	476.67193887904426	620.6499694703627	491.53623835674955	67.31244225840848	22.07080039910448	28.683251990892302
374	chr5	119144966	119146051	73.55175318014926	79.98830155465296	62.90107535699829	6.657274509073367	3.3106200598656725	7.1708129977230755
375	chr5	119155325	119157173	138.61676560874284	137.75763045523564	154.98306196208858	72.49032243213222	16.55310029932836	52.88474585820768
376	chr5	120437812	120440250	60.82164205281574	42.95668046453585	49.28331677455536	31.806978210017196	16.55310029932836	26.890548741461533
377	chr5	120446114	120446868	9.901197543481633	5.925059374418738	5.187717555216354	8.136668844423003	12.138940219507464	10.756219496584613
378	chr5	121197533	121199917	33.94696300622274	32.58782655930306	81.70655149465757	6.657274509073367	2.207080039910448	4.481758123576922
379	chr5	121211567	121212532	32.53250621429679	28.144032028489004	68.08879291221464	8.876366012097822	9.931860179597017	3.5854064988615377
380	chr5	136760994	136763214	89.11077789133469	22.218972654070267	51.877175552163536	0.0	0.0	2.6890548741461533
381	chr5	141838729	141840761	35.36141979814869	31.106561715698373	73.276510467431	27.368795203968286	88.28320159641792	31.372306865038453
382	chr5	146439110	146440964	31.118049422370845	35.55035624651243	44.09559921933901	3.6984858383740926	2.207080039910448	6.274461373007691
383	chr5	147731674	147733583	18.387938295037316	11.850118748837476	32.423234720102215	0.7396971676748185	0.0	1.7927032494307689
384	chr5	151082356	151090055	60.82164205281574	38.5128859337218	41.50174044173083	38.46425271909057	33.10620059865672	51.092042608776914
385	chr5	15705656	15707960	94.76860505903848	74.06324218023423	163.41310298931515	110.95457515122278	51.866380937895535	77.08623972552306
386	chr5	15725424	15727351	120.22882731370554	145.16395467325907	148.49841501806813	43.642132892814296	8.828320159641793	46.61028448519999
387	chr5	16449611	16459664	213.58297558081807	99.24474452151387	237.98654284555025	130.92639867844287	216.29384391122392	184.6484346913692
388	chr5	16460175	16462216	18.387938295037316	32.58782655930306	49.28331677455536	19.232126359545283	7.724780139686569	12.548922746015382
389	chr5	170278976	170280619	55.16381488511195	11.850118748837476	47.98638738575127	5.17788017372373	0.0	4.481758123576922
390	chr5	170289155	170291097	14.144567919259474	5.925059374418738	26.587052470483815	0.7396971676748185	1.103540019955224	1.7927032494307689
391	chr5	177839712	177842905	246.11548179511485	148.12648436046845	317.09923556259963	82.84608277957967	35.31328063856717	77.08623972552306
392	chr5	181909906	181912464	26.874679046593002	25.181502341279636	27.23551716488586	19.9718235272201	28.692040518835828	17.92703249430769
393	chr5	18266553	18267791	148.51796315222447	143.6826898296544	204.26637873664393	25.14970370094383	16.55310029932836	18.823384119023075
394	chr5	1848505	1850584	24.045765462741105	22.218972654070267	20.750870220865416	18.492429191870464	29.79558053879105	25.99419711674615
395	chr5	188307338	188311404	118.81437052177958	56.28806405697801	103.75435110432707	22.930612197919373	8.828320159641793	12.548922746015382
396	chr5	192631190	192632470	7.072283959629737	8.887589061628107	36.96248758091652	62.13456208468476	6.621240119731345	8.06716462243846
397	chr5	193472467	193474050	42.433703757778424	10.368853905232791	88.19119843867801	18.492429191870464	1.103540019955224	0.8963516247153844
398	chr5	193486764	193488586	117.39991372985364	154.0515437348872	249.65890734478702	9.616063179772642	4.414160079820896	16.13432924487692
399	chr5	193878256	193879659	32.53250621429679	48.88173983895459	52.52564024656559	13.314549018146733	4.414160079820896	2.6890548741461533
400	chr5	19427822	19429197	42.433703757778424	20.737707810465583	68.7372576066167	0.7396971676748185	3.3106200598656725	1.7927032494307689
401	chr5	194317585	194318777	50.920444509334104	37.03162109011711	68.7372576066167	4.438183006048911	12.138940219507464	4.481758123576922
402	chr5	194319626	194320961	29.703592630444895	31.106561715698373	71.33111638422487	2.958788670699274	3.3106200598656725	0.8963516247153844
403	chr5	194901803	194902813	48.09153092548221	17.775178123256214	52.52564024656559	1.479394335349637	1.103540019955224	4.481758123576922
404	chr5	22696192	22697345	32.53250621429679	54.806799213373324	56.41642841297785	21.451217862569738	6.621240119731345	10.756219496584613
405	chr5	23996126	23998087	120.22882731370554	77.0257718674436	90.78505721628619	6.657274509073367	7.724780139686569	7.1708129977230755
406	chr5	24108913	24110307	45.26261734163032	20.737707810465583	34.36862880330835	2.2190915030244556	0.0	4.481758123576922
407	chr5	25209062	25214507	69.30838280437142	54.806799213373324	51.877175552163536	44.38183006048911	26.48496047892538	48.402987734630756
408	chr5	28632303	28634330	43.84816054970437	44.437945308140534	40.85327574732879	34.02606971304165	15.449560279373138	39.439471487476915
409	chr5	28918047	28920083	86.28186430748279	69.61944764942017	126.45061540839863	3.6984858383740926	7.724780139686569	6.274461373007691
410	chr5	35802899	35804371	24.045765462741105	5.925059374418738	42.150205136132875	1.479394335349637	0.0	0.0
411	chr5	40811170	40813320	63.65055563666763	45.91921015174522	81.70655149465757	30.32758387466756	32.0026605787015	38.54311986276153
412	chr5	49240912	49242076	7.072283959629737	7.406324218023422	17.508546748855196	13.314549018146733	19.863720359194033	19.719735743738458
413	chr5	5491162	5493147	50.920444509334104	34.069091402907745	51.877175552163536	13.314549018146733	6.621240119731345	3.5854064988615377
414	chr5	62174608	62175935	62.23609884474169	74.06324218023423	90.78505721628619	8.876366012097822	23.174340419059707	2.6890548741461533
415	chr5	63144582	63146445	29.703592630444895	28.144032028489004	52.52564024656559	2.958788670699274	2.207080039910448	4.481758123576922
416	chr5	63242109	63247855	198.02395086963264	121.46371717558412	119.31750376997614	23.670309365594193	22.07080039910448	40.3358231121923
417	chr5	63309929	63312234	25.460222254667052	13.33138359244216	74.57343985623508	2.2190915030244556	2.207080039910448	0.8963516247153844
418	chr5	63330533	63332895	199.43840766155859	45.91921015174522	131.63833296361497	14.054246185821551	8.828320159641793	9.859867871869229
419	chr5	64143057	64144982	39.60479017392653	22.218972654070267	29.18091124809199	11.095457515122277	3.3106200598656725	4.481758123576922
420	chr5	64332087	64349089	449.7972598324513	186.63937029419023	366.382552337155	179.00671457730607	147.87436267400003	64.53731697950768
421	chr5	64363524	64373235	154.17579031992827	130.35130623721224	156.27999135089266	117.61184966029614	60.694701097537326	56.47015235706922
422	chr5	66005790	66007075	90.52523468326063	35.55035624651243	70.03418699542078	4.438183006048911	3.3106200598656725	0.8963516247153844
423	chr5	71257886	71259855	26.874679046593002	14.812648436046844	12.969293888040884	54.73759040793657	6.621240119731345	15.237977620161535
424	chr5	79840321	79842021	53.749358093186004	45.91921015174522	80.40962210585349	67.31244225840848	32.0026605787015	58.26285560649999
425	chr5	9405077	9410822	482.3297660467481	74.06324218023423	191.9455495430051	102.81790630679977	59.5911610775821	94.11692059511536
426	chr5	99203417	99206466	110.3276297702239	99.24474452151387	159.52231482290287	33.28637254536683	13.24248023946269	29.579603615607688
427	chr6	110136655	110138942	53.749358093186004	63.69438827500143	88.83966313308007	5.17788017372373	6.621240119731345	5.378109748292307
428	chr6	131044839	131046343	62.23609884474169	22.218972654070267	57.71335780178194	65.09335075538402	13.24248023946269	49.29933935934614
429	chr6	131379221	131421262	374.8310498603761	183.67684060698087	700.9903346486099	46.600921563513566	18.76018033923881	16.13432924487692
430	chr6	133909489	133911143	22.63130867081516	45.91921015174522	29.18091124809199	38.46425271909057	29.79558053879105	36.75041661333076
431	chr6	13820474	13822285	65.06501242859358	37.03162109011711	58.36182249618398	16.273337688846006	2.207080039910448	6.274461373007691
432	chr6	13823348	13825783	31.118049422370845	42.95668046453585	51.877175552163536	31.806978210017196	9.931860179597017	22.408790617884613
433	chr6	13957190	13958105	33.94696300622274	41.475415620931166	66.14339882900852	2.2190915030244556	0.0	0.8963516247153844
434	chr6	158244079	158245489	45.26261734163032	20.737707810465583	30.47784063689608	10.35576034744746	8.828320159641793	8.06716462243846
435	chr6	174376790	174378442	46.67707413355627	19.2564429668609	72.62804577302896	0.0	1.103540019955224	1.7927032494307689
436	chr6	174794217	174795775	16.97348150311137	31.106561715698373	24.64165838727768	13.314549018146733	11.03540019955224	16.13432924487692
437	chr6	174818714	174820403	79.20958034785306	68.13818280581549	98.56663354911072	50.29940740188766	14.346020259417914	41.23217473690768
438	chr6	175227547	175229441	74.96620997207522	35.55035624651243	69.38572230101873	0.7396971676748185	0.0	8.963516247153844
439	chr6	175230366	175232246	77.7951235559271	41.475415620931166	90.13659252188415	3.6984858383740926	12.138940219507464	5.378109748292307
440	chr6	175255485	175258582	125.88665448140932	105.1698038959326	143.31069746285178	16.273337688846006	8.828320159641793	25.99419711674615
441	chr6	176186762	176187760	33.94696300622274	29.62529687209369	46.04099330254514	5.17788017372373	4.414160079820896	0.0
442	chr6	176189851	176191279	73.55175318014926	78.50703671104827	88.19119843867801	23.670309365594193	6.621240119731345	15.237977620161535
443	chr6	177692071	177693364	62.23609884474169	31.106561715698373	101.80895702112095	2.2190915030244556	0.0	8.06716462243846
444	chr6	182015359	182016562	66.47946922051953	56.28806405697801	99.21509824351277	18.492429191870464	8.828320159641793	16.13432924487692
445	chr6	187050697	187051346	21.216851878889212	11.850118748837476	7.133111638422487	19.9718235272201	5.51770009977612	26.890548741461533
446	chr6	188942408	188943527	28.28913583851895	77.0257718674436	85.59733966106984	5.17788017372373	3.3106200598656725	4.481758123576922
447	chr6	188947587	188949838	100.42643222674226	97.76347967790917	209.45409629186028	10.35576034744746	8.828320159641793	10.756219496584613
448	chr6	197156595	197158746	60.82164205281574	51.844269526163956	41.50174044173083	9.616063179772642	3.3106200598656725	8.06716462243846
449	chr6	197161972	197167817	118.81437052177958	152.5702788912825	106.34820988193526	25.889400868618647	11.03540019955224	30.47595524032307
450	chr6	197170091	197171329	12.730111127333526	22.218972654070267	18.15701144325724	15.53364052117119	1.103540019955224	10.756219496584613
451	chr6	197802443	197804093	52.334901301260054	22.218972654070267	42.79866983053492	2.2190915030244556	1.103540019955224	0.8963516247153844
452	chr6	197813325	197814851	24.045765462741105	17.775178123256214	36.96248758091652	2.2190915030244556	1.103540019955224	2.6890548741461533
453	chr6	198373734	198376182	52.334901301260054	72.58197733662954	88.83966313308007	15.53364052117119	6.621240119731345	30.47595524032307
454	chr6	199229537	199249582	186.70829653422507	148.12648436046845	116.72364499236797	325.46675377692014	161.11684291346273	247.3930484214461
455	chr6	25435984	25449987	459.6984573759329	167.38292732732936	238.63500753995228	81.36668844423004	92.69736167623883	70.81177835251538
456	chr6	25504795	25507545	149.93241994415044	42.95668046453585	194.53940832061326	92.46214595935231	44.14160079820896	59.159207231215376
457	chr6	25534469	25536269	28.28913583851895	10.368853905232791	27.23551716488586	1.479394335349637	0.0	0.8963516247153844
458	chr6	28723378	28724313	14.144567919259474	20.737707810465583	55.76796371857581	1.479394335349637	0.0	0.8963516247153844
459	chr6	28977640	28979066	29.703592630444895	22.218972654070267	21.39933491526746	13.314549018146733	17.656640319283586	14.341625995446151
460	chr6	33612923	33614468	121.64328410563148	34.069091402907745	55.11949902417376	42.902435725139476	67.31594121726867	25.99419711674615
461	chr6	45666761	45687810	199.43840766155859	291.80917419012286	236.68961345674614	235.2236993205923	190.91242345225376	216.02074155640764
462	chr6	46491804	46492955	36.77587659007463	32.58782655930306	33.07169941450426	22.190915030244554	17.656640319283586	25.99419711674615
463	chr6	49071702	49073188	131.54448164911312	62.213123431396745	97.91816885470868	31.06728104234238	6.621240119731345	14.341625995446151
464	chr6	51106581	51107637	42.433703757778424	38.5128859337218	48.634852080153316	8.136668844423003	2.207080039910448	2.6890548741461533
465	chr6	5402788	5405807	15.559024711185423	22.218972654070267	71.97958107862691	25.889400868618647	6.621240119731345	24.201493867315378
466	chr6	54755807	54757175	22.63130867081516	8.887589061628107	26.587052470483815	25.14970370094383	18.76018033923881	19.719735743738458
467	chr6	55728648	55730602	38.19033338200058	50.36300468255927	75.22190455063713	51.039104569562475	14.346020259417914	27.786900366176916
468	chr6	56595087	56597295	57.99272846896385	23.70023749767495	75.22190455063713	11.095457515122277	6.621240119731345	5.378109748292307
469	chr6	61800249	61802662	398.87681532311717	251.81502341279636	527.2017965488619	65.09335075538402	18.76018033923881	48.402987734630756
470	chr6	61817314	61818013	118.81437052177958	167.38292732732936	118.02057438117205	34.02606971304165	4.414160079820896	22.408790617884613
471	chr6	62120860	62123253	172.56372861496558	207.37707810465582	339.1470351722691	46.600921563513566	56.28054101771643	47.50663610991538
472	chr6	67310696	67313067	77.7951235559271	42.95668046453585	68.08879291221464	0.7396971676748185	3.3106200598656725	3.5854064988615377
473	chr6	67314635	67315751	21.216851878889212	22.218972654070267	32.423234720102215	0.0	1.103540019955224	0.0
474	chr6	67318514	67322636	265.91787688207813	131.8325710808169	241.22886631756046	2.2190915030244556	1.103540019955224	7.1708129977230755
475	chr6	6846730	6848307	50.920444509334104	32.58782655930306	55.76796371857581	31.06728104234238	34.209740618611946	25.097845492030764
476	chr6	6871914	6874627	65.06501242859358	54.806799213373324	61.6041459681942	90.98275162400267	27.588500498880602	80.6716462243846
477	chr6	93183875	93185404	49.50598771740816	45.91921015174522	50.58024616335945	34.76576688071647	15.449560279373138	24.201493867315378
478	chr6	97631823	97633229	25.460222254667052	54.806799213373324	42.150205136132875	25.14970370094383	11.03540019955224	29.579603615607688
479	chr7	11504912	11506674	18.387938295037316	63.69438827500143	91.43352191068824	24.410006533269012	7.724780139686569	17.92703249430769
480	chr7	11510763	11512755	4.243370375777842	38.5128859337218	31.126305331298123	4.438183006048911	0.0	1.7927032494307689
481	chr7	121422083	121424026	94.76860505903848	45.91921015174522	97.91816885470868	12.574851850471916	34.209740618611946	12.548922746015382
482	chr7	121601004	121602112	39.60479017392653	17.775178123256214	25.290123081679724	35.50546404839129	36.4168206585224	30.47595524032307
483	chr7	121737655	121738996	15.559024711185423	1.4812648436046845	16.86008205445315	16.273337688846006	6.621240119731345	9.859867871869229
484	chr7	12274889	12289537	125.88665448140932	308.1030874697744	251.60430142799316	23.670309365594193	32.0026605787015	27.786900366176916
485	chr7	139667172	139669012	111.74208656214985	23.70023749767495	26.587052470483815	12.574851850471916	2.207080039910448	4.481758123576922
486	chr7	141863921	141865852	55.16381488511195	26.66276718488432	106.34820988193526	38.46425271909057	2.207080039910448	26.890548741461533
487	chr7	141926964	141928900	16.97348150311137	28.144032028489004	28.532446553689947	1.479394335349637	2.207080039910448	0.0
488	chr7	142285830	142287129	16.97348150311137	17.775178123256214	10.375435110432708	12.574851850471916	2.207080039910448	9.859867871869229
489	chr7	14918779	14920592	65.06501242859358	20.737707810465583	62.90107535699829	8.136668844423003	2.207080039910448	2.6890548741461533
490	chr7	157070118	157071678	45.26261734163032	42.95668046453585	70.03418699542078	47.340618731188385	33.10620059865672	38.54311986276153
491	chr7	167724779	167726233	66.47946922051953	45.91921015174522	102.45742171552298	75.4491111028315	278.0920850287165	28.683251990892302
492	chr7	168531876	168532499	19.802395086963266	1.4812648436046845	13.61775858244293	9.616063179772642	2.207080039910448	0.8963516247153844
493	chr7	17094323	17096727	166.90590144726178	84.43209608546701	289.8637183977138	0.7396971676748185	1.103540019955224	2.6890548741461533
494	chr7	171066223	171067760	123.05774089755742	38.5128859337218	79.76115741145144	0.0	0.0	0.0
495	chr7	173771578	173773296	67.89392601244548	38.5128859337218	42.150205136132875	18.492429191870464	18.76018033923881	22.408790617884613
496	chr7	173790037	173791673	152.76133352800233	41.475415620931166	43.44713452493696	13.314549018146733	7.724780139686569	8.963516247153844
497	chr7	173796628	173802589	763.8066676400116	62.213123431396745	225.6657136519114	7.396971676748185	2.207080039910448	8.06716462243846
498	chr7	177955137	177956482	18.387938295037316	16.29391327965153	33.7201641089063	10.35576034744746	2.207080039910448	17.030680869592302
499	chr7	178000766	178002482	12.730111127333526	31.106561715698373	14.266223276844974	11.835154682797096	5.51770009977612	8.06716462243846
500	chr7	178277379	178278413	4.243370375777842	28.144032028489004	33.07169941450426	2.2190915030244556	2.207080039910448	2.6890548741461533
501	chr7	179527947	179529367	21.216851878889212	17.775178123256214	46.68945799694718	0.7396971676748185	0.0	0.0
502	chr7	187255222	187256940	53.749358093186004	75.5445070238389	100.51202763231686	41.42304138978984	16.55310029932836	30.47595524032307
503	chr7	192525519	192527126	48.09153092548221	13.33138359244216	41.50174044173083	0.7396971676748185	1.103540019955224	0.0
504	chr7	193049851	193051492	22.63130867081516	34.069091402907745	27.883981859287903	11.835154682797096	4.414160079820896	7.1708129977230755
505	chr7	195127880	195129914	12.730111127333526	22.218972654070267	25.938587776081768	11.095457515122277	1.103540019955224	4.481758123576922
506	chr7	195313719	195315102	5.65782716770379	45.91921015174522	66.79186352341056	1.479394335349637	2.207080039910448	0.0
507	chr7	196255304	196260082	106.08425939444605	162.93913279651528	257.44048367761155	59.9154705816603	7.724780139686569	12.548922746015382
508	chr7	196269018	196270353	8.486740751555685	20.737707810465583	30.47784063689608	1.479394335349637	0.0	1.7927032494307689
509	chr7	196722430	196723745	12.730111127333526	11.850118748837476	45.392528608143095	0.0	0.0	0.8963516247153844
510	chr7	22053375	22056998	124.47219768948338	54.806799213373324	52.52564024656559	2.958788670699274	0.0	1.7927032494307689
511	chr7	2979138	2980213	7.072283959629737	19.2564429668609	31.774770025700168	1.479394335349637	0.0	0.8963516247153844
512	chr7	33461008	33462344	11.31565433540758	8.887589061628107	29.18091124809199	2.2190915030244556	1.103540019955224	7.1708129977230755
513	chr7	33464232	33465235	33.94696300622274	39.99415077732648	60.307216579390115	11.095457515122277	7.724780139686569	9.859867871869229
514	chr7	33494041	33495551	22.63130867081516	34.069091402907745	74.57343985623508	11.835154682797096	16.55310029932836	12.548922746015382
515	chr7	33544668	33546425	18.387938295037316	14.812648436046844	39.5563463585247	2.958788670699274	3.3106200598656725	3.5854064988615377
516	chr7	33626738	33628595	5.65782716770379	22.218972654070267	38.25941696972061	8.876366012097822	9.931860179597017	10.756219496584613
517	chr7	33675992	33677717	31.118049422370845	28.144032028489004	66.14339882900852	12.574851850471916	9.931860179597017	14.341625995446151
518	chr7	39966440	39969827	251.77330896281865	148.12648436046845	291.8091124809199	21.451217862569738	12.138940219507464	18.823384119023075
519	chr7	40294777	40300547	91.93969147518658	88.87589061628107	83.00348088346166	46.600921563513566	35.31328063856717	35.85406498861538
520	chr7	47005112	47007849	82.03849393170495	5.925059374418738	54.47103432977172	9.616063179772642	13.24248023946269	7.1708129977230755
521	chr7	47451278	47452301	33.94696300622274	13.33138359244216	36.31402288651448	0.7396971676748185	3.3106200598656725	2.6890548741461533
522	chr7	51355803	51357647	60.82164205281574	54.806799213373324	134.23219174122315	53.99789324026175	16.55310029932836	40.3358231121923
523	chr7	61081788	61085337	62.23609884474169	65.17565311860612	31.774770025700168	36.98485838374093	17.656640319283586	40.3358231121923
524	chr7	64532718	64534921	66.47946922051953	22.218972654070267	37.61095227531857	1.479394335349637	1.103540019955224	0.8963516247153844
525	chr7	66256113	66257669	97.59751864289038	34.069091402907745	79.76115741145144	20.71152069489492	14.346020259417914	27.786900366176916
526	chr7	70380524	70382678	56.5782716770379	1.4812648436046845	47.33792269134923	0.0	1.103540019955224	0.0
527	chr7	70464580	70465832	24.045765462741105	10.368853905232791	39.5563463585247	4.438183006048911	8.828320159641793	2.6890548741461533
528	chr7	7476400	7477611	39.60479017392653	28.144032028489004	68.7372576066167	5.17788017372373	4.414160079820896	2.6890548741461533
529	chr7	7520989	7522495	53.749358093186004	20.737707810465583	52.52564024656559	46.600921563513566	34.209740618611946	28.683251990892302
530	chr7	78758040	78759973	22.63130867081516	25.181502341279636	51.877175552163536	25.889400868618647	6.621240119731345	27.786900366176916
531	chr7	8490551	8493542	108.91317297829795	85.9133609290717	121.26289785318227	17.752732024195645	15.449560279373138	25.097845492030764
532	chr7	8498369	8501796	48.09153092548221	78.50703671104827	65.49493413460647	23.670309365594193	9.931860179597017	25.097845492030764
533	chr7	85786919	85788491	18.387938295037316	11.850118748837476	44.74406391374105	1.479394335349637	2.207080039910448	8.06716462243846
534	chr7	96464049	96468945	41.019246965852474	28.144032028489004	45.392528608143095	14.054246185821551	13.24248023946269	19.719735743738458
535	chr8	100191325	100192643	65.06501242859358	45.91921015174522	30.47784063689608	8.136668844423003	0.0	2.6890548741461533
536	chr8	10188121	10191520	243.28656821126296	219.2271968534933	362.4917641707427	122.78972983401988	43.03806077825374	94.11692059511536
537	chr8	10194788	10195728	26.874679046593002	32.58782655930306	39.5563463585247	5.917577341398548	3.3106200598656725	2.6890548741461533
538	chr8	102290052	102291127	59.40718526088979	34.069091402907745	63.549540051400335	13.314549018146733	18.76018033923881	17.030680869592302
539	chr8	102749238	102754463	96.18306185096442	31.106561715698373	94.67584538269845	139.8027646905407	101.52568183588062	155.9651827004769
540	chr8	104766504	104767446	15.559024711185423	11.850118748837476	46.68945799694718	4.438183006048911	2.207080039910448	4.481758123576922
541	chr8	109914293	109923036	55.16381488511195	99.24474452151387	59.01028719058603	38.46425271909057	25.381420458970155	73.50083322666153
542	chr8	110989059	110991082	72.13729638822332	96.2822148343045	106.9966745763373	38.46425271909057	38.62390069843284	25.99419711674615
543	chr8	111831027	111835154	165.49144465533584	23.70023749767495	152.3892031844804	8.876366012097822	9.931860179597017	7.1708129977230755
544	chr8	111857982	111860849	107.49871618637201	48.88173983895459	69.38572230101873	25.14970370094383	14.346020259417914	25.097845492030764
545	chr8	113849166	113850726	5.65782716770379	16.29391327965153	38.907881664122655	2.958788670699274	0.0	2.6890548741461533
546	chr8	113861348	113862877	145.68904956837258	134.7951007680263	183.51550851577852	39.9436470544402	18.76018033923881	48.402987734630756
547	chr8	114401618	114409561	77.7951235559271	41.475415620931166	55.76796371857581	39.20394988676538	67.31594121726867	69.0190751030846
548	chr8	115856656	115858057	15.559024711185423	14.812648436046844	46.68945799694718	2.2190915030244556	4.414160079820896	1.7927032494307689
549	chr8	115873641	115874992	19.802395086963266	13.33138359244216	93.37891599389437	2.2190915030244556	3.3106200598656725	2.6890548741461533
550	chr8	115895303	115897120	101.84088901866821	72.58197733662954	137.4745152132334	8.136668844423003	19.863720359194033	3.5854064988615377
551	chr8	119211184	119215253	32.53250621429679	44.437945308140534	55.76796371857581	17.752732024195645	28.692040518835828	18.823384119023075
552	chr8	121352886	121354414	5.65782716770379	78.50703671104827	81.70655149465757	17.013034856520825	3.3106200598656725	51.092042608776914
553	chr8	126362607	126364740	16.97348150311137	23.70023749767495	12.32082919363884	16.273337688846006	13.24248023946269	19.719735743738458
554	chr8	133190426	133192421	48.09153092548221	28.144032028489004	29.829375942494035	26.629098036293467	25.381420458970155	25.097845492030764
555	chr8	133497205	133498918	12.730111127333526	26.66276718488432	9.07850572162862	9.616063179772642	6.621240119731345	17.030680869592302
556	chr8	136763901	136766695	96.18306185096442	75.5445070238389	166.65542646132536	22.190915030244554	11.03540019955224	11.652571121299998
557	chr8	136827281	136831789	154.17579031992827	59.25059374418738	245.1196544839727	6.657274509073367	9.931860179597017	6.274461373007691
558	chr8	137147120	137149616	57.99272846896385	35.55035624651243	95.3243100771005	10.35576034744746	7.724780139686569	17.92703249430769
559	chr8	139696967	139698138	33.94696300622274	17.775178123256214	30.47784063689608	0.7396971676748185	3.3106200598656725	2.6890548741461533
560	chr8	143446851	143448922	73.55175318014926	42.95668046453585	70.03418699542078	24.410006533269012	12.138940219507464	12.548922746015382
561	chr8	144174292	144175227	72.13729638822332	51.844269526163956	105.69974518753321	2.2190915030244556	0.0	6.274461373007691
562	chr8	144182531	144184618	63.65055563666763	50.36300468255927	95.3243100771005	37.72455555141575	15.449560279373138	13.445274370730766
563	chr8	144242894	144244751	144.27459277644664	53.32553436976864	174.4370027941499	51.778801737237295	8.828320159641793	24.201493867315378
564	chr8	144653838	144655702	46.67707413355627	53.32553436976864	107.64513927073935	5.917577341398548	7.724780139686569	5.378109748292307
565	chr8	145512538	145513700	36.77587659007463	23.70023749767495	51.877175552163536	6.657274509073367	7.724780139686569	7.1708129977230755
566	chr8	145535085	145537229	84.86740751555685	57.76932890058269	114.77825090916183	6.657274509073367	3.3106200598656725	4.481758123576922
567	chr8	145541953	145544130	19.802395086963266	5.925059374418738	38.25941696972061	2.958788670699274	2.207080039910448	0.0
568	chr8	146665099	146667871	56.5782716770379	20.737707810465583	55.11949902417376	19.9718235272201	17.656640319283586	19.719735743738458
569	chr8	147312598	147315580	106.08425939444605	59.25059374418738	132.93526235241907	58.43607624631066	43.03806077825374	55.57380073235383
570	chr8	148293047	148295892	32.53250621429679	26.66276718488432	81.70655149465757	13.314549018146733	2.207080039910448	17.92703249430769
571	chr8	153529732	153531196	60.82164205281574	25.181502341279636	59.01028719058603	14.79394335349637	4.414160079820896	7.1708129977230755
572	chr8	153875402	153876511	32.53250621429679	68.13818280581549	26.587052470483815	21.451217862569738	5.51770009977612	19.719735743738458
573	chr8	17255347	17256604	28.28913583851895	22.218972654070267	25.938587776081768	4.438183006048911	7.724780139686569	14.341625995446151
574	chr8	22786901	22787828	124.47219768948338	214.78340232267925	215.93874323588074	90.98275162400267	79.45488143677613	77.98259135023845
575	chr8	391077	393114	31.118049422370845	29.62529687209369	55.76796371857581	10.35576034744746	2.207080039910448	5.378109748292307
576	chr8	39900034	39901688	65.06501242859358	38.5128859337218	31.126305331298123	8.136668844423003	4.414160079820896	6.274461373007691
577	chr8	42051182	42053516	70.72283959629738	50.36300468255927	114.12978621475979	55.47728757561139	56.28054101771643	62.74461373007691
578	chr8	43079361	43081954	43.84816054970437	28.144032028489004	42.79866983053492	0.7396971676748185	9.931860179597017	7.1708129977230755
579	chr8	46203825	46206417	48.09153092548221	20.737707810465583	38.25941696972061	0.7396971676748185	0.0	3.5854064988615377
580	chr8	46208502	46217527	96.18306185096442	105.1698038959326	83.00348088346166	17.013034856520825	18.76018033923881	12.548922746015382
581	chr8	48667507	48668955	11.31565433540758	10.368853905232791	6.484646944020442	16.273337688846006	26.48496047892538	34.061361739184605
582	chr8	48888547	48889598	28.28913583851895	42.95668046453585	22.047799609669504	55.47728757561139	23.174340419059707	42.12852636162307
583	chr8	5075787	5077146	35.36141979814869	51.844269526163956	31.774770025700168	19.9718235272201	16.55310029932836	18.823384119023075
584	chr8	50982819	50983638	42.433703757778424	22.218972654070267	64.19800474580238	4.438183006048911	3.3106200598656725	3.5854064988615377
585	chr8	52725866	52727862	52.334901301260054	39.99415077732648	71.97958107862691	81.36668844423004	36.4168206585224	25.99419711674615
586	chr8	54563775	54564694	14.144567919259474	2.962529687209369	12.969293888040884	9.616063179772642	3.3106200598656725	0.0
587	chr8	71629140	71630487	5.65782716770379	41.475415620931166	57.71335780178194	5.917577341398548	1.103540019955224	1.7927032494307689
588	chr8	7254108	7257837	393.2189881554134	234.03984528954015	29.829375942494035	32.54667537769201	2.207080039910448	12.548922746015382
589	chr8	7542870	7543967	43.84816054970437	31.106561715698373	35.01709349771039	1.479394335349637	5.51770009977612	2.6890548741461533
590	chr8	77310100	77313447	59.40718526088979	50.36300468255927	41.50174044173083	2.2190915030244556	3.3106200598656725	7.1708129977230755
591	chr8	77385081	77386150	11.31565433540758	17.775178123256214	36.31402288651448	0.0	1.103540019955224	0.0
592	chr8	77391590	77392921	22.63130867081516	35.55035624651243	37.61095227531857	0.0	2.207080039910448	0.0
593	chr8	8437457	8440400	90.52523468326063	59.25059374418738	89.4881278274821	25.14970370094383	18.76018033923881	10.756219496584613
594	chr8	84463075	84464304	63.65055563666763	97.76347967790917	86.89426904987393	14.054246185821551	4.414160079820896	13.445274370730766
595	chr8	96296484	96297834	31.118049422370845	20.737707810465583	33.7201641089063	10.35576034744746	7.724780139686569	9.859867871869229
596	chr8	99500320	99501490	100.42643222674226	88.87589061628107	114.77825090916183	3.6984858383740926	3.3106200598656725	2.6890548741461533
597	chr8	99504462	99505837	115.9854569379277	97.76347967790917	185.46090259898466	5.17788017372373	11.03540019955224	9.859867871869229
598	chr9	103419126	103421100	26.874679046593002	17.775178123256214	7.781576332824531	19.232126359545283	18.76018033923881	39.439471487476915
599	chr9	104388986	104393136	36.77587659007463	31.106561715698373	31.126305331298123	29.58788670699274	40.83098073834329	29.579603615607688
600	chr9	10513082	10514632	311.1804942237084	316.99067653140247	338.4985704778671	77.66820260585594	47.45222085807464	79.77529459966921
601	chr9	10681898	10685321	18.387938295037316	17.775178123256214	23.993193692875636	7.396971676748185	16.55310029932836	5.378109748292307
602	chr9	107643751	107644220	45.26261734163032	16.29391327965153	62.90107535699829	0.0	0.0	0.0
603	chr9	117033139	117034917	32.53250621429679	17.775178123256214	33.7201641089063	8.876366012097822	13.24248023946269	2.6890548741461533
604	chr9	126021609	126023054	53.749358093186004	31.106561715698373	73.276510467431	11.095457515122277	16.55310029932836	13.445274370730766
605	chr9	131836482	131837262	21.216851878889212	28.144032028489004	26.587052470483815	2.2190915030244556	3.3106200598656725	1.7927032494307689
606	chr9	131891651	131893623	67.89392601244548	26.66276718488432	26.587052470483815	9.616063179772642	6.621240119731345	22.408790617884613
607	chr9	133758940	133761282	52.334901301260054	31.106561715698373	47.98638738575127	8.136668844423003	2.207080039910448	3.5854064988615377
608	chr9	133771199	133778909	640.7489267424542	399.9415077732648	440.30752749898807	17.752732024195645	4.414160079820896	7.1708129977230755
609	chr9	133788073	133790113	73.55175318014926	28.144032028489004	70.68265168982282	5.917577341398548	6.621240119731345	8.06716462243846
610	chr9	142043520	142046022	63.65055563666763	82.95083124186233	42.150205136132875	24.410006533269012	9.931860179597017	13.445274370730766
611	chr9	142064961	142067810	46.67707413355627	54.806799213373324	39.5563463585247	26.629098036293467	14.346020259417914	11.652571121299998
612	chr9	17128156	17129584	36.77587659007463	13.33138359244216	29.18091124809199	3.6984858383740926	1.103540019955224	3.5854064988615377
613	chr9	18416551	18448845	718.5440502983813	299.2154984081463	1047.2704814593014	586.579853966131	398.3779472038359	285.9361682842076
614	chr9	22923534	22924270	53.749358093186004	38.5128859337218	35.665558192112435	3.6984858383740926	4.414160079820896	8.963516247153844
615	chr9	23373660	23375268	55.16381488511195	26.66276718488432	33.07169941450426	34.76576688071647	32.0026605787015	17.92703249430769
616	chr9	28046444	28048045	38.19033338200058	7.406324218023422	20.10240552646337	2.2190915030244556	2.207080039910448	0.8963516247153844
617	chr9	28870454	28872251	35.36141979814869	23.70023749767495	35.665558192112435	5.17788017372373	9.931860179597017	8.06716462243846
618	chr9	30701376	30703095	65.06501242859358	37.03162109011711	66.79186352341056	76.18880827050631	23.174340419059707	38.54311986276153
619	chr9	30766607	30767755	76.38066676400116	87.39462577267638	94.67584538269845	30.32758387466756	9.931860179597017	21.512438993169226
620	chr9	30783230	30784384	39.60479017392653	32.58782655930306	58.36182249618398	10.35576034744746	8.828320159641793	8.06716462243846
621	chr9	30785711	30787298	25.460222254667052	16.29391327965153	38.907881664122655	2.2190915030244556	4.414160079820896	3.5854064988615377
622	chr9	39153249	39154651	4.243370375777842	16.29391327965153	23.34472899847359	5.17788017372373	3.3106200598656725	2.6890548741461533
623	chr9	39190416	39209208	432.8237783293399	585.0996132238504	292.45757717532194	467.4886099704853	652.1921517935374	311.0340137762384
624	chr9	51532117	51555402	336.6407164783755	253.29628825640106	383.8910990860102	152.37761654101263	249.40004450988064	172.9958635700692
625	chr9	51691067	51697513	176.80709899074344	127.38877655000286	221.77492548549912	25.889400868618647	39.72744071838807	38.54311986276153
626	chr9	51846439	51850520	120.22882731370554	78.50703671104827	130.3414035748109	12.574851850471916	23.174340419059707	20.61608736845384
627	chr9	5402017	5402967	14.144567919259474	14.812648436046844	36.31402288651448	1.479394335349637	2.207080039910448	0.8963516247153844
628	chr9	55198988	55200945	125.88665448140932	50.36300468255927	64.84646944020443	19.9718235272201	5.51770009977612	11.652571121299998
629	chr9	55261432	55265391	330.9828893106717	99.24474452151387	118.02057438117205	8.136668844423003	2.207080039910448	7.1708129977230755
630	chr9	55272897	55275753	99.01197543481632	25.181502341279636	45.392528608143095	1.479394335349637	0.0	3.5854064988615377
631	chr9	55279133	55282248	94.76860505903848	29.62529687209369	66.14339882900852	18.492429191870464	2.207080039910448	2.6890548741461533
632	chr9	55284622	55287171	125.88665448140932	25.181502341279636	72.62804577302896	3.6984858383740926	2.207080039910448	3.5854064988615377
633	chr9	55294448	55297523	125.88665448140932	29.62529687209369	55.76796371857581	4.438183006048911	6.621240119731345	6.274461373007691
634	chr9	58282548	58283716	18.387938295037316	7.406324218023422	24.64165838727768	15.53364052117119	16.55310029932836	11.652571121299998
635	chr9	90013135	90014879	50.920444509334104	22.218972654070267	57.064893107379895	19.232126359545283	19.863720359194033	25.99419711674615
636	chr9	93781173	93782866	73.55175318014926	14.812648436046844	57.064893107379895	5.17788017372373	4.414160079820896	9.859867871869229
637	chr9	93815020	93816466	38.19033338200058	1.4812648436046845	32.423234720102215	0.0	0.0	0.0
638	chrX	12848271	12850405	99.01197543481632	32.58782655930306	42.79866983053492	0.0	1.103540019955224	0.0
639	chrX	12860704	12864401	84.86740751555685	29.62529687209369	70.03418699542078	0.0	0.0	1.7927032494307689
640	chrX	16680824	16682212	25.460222254667052	25.181502341279636	39.5563463585247	14.79394335349637	6.621240119731345	13.445274370730766
641	chrX	30381278	30383804	74.96620997207522	23.70023749767495	62.90107535699829	3.6984858383740926	2.207080039910448	6.274461373007691
642	chrX	40355022	40356538	65.06501242859358	34.069091402907745	35.01709349771039	1.479394335349637	1.103540019955224	4.481758123576922
643	chrX	40363949	40366124	151.34687673607638	93.31968514709511	83.00348088346166	18.492429191870464	4.414160079820896	17.030680869592302
644	chrX	76975796	76981377	31.118049422370845	17.775178123256214	25.290123081679724	28.108492371643102	15.449560279373138	21.512438993169226
645	chrX	79782597	79784327	39.60479017392653	39.99415077732648	35.01709349771039	4.438183006048911	5.51770009977612	2.6890548741461533
646	chrX	81149415	81151151	26.874679046593002	38.5128859337218	44.09559921933901	27.368795203968286	12.138940219507464	6.274461373007691
647	chrX	87803172	87804462	52.334901301260054	42.95668046453585	79.1126927170494	26.629098036293467	18.76018033923881	15.237977620161535
648	chrX	93469975	93471818	56.5782716770379	45.91921015174522	62.25261066259625	17.013034856520825	5.51770009977612	6.274461373007691
649	chrX	94543407	94544936	26.874679046593002	13.33138359244216	42.150205136132875	2.958788670699274	1.103540019955224	2.6890548741461533
650	chrX	94699283	94701127	8.486740751555685	13.33138359244216	29.18091124809199	2.2190915030244556	0.0	0.0
651	chrX	95820467	95821358	33.94696300622274	26.66276718488432	51.22871085776149	1.479394335349637	1.103540019955224	4.481758123576922
652	chrY	24603311	24609437	46.67707413355627	35.55035624651243	31.126305331298123	49.559710234212844	38.62390069843284	84.25705272324613
653	chrY	3429692	3429954	4.243370375777842	8.887589061628107	11.023899804834752	42.902435725139476	5.51770009977612	5.378109748292307
