Enhancer_ID	chr	start	end	baseMean	log2FoldChange	lfcSE	stat	pvalue	padj
576	chr9	133771531	133778909	213.16806618066263	-5.197277135967241	0.6299836617228027	-8.24986019757141	1.5857993117409772e-16	9.831955732794059e-14
459	chr6	67318514	67322636	91.37424196666562	-5.560842216655891	0.7208646771601124	-7.71412775912831	1.2181240648375768e-14	3.776184600996488e-12
355	chr5	114761696	114772121	229.89502375230242	-4.770084209885774	0.6277266098102973	-7.598983594669219	2.984656093231688e-14	6.1682892593454875e-12
144	chr12	106815340	106826945	93.00318645395343	-5.356506255618054	0.731353698640233	-7.32409812868537	2.4051065456813984e-13	3.7279151458061676e-11
473	chr7	17094323	17096727	76.5318040426399	-6.329633886591261	0.9060528377970425	-6.9859434489284284	2.8294803846409863e-12	2.5692722522040507e-10
98	chr10	62294864	62301312	126.69429962591113	-4.26781079631776	0.6112197946751802	-6.9824485945940244	2.9007912524884446e-12	2.5692722522040507e-10
134	chr11	42708682	42713583	84.43183840119244	-4.45361207254729	0.6375878454113123	-6.985095629723358	2.846620158343087e-12	2.5692722522040507e-10
597	chr9	55261432	55265391	78.0106611648538	-5.960454654654972	0.8567644223143955	-6.956935301484476	3.4775456089253856e-12	2.695097846917174e-10
221	chr15	48460747	48466313	65.52493322951706	-4.758854136427193	0.7007419722481247	-6.791164686710298	1.1123185984591383e-11	7.662639233829619e-10
495	chr7	39966761	39969843	100.9461664194694	-4.3660444385250035	0.6463481993926558	-6.75494175218184	1.4289265085552525e-11	8.859344353042565e-10
4	chr1	114697479	114699890	69.51622354369962	-4.217954799802475	0.6323612997378842	-6.67016593449161	2.5551436050359266e-11	1.4401718501111588e-09
21	chr1	151671795	151675510	70.8753005337061	-4.885518519861181	0.7371971774645694	-6.627153045625958	3.4222277314807695e-11	1.7681509945983975e-09
85	chr10	31599394	31603722	96.33715091577812	-4.35958290598435	0.6709994610041575	-6.497148148912356	8.185684535110486e-11	3.90394185520654e-09
23	chr1	15577427	15581936	98.43990311774293	-3.9407839482127396	0.6146547412658802	-6.4113781016261315	1.442100419836228e-10	5.960681735323076e-09
330	chr4	191400869	191403121	44.640575025580056	-4.985001551842781	0.7772102321644944	-6.413967991594479	1.4177998844886283e-10	5.960681735323076e-09
594	chr9	51774648	51777896	56.26421253437085	-4.370524935993764	0.6883995416749527	-6.348820229252028	2.1697239796321694e-10	8.407680421074657e-09
567	chr8	99500320	99501494	43.95451098086874	-4.642689856268802	0.7379818887177184	-6.2910620534817125	3.153012527645067e-10	1.0860376484110785e-08
218	chr15	30626554	30644219	159.89529673396513	-3.7182942010240896	0.590695236611941	-6.294776003868191	3.078440690655403e-10	1.0860376484110785e-08
412	chr6	131379221	131421262	187.71255281402605	-3.8928406390196995	0.6228324131876749	-6.250221659300012	4.098705669198794e-10	1.2840178154952788e-08
76	chr10	118385936	118386883	42.17905210984213	-6.14605375050479	0.9835919675671034	-6.248580664710937	4.141992953210577e-10	1.2840178154952788e-08
327	chr4	185291857	185298378	36.53469915148808	-5.3511940973557754	0.8594424444442295	-6.226355391158508	4.774104577449037e-10	1.4094975419135254e-08
224	chr15	53940089	53942424	63.55652108877539	-4.151630711573425	0.6684424051196587	-6.210902659340166	5.268110092719269e-10	1.4434609418352188e-08
189	chr13	91104832	91109878	127.89397409547757	-3.8026870704169657	0.6125128529554795	-6.208338408032336	5.354774461646779e-10	1.4434609418352188e-08
183	chr13	2688116	2691902	52.03940892560925	-5.179478451786394	0.8440078932116243	-6.136765418244383	8.421860284214927e-10	2.0886213504853022e-08
592	chr9	51532241	51537055	84.96235638298118	-3.6247516758492866	0.5904207307850091	-6.13926897693769	8.290209243196092e-10	2.0886213504853022e-08
18	chr1	145491052	145493998	45.8676094367082	-7.094838234073697	1.15939641769358	-6.11942397423278	9.391422353042028e-10	2.2394930226484835e-08
180	chr13	23856376	23868554	412.0914693124027	-4.55611153338021	0.7478817229537692	-6.092021496909678	1.1149370771312265e-09	2.4687892422191444e-08
156	chr12	1977895	1982353	36.801597683194	-4.791378226493484	0.7859813704200777	-6.096045538500069	1.0872445284313613e-09	2.4687892422191444e-08
476	chr7	173796628	173802589	150.04354167831048	-5.524237853584463	0.9127980755062886	-6.051982362605676	1.4307413779559183e-09	2.9568655144422315e-08
538	chr8	144174699	144176161	34.888004190164736	-5.186517899134708	0.8569206752640566	-6.052506432449543	1.4260930226721602e-09	2.9568655144422315e-08
101	chr10	62366246	62373925	115.30127878420593	-3.3975448944922793	0.5754013069352548	-5.9046527241805125	3.533903640969702e-09	6.846938304378798e-08
284	chr3	145797645	145798626	32.671352114438044	-5.453080360776256	0.9229243661870798	-5.908480218487263	3.452782647210321e-09	6.846938304378798e-08
593	chr9	51691288	51697366	78.69912002509194	-3.664083739718439	0.6240983492445408	-5.871003735474934	4.331645095987802e-09	8.138242301552841e-08
432	chr6	188947587	188949428	60.61285875120359	-3.855353498806698	0.6582673652923093	-5.856820043166951	4.718138912108064e-09	8.603665075020586e-08
240	chr2	148587595	148589061	62.690434091815014	-3.621086327244977	0.622009788996672	-5.821590578318617	5.829020027384921e-09	1.0325692619939004e-07
311	chr3	72841490	72843611	33.00458327633398	-4.992454624126421	0.8584646483528363	-5.815562275867275	6.043040969046053e-09	1.0407459446690425e-07
533	chr8	136827164	136831789	67.46402754834365	-4.200093496435477	0.7262410540932476	-5.783332507523315	7.323510266297671e-09	1.1948885171327777e-07
390	chr5	28918047	28920226	41.84295037456018	-4.092614631130986	0.7075130006016181	-5.784508026920949	7.272485067000553e-09	1.1948885171327777e-07
100	chr10	62329389	62331923	28.8138810265267	-5.577457720104497	0.9692767092538745	-5.7542471276317855	8.702876764477505e-09	1.3835342548656548e-07
521	chr8	111831027	111835154	48.81517237519959	-5.09342128957238	0.888141095042383	-5.734923558884882	9.755633476704138e-09	1.5121231888891413e-07
595	chr9	51846550	51850520	48.94279218564304	-3.7344422417207257	0.6516546872176922	-5.730707251819698	1.000127456828028e-08	1.5123878615448228e-07
145	chr12	106833953	106836255	35.5033859330899	-5.078765035896965	0.8898756224364118	-5.707275160535011	1.147991162300103e-08	1.6946536205382474e-07
488	chr7	22053375	22056249	28.523428758407906	-5.246597061123104	0.9240581441647462	-5.677778064350583	1.3645559641547876e-08	1.9674992971534147e-07
409	chr6	110136969	110138942	30.012822197209246	-4.390493646658502	0.779943307450813	-5.629247157730612	1.8099788315491697e-08	2.550424717182921e-07
457	chr6	67310696	67313067	27.11039362343452	-4.920398554084024	0.8819252383953703	-5.579156077942053	2.4168830472592873e-08	3.231580879981791e-07
44	chr1	250729040	250730369	43.6214144411153	-3.8387428984600356	0.688339196874204	-5.576818690395713	2.4495694276716742e-08	3.231580879981791e-07
379	chr5	193486764	193488586	77.2643166271839	-3.8782297557676797	0.6954213027027817	-5.576806089624793	2.4497467961152284e-08	3.231580879981791e-07
474	chr7	171066223	171067760	33.976276986355586	-6.7270039210363715	1.2084499592885127	-5.566638377808349	2.5970056091515754e-08	3.2860070972938303e-07
321	chr4	141307666	141363399	630.6184309741226	-3.079381056833409	0.5529418269504339	-5.569086849183949	2.560778281357997e-08	3.2860070972938303e-07
227	chr15	55684445	55687304	43.017155440527176	-4.311056733231662	0.775281742070343	-5.5606323473054395	2.6879892060843057e-08	3.333106615544539e-07
386	chr5	23994196	23998087	47.384529643221775	-3.6378589428311283	0.6553246776522687	-5.551231422970257	2.836642667858968e-08	3.4484675570050197e-07
96	chr10	62184063	62190427	187.32941649174873	-3.4743251178279144	0.6273894860284176	-5.537748392663604	3.063849866756767e-08	3.584126259224897e-07
152	chr12	119842214	119843989	44.135214927370534	-3.933477200841861	0.7101032293423603	-5.539303355210379	3.0367721964989046e-08	3.584126259224897e-07
143	chr12	106139487	106143071	62.60984954472693	-3.2664935088791665	0.5919951386310426	-5.517770832430752	3.433267321632144e-08	3.9418995174294985e-07
276	chr3	102220619	102222054	32.23210102497569	-4.391279822185493	0.7974924160505172	-5.506359350641557	3.663303835067685e-08	4.1295425049853904e-07
428	chr6	177692071	177693364	27.69709431922719	-5.542281712603503	1.0127978311905812	-5.4722487962759025	4.443603869988529e-08	4.919704284630157e-07
308	chr3	64113658	64115029	25.47657215155829	-4.711935151527917	0.8638003387389224	-5.454889214800442	4.900338745770473e-08	5.330193021715251e-07
439	chr6	25443703	25449455	86.5174282771357	-3.2278208793629766	0.5950292307620965	-5.424642542735044	5.807063311468202e-08	6.207550436397044e-07
334	chr4	206819483	206820494	23.934112663373785	-4.998856473635239	0.9224093892684586	-5.419346910160701	5.981714644753604e-08	6.285869626690228e-07
154	chr12	1288669	1291417	32.17565342260509	-4.463552684478625	0.8252937958323371	-5.408440857085298	6.357577436524872e-08	6.569496684409035e-07
163	chr12	44494686	44496160	30.338772407181832	-6.570594262019746	1.2164679599891408	-5.401370589389301	6.613364050711806e-08	6.721779854821835e-07
467	chr7	12273331	12289784	108.73422668481639	-3.199673373711807	0.5939253718848151	-5.387332357191076	7.151112389502067e-08	7.151112389502067e-07
132	chr11	39565977	39567540	37.74353850356147	-3.604704080232258	0.6701825484303513	-5.378689863940671	7.502982907860583e-08	7.383887941069145e-07
135	chr11	4793096	4810415	571.0668586689303	-3.0865968096541168	0.578604644875818	-5.334552421915956	9.57805148990225e-08	9.278737380842805e-07
609	chrX	12860704	12864401	26.600531338969343	-4.678034152928105	0.8787602583009392	-5.323447560058037	1.0181881507852844e-07	9.711948515182713e-07
127	chr11	2855553	2856782	32.55358098682464	-5.788922386851376	1.0910277114093823	-5.305935244644965	1.1209674998186326e-07	1.022058602775812e-06
124	chr11	22700801	22702313	25.528533128094693	-5.422809601252511	1.0219795584634803	-5.306182062394247	1.119451507715668e-07	1.022058602775812e-06
329	chr4	189188594	189193658	27.821796351120465	-4.822979423469459	0.9087712469051489	-5.307143508219783	1.1135650563781468e-07	1.022058602775812e-06
423	chr6	175230366	175232246	31.08148967668585	-3.928792555573658	0.7436303894388945	-5.283259817472124	1.2690520938378547e-07	1.1311277570484893e-06
601	chr9	55294448	55297317	30.67601753190681	-4.76798317149216	0.902667247245304	-5.282104990562972	1.2770797256999073e-07	1.1311277570484893e-06
27	chr1	18268900	18270629	23.972681906591475	-4.211660449972287	0.7996279564498564	-5.267025015822337	1.3865231912051189e-07	1.1939505257599634e-06
301	chr3	26256493	26286056	345.57837165172685	-2.862445361091674	0.5432729402648141	-5.268889997901235	1.3725117885701785e-07	1.1939505257599634e-06
447	chr6	49071946	49073188	43.172942312300755	-3.763071730809608	0.7150066074747796	-5.262988749292562	1.4173225489698987e-07	1.2037533977552566e-06
19	chr1	145522307	145523805	26.680841888183394	-4.319730820351952	0.8216764508990669	-5.257216287049925	1.4625227165766553e-07	1.2090187790367018e-06
87	chr10	31612303	31615217	58.01336363608606	-3.6855402577130065	0.7008331262234994	-5.258798592430787	1.4499959354157743e-07	1.2090187790367018e-06
182	chr13	2664025	2667518	46.54747207575247	-3.6849043109924557	0.7016292498756644	-5.251925160824547	1.5051762327513357e-07	1.2279069267181948e-06
147	chr12	115556476	115565970	89.26667956629075	-3.5687885707978957	0.6798403375341492	-5.249451045729735	1.5255313245260753e-07	1.2283498976703465e-06
43	chr1	249250984	249253447	29.641995611428698	-4.650334917406701	0.8872682161961942	-5.24118280416168	1.595505542325124e-07	1.2682223541558678e-06
68	chr10	107342319	107343935	23.46549422762021	-5.290917410169726	1.0107104668206293	-5.234849725869817	1.6511914829015092e-07	1.2958717967075136e-06
485	chr7	196255304	196258163	79.1444986179355	-3.4753394600383167	0.6643797894379314	-5.230953011045793	1.6863837533801492e-07	1.3069474088696156e-06
400	chr5	63330533	63332895	55.452922761799734	-4.043859199164064	0.7736493738495602	-5.226992143795636	1.722898179325646e-07	1.318761569360371e-06
600	chr9	55284622	55287609	33.633652480664885	-4.958172323788876	0.9501015628469239	-5.218570853553806	1.8030900145951898e-07	1.330852153629783e-06
133	chr11	41433292	41435293	31.744492028256193	-5.181090042101029	0.9921861271726137	-5.2218932518894805	1.771030566185594e-07	1.330852153629783e-06
543	chr8	145535455	145537053	37.20839688641124	-3.8284584303689115	0.7334541184032509	-5.219765400872746	1.79149917391855e-07	1.330852153629783e-06
332	chr4	204105774	204107787	26.05168723912195	-4.5219083027477	0.868112726041038	-5.208895304840787	1.8996826082929117e-07	1.3856508436960061e-06
570	chr9	10513082	10517605	190.86281498184576	-2.80507880873285	0.5406531803591771	-5.18831463613943	2.1220584564607095e-07	1.5298560965181859e-06
384	chr5	197552977	197554334	23.090255262237957	-4.4631750814914115	0.8612518093959304	-5.182195303162055	2.1928941654614498e-07	1.5627521638920677e-06
612	chrX	40355022	40356853	42.68740726211868	-3.469584546445051	0.6719694684471889	-5.163306830684869	2.426249463059584e-07	1.7094030307919797e-06
225	chr15	54360444	54362106	29.16946875192183	-4.168230790742005	0.8089804863627872	-5.152449114665989	2.5710639398038605e-07	1.7910782502004423e-06
216	chr15	19220193	19222526	23.051400214728474	-4.820138072118186	0.9362910999443677	-5.1481190757923345	2.631114545084175e-07	1.8125455755024318e-06
151	chr12	119835793	119837738	34.11700686052934	-4.455868530969097	0.8700876559018788	-5.1211719885284674	3.0364254448750727e-07	2.068773380024775e-06
431	chr6	188942408	188943527	27.89775507064573	-4.245045194336373	0.8342121312182802	-5.0886879193867935	3.605493881147385e-07	2.429789354686281e-06
403	chr5	66005790	66007075	28.811347777252294	-4.024045006098646	0.7928146446273151	-5.075644141248504	3.861854667164507e-07	2.5745697781096714e-06
187	chr13	4287160	4290547	89.8380490508901	-3.0194905691307232	0.5956474109867393	-5.0692582783641855	3.9936898202555654e-07	2.634135838891969e-06
361	chr5	121197533	121199917	21.47548422620603	-5.029776887524522	0.9927962404527446	-5.066273100743003	4.056797859764602e-07	2.647594392688477e-06
228	chr15	9952765	9954163	31.48683508368288	-7.357060221519698	1.4564351064242564	-5.051416427047181	4.3854580789763364e-07	2.8322750093388837e-06
270	chr2	90993496	90995206	19.911952731063263	-5.433147533242955	1.0773021863380237	-5.043290176279474	4.575945016603454e-07	2.924830835354785e-06
422	chr6	175227547	175229441	26.81785174514619	-4.106683942135078	0.8200391392835918	-5.007912117125027	5.502364629087023e-07	3.4459253232666205e-06
611	chrX	30381278	30383246	23.116168206731903	-4.472402963883061	0.8929296616781275	-5.008684508786335	5.480332200893222e-07	3.4459253232666205e-06
563	chr8	77310100	77312004	19.45819398983455	-4.5579435166546745	0.9117930926278099	-4.998879190363868	5.766451578338583e-07	3.5751999785699217e-06
336	chr4	207715271	207721579	112.28373904902234	-3.079330868746778	0.6163932604298156	-4.995724428588882	5.861531188096944e-07	3.5981676600199067e-06
354	chr5	114258070	114259713	28.015098214838	-3.757828781772063	0.7528905080341699	-4.991202228839248	6.000463275091582e-07	3.6473404221144906e-06
374	chr5	18266531	18267484	76.28031361560086	-3.181792470654121	0.6384794531188451	-4.983390546260647	6.247966286241168e-07	3.760911745116043e-06
528	chr8	115895303	115897120	47.88062443028779	-3.624553354126712	0.7287057295674578	-4.973960279244901	6.559875578889383e-07	3.910695056645594e-06
566	chr8	84462567	84463852	40.326940373757004	-3.2821646101918467	0.6651689117688	-4.934332546396373	8.042531130255817e-07	4.748923143579626e-06
416	chr6	13957190	13958105	20.3433698332073	-5.896251828889501	1.1976437132438293	-4.923210270038864	8.513588802790143e-07	4.979646280877253e-06
296	chr3	202144820	202146276	19.519766226208986	-4.884410226852036	0.996624553567683	-4.9009531316151	9.53728092730276e-07	5.526274929838982e-06
341	chr4	4380434	4382322	28.400479268609192	-4.810749052159317	0.9844201865857621	-4.886885821433943	1.0244346409880925e-06	5.841666182070892e-06
42	chr1	249245574	249248385	43.05867687439284	-4.231083047062964	0.8658909164809149	-4.886392692810078	1.0270026029769794e-06	5.841666182070892e-06
616	chrX	89242654	89247084	103.77826741821065	-3.520386138692062	0.7244218499996652	-4.859580282805784	1.1763487304239845e-06	6.630329207844276e-06
307	chr3	61077240	61081698	31.908655956217203	-3.3506077278475446	0.6916330229543608	-4.844487779856403	1.2693873013394322e-06	7.090271412886919e-06
162	chr12	44473746	44475085	21.759682233983742	-4.194688447376604	0.8680266706811133	-4.832441892695721	1.3486848326146278e-06	7.465933894830975e-06
253	chr2	229090658	229093742	39.69471988761354	-3.249002310518747	0.6754244253623733	-4.810312136366135	1.506947810507458e-06	8.268209225793132e-06
324	chr4	176881412	176884529	33.835867731484704	-3.5116843457943667	0.7304560203788688	-4.807523311222688	1.5281160506085352e-06	8.310806591028875e-06
45	chr1	257531087	257532954	23.97936602735553	-6.9563958865184015	1.4477946159974224	-4.804822320551292	1.5488899212087384e-06	8.350536966516676e-06
504	chr7	7476400	7477161	19.872986892185025	-4.253120954185027	0.8860944537390855	-4.799850553446052	1.587840733714086e-06	8.486734956058045e-06
170	chr12	86514662	86516955	19.101257962318055	-5.89094026246539	1.2283569563055021	-4.795788579390979	1.6203611186982456e-06	8.586529005067626e-06
346	chr4	64664918	64667598	23.269466270353647	-3.591174779960258	0.7510407838403241	-4.7815975606509316	1.739075665780446e-06	9.137516210032852e-06
95	chr10	62181117	62182898	22.11854709053522	-3.638482438231718	0.761675581611107	-4.776945101135509	1.779783382907422e-06	9.272820986576484e-06
608	chrX	12848271	12850405	26.16818499184669	-4.238672128761698	0.8879354863468751	-4.773626230662716	1.8093805047799613e-06	9.348465941363134e-06
289	chr3	19213319	19215313	35.90510497484563	-3.07046954730111	0.6460774705983688	-4.752478900800201	2.0093774404806943e-06	1.021159027129533e-05
454	chr6	61800249	61803246	183.4243566380783	-3.1016571635594024	0.6524501935151272	-4.753860439291125	1.9956882337415013e-06	1.021159027129533e-05
500	chr7	64533135	64534921	18.333687469496386	-5.175531341676463	1.0918196978524715	-4.7402802421098915	2.134228208184693e-06	1.0757898285158616e-05
599	chr9	55279133	55282248	28.88126149146048	-3.6125915328832106	0.7626580473407808	-4.736843131046102	2.170730594922455e-06	1.0853652974612275e-05
278	chr3	121723252	121724425	17.573033324356135	-5.774096298538942	1.2250671635801047	-4.713289581335991	2.4374941254078105e-06	1.208997086202274e-05
111	chr10	92194502	92195368	16.981271276148902	-4.50061591928322	0.9561938681931641	-4.706802740523363	2.5163218337027386e-06	1.2381901086473794e-05
179	chr13	23810513	23826027	146.8311422125626	-2.691359382697598	0.5720501645825884	-4.704761136921305	2.541633530897815e-06	1.2407974717768861e-05
97	chr10	62291087	62293291	24.933194855892577	-3.5927154488866835	0.7655827994467922	-4.692784962622944	2.6951073947813063e-06	1.2853589113572383e-05
557	chr8	50982819	50983458	18.787441191601456	-4.258975465907354	0.9074144677889249	-4.693528279624082	2.685328490127673e-06	1.2853589113572383e-05
552	chr8	39900034	39901688	19.805060444409524	-4.034934331717358	0.8596213759508686	-4.693850623775058	2.681098399365805e-06	1.2853589113572383e-05
28	chr1	201101012	201146577	177.63621274528134	-3.6194521838212594	0.7734786119723073	-4.679447017406146	2.876496780778252e-06	1.3613954229637528e-05
71	chr10	111011770	111013071	17.278626028905872	-5.7540498709995775	1.2300791615871176	-4.677788268175666	2.8998574526503657e-06	1.3620542580630507e-05
106	chr10	76165052	76167298	22.962472368678153	-6.882726020105444	1.4726364716499134	-4.673744099515728	2.957578087126597e-06	1.3787206120439776e-05
172	chr12	86540952	86542408	16.88153718192849	-5.073463751242959	1.089349630191396	-4.657332788878409	3.2033240981360876e-06	1.4821350304808762e-05
298	chr3	204674819	204699416	706.6584882783912	-2.463732815148556	0.530972669856121	-4.640036964268161	3.483468631991946e-06	1.599815223581486e-05
107	chr10	78937142	78938322	16.954529329139415	-4.8249577704499345	1.0402244863497052	-4.638381266510456	3.511485687978607e-06	1.600824357754953e-05
212	chr14	70441986	70444381	25.468913675262886	-3.7377730762848644	0.8077082566016663	-4.627627668449358	3.698782204832309e-06	1.6739014357635266e-05
269	chr2	90838236	90839543	18.4681120880817	-4.3757350076754005	0.9472506637217043	-4.619405586355927	3.848409435588539e-06	1.7289955435252856e-05
350	chr4	9333123	9334199	26.548448233000524	-3.694504801012344	0.8009227959311913	-4.612810148220261	3.972611316193792e-06	1.7719561266475903e-05
572	chr9	107643751	107644220	17.600047966750658	-5.780647649526866	1.2553478948875445	-4.604817256689393	4.128282159793598e-06	1.8282392421943077e-05
565	chr8	8439082	8440400	31.022932231548463	-3.251226985884458	0.7116479818323944	-4.5685887810894945	4.910190756658323e-06	2.1590909710128796e-05
213	chr14	7324481	7325886	25.825670689783323	-3.342883630176236	0.733213488301129	-4.559222768694242	5.13432858209173e-06	2.24174909922315e-05
319	chr4	103319068	103321186	41.29962239093678	-2.988028853966713	0.6563192282231809	-4.552706557228331	5.296012013673405e-06	2.2790104180923424e-05
621	chrX	95820467	95821358	16.328640295891017	-4.17755246994323	0.9180400971883518	-4.550511990421408	5.351553727769825e-06	2.2790104180923424e-05
513	chr8	100191325	100192643	21.307090574447816	-3.708383576160004	0.8147776136813013	-4.551405823982949	5.328864944346395e-06	2.2790104180923424e-05
190	chr13	91131485	91133383	21.644001415715792	-4.048142724582487	0.889717881237647	-4.549917237755518	5.366701952281967e-06	2.2790104180923424e-05
397	chr5	63144582	63146242	15.913984458628917	-4.410604611189829	0.9698610636231488	-4.547666440709514	5.424401778388472e-06	2.2878429269393557e-05
433	chr6	197161790	197167817	58.72394966870585	-3.0831435593950305	0.6812659774708794	-4.52560917666965	6.022178187600051e-06	2.5113468415185662e-05
137	chr11	52971748	52974530	30.729580283180482	-3.389361708867349	0.749005760488988	-4.525147719364141	6.035333538488168e-06	2.5113468415185662e-05
522	chr8	111857982	111860849	34.91939360532483	-3.1103291302575244	0.6878395860275072	-4.521881545406054	6.129235830776092e-06	2.533417476720785e-05
32	chr1	210385128	210387238	38.40965403655921	-2.9375541730664714	0.6506631214940845	-4.514708266116445	6.340398612932692e-06	2.6033424768332903e-05
562	chr8	7254108	7257837	99.77369738020222	-3.5811836593466664	0.7938534157032942	-4.511139699731604	6.448023507789003e-06	2.6301148518613038e-05
160	chr12	41369598	41371261	14.499848012075367	-4.841641793049675	1.0738805341702355	-4.5085478682139515	6.527284326390066e-06	2.6450433218051245e-05
266	chr2	87454780	87461219	34.49408847295805	-4.454168238077973	0.9895376183731881	-4.501262160604545	6.755112529825728e-06	2.7020450119302913e-05
297	chr3	204665603	204673702	90.01317260233732	-2.6025677197179773	0.5780901307281097	-4.502010294553931	6.7313720392961654e-06	2.7020450119302913e-05
356	chr5	119144556	119146051	33.23753953544506	-3.1669553142671143	0.7046322070677856	-4.494479932227186	6.974017958729402e-06	2.7717250861616855e-05
380	chr5	19427864	19429077	19.223667504192505	-4.212034224558155	0.9377627034304563	-4.49157788974758	7.069743613096891e-06	2.7918732739618295e-05
22	chr1	152518098	152519634	44.26139663759113	-3.2225681678098925	0.721434063514003	-4.4668921676822695	7.936410758532156e-06	3.114287766006289e-05
74	chr10	11396507	11397914	14.344143873879254	-4.824585174627074	1.0827747951693008	-4.455760511005162	8.359631314330613e-06	3.259730449613195e-05
387	chr5	24108922	24110307	14.271728923267707	-5.463747952329946	1.2279008769148456	-4.449665323195998	8.600420490571842e-06	3.332662940096589e-05
574	chr9	131891741	131893224	17.6561101048276	-4.387956651029222	0.9873062129443252	-4.444372570029255	8.8148735598042e-06	3.394547582036401e-05
2	chr1	10563775	10566069	30.005994120852037	-3.0795189880236724	0.693610717433506	-4.43983766487705	9.002675986473343e-06	3.424330743321149e-05
91	chr10	39885396	39886819	33.79777087345453	-3.6341386646414704	0.818509690926052	-4.4399458001894265	8.998153653648357e-06	3.424330743321149e-05
250	chr2	225686369	225689418	121.13981820273942	-3.191308120625443	0.7210066432958602	-4.4261840723649355	9.591468628294778e-06	3.604066999722887e-05
559	chr8	54548669	54550563	14.649888010537161	-5.485389580034026	1.2391580513367049	-4.426706967780926	9.568257411561425e-06	3.604066999722887e-05
31	chr1	210355206	210357001	17.49659252541218	-6.5054085808585365	1.4719539974580547	-4.419573296511202	9.889597574703746e-06	3.693705118262845e-05
424	chr6	175255485	175258145	59.75120733950819	-2.7125234273748084	0.6159816277198799	-4.403578459662013	1.0647974939963396e-05	3.953140396872638e-05
90	chr10	39328679	39330079	46.405530304068776	-2.9817264324412758	0.6774294740664677	-4.401530412520428	1.074899977336962e-05	3.966892773505455e-05
398	chr5	63242109	63245314	66.2567130115499	-2.524576562119212	0.5754953257613791	-4.386788995686808	1.1503628764380563e-05	4.220266173914763e-05
222	chr15	48539666	48541818	29.48156234344367	-3.2277778620052895	0.7371302141823055	-4.378843520321366	1.1931075872540287e-05	4.351333553514693e-05
362	chr5	121211554	121212532	18.912971114386323	-3.9946166082169396	0.9141059508648471	-4.369971122535175	1.2426296842285877e-05	4.5054409603609615e-05
425	chr6	176186762	176187760	16.26037158396588	-3.7475546076187602	0.8582934696745333	-4.3662858218411476	1.2637708746665694e-05	4.555453152867867e-05
435	chr6	197802443	197804093	16.525851199574877	-6.418924178451093	1.4727256821768047	-4.358533470376789	1.309368995894622e-05	4.6925362858651196e-05
364	chr5	146439313	146440964	16.861870021327125	-3.5062025259004206	0.805588753055521	-4.352347910272742	1.3468730304997066e-05	4.799202752355276e-05
325	chr4	177392129	177393851	13.128561230030884	-5.345962129746507	1.2311424558956479	-4.342277454689315	1.4101329479422502e-05	4.9958995869954005e-05
146	chr12	106867985	106871202	78.86175867665723	-2.6989435475009604	0.6226368603077931	-4.334699275861648	1.4595951617882268e-05	5.141755683572163e-05
86	chr10	31604743	31606238	39.450506587791246	-3.223455668205438	0.7460923321934116	-4.320451409450771	1.5571034179347727e-05	5.4542605599975096e-05
93	chr10	57701793	57702407	13.241353862541088	-4.821009552078691	1.116763796148987	-4.316946491911099	1.582024891587266e-05	5.5104237796859826e-05
337	chr4	210603720	210605235	26.30968994020761	-3.215448580432579	0.7452466155391624	-4.314610108099993	1.5988483005643036e-05	5.537910314803733e-05
117	chr11	104608115	104609925	28.94223107281788	-3.1286841034430375	0.7264462719162865	-4.3068348264626755	1.6560717624346995e-05	5.7042471817195204e-05
175	chr13	13372894	13375715	94.3122408812293	-2.735612522739374	0.6356274306123665	-4.303798720744118	1.6789420885512055e-05	5.7510723475234667e-05
118	chr11	106097049	106098991	18.144896615447212	-3.7995814991196952	0.8855322089105289	-4.290732127964407	1.7808502576147307e-05	6.066632745720511e-05
41	chr1	249235104	249237143	15.61269194629203	-4.103237226340481	0.9582985458599479	-4.281794273890252	1.8539234332692814e-05	6.276165466562667e-05
596	chr9	55198988	55200945	37.653970145587024	-2.9754425575540235	0.6950742602402232	-4.280754917504335	1.8626039449153722e-05	6.276165466562667e-05
617	chrX	93469975	93471818	25.577117279035594	-3.074147358837337	0.7199058651191983	-4.270207408753832	1.9529126913831606e-05	6.54489658733816e-05
382	chr5	194319626	194320961	20.15847775332853	-3.3832272572199784	0.7931693183427649	-4.265454019690068	1.9949609791572283e-05	6.614309128756585e-05
317	chr3	94402607	94404506	14.566469228502555	-4.2870760206438705	1.004856845630564	-4.266354993037502	1.9869253567162366e-05	6.614309128756585e-05
396	chr5	62174728	62175935	35.883667548014856	-3.170517059724901	0.7446660417654325	-4.257636150841968	2.065998382687784e-05	6.813398921629927e-05
468	chr7	139667172	139669012	23.608196997801713	-4.347426648771988	1.0216966012389421	-4.2551053252992705	2.0895063242156147e-05	6.854465190548577e-05
527	chr8	115873784	115874992	18.300167568526824	-4.390625284583338	1.0327547437144193	-4.251372662585851	2.124642979898024e-05	6.933045513351447e-05
196	chr14	13356742	13357777	13.418900779510068	-4.147031410933504	0.9765864089759795	-4.246456199694569	2.171782122702124e-05	7.049763958509513e-05
119	chr11	12200814	12203326	88.13362424953861	-2.781137335170741	0.6553777796833973	-4.243563668750357	2.1999791696148557e-05	7.104099401881305e-05
426	chr6	176189851	176191279	37.57803241807124	-2.905059878560851	0.6873805647143483	-4.226275847307515	2.3759071301481982e-05	7.632447775605611e-05
575	chr9	133758686	133761282	20.80323006668407	-3.1997459337631553	0.7592703494242155	-4.2142379670029895	2.506229324125085e-05	8.00959887091522e-05
339	chr4	30249419	30252824	103.31561886630801	-2.5295304698149708	0.6005424525429683	-4.212076030768174	2.5303433980670483e-05	8.043947598702258e-05
89	chr10	36111031	36112918	46.65038850351099	-2.880541990992627	0.6840589523016493	-4.210955768213374	2.5429253699123267e-05	8.043947598702258e-05
191	chr13	97858711	97860879	20.95619556835206	-3.3125644912708507	0.7938095020243204	-4.172996774192509	3.0061919961676576e-05	9.46111186611141e-05
606	chr9	93780990	93782866	22.323519471727057	-3.4224885347355904	0.8239016489233223	-4.154001317035973	3.267112918497582e-05	0.00010230353583174247
589	chr9	30785711	30787298	11.613605486467087	-4.659368419705923	1.1232188334294975	-4.148228538404742	3.3505783547340467e-05	0.00010438987838869894
481	chr7	192523710	192527126	29.370189405291907	-3.0235779442760675	0.729613553885551	-4.144081381402562	3.4117857658478354e-05	0.0001057653587412829
536	chr8	139696702	139698138	11.729986591600086	-5.177069137159971	1.2500892599081073	-4.141359583827263	3.452532069918176e-05	0.00010649601409697858
537	chr8	143446851	143448922	29.84653662266682	-2.728601122151074	0.661025058886098	-4.127833106280533	3.6619773274589404e-05	0.00011075248502558747
279	chr3	121727690	121730776	50.52535173214511	-2.9760770234731115	0.7208136130452696	-4.128774720138649	3.647015111314509e-05	0.00011075248502558747
282	chr3	12620937	12622085	21.30248901692077	-3.143484543403569	0.7612473470650603	-4.129386533198533	3.637324549034669e-05	0.00011075248502558747
429	chr6	182015359	182016562	34.62287339845087	-2.92220607316499	0.7075478646159915	-4.130047194405658	3.6268877325635547e-05	0.00011075248502558747
436	chr6	197813325	197814851	11.2408429688293	-5.127623189451885	1.245537831142794	-4.116794417032871	3.8417847213244406e-05	0.0001156265304476288
202	chr14	39083480	39085133	13.18144686339096	-4.442068268272174	1.0795172644593232	-4.114865425979997	3.874053679083082e-05	0.00011603445802084594
399	chr5	63309929	63311973	16.918593961307	-3.8836433532971864	0.9445313693034918	-4.111714527979128	3.9273171619613996e-05	0.00011706426155846479
219	chr15	30669227	30671304	15.000067018210752	-3.4869636206673613	0.8488097222277015	-4.108062772320543	3.989916746294741e-05	0.00011779754203346379
29	chr1	206558541	206602099	167.94235793894467	-3.0885003039331385	0.7516722846961134	-4.108838874086943	3.9765338325135204e-05	0.00011779754203346379
186	chr13	38652808	38656230	45.626302706982635	-2.7597502723870195	0.6726565882804344	-4.1027625692955585	4.0824613932197385e-05	0.00011939273885831311
539	chr8	144182531	144184245	31.981993311571596	-3.0128669164450086	0.7342584643878607	-4.103278426564393	4.0733655226941515e-05	0.00011939273885831311
613	chrX	40363468	40366124	52.93089339250932	-2.7609048903267173	0.6752743800227727	-4.08856750974857	4.3404523347492384e-05	0.00012592502819661349
65	chr10	103701386	103703715	40.411674879097895	-2.8307262239978868	0.6925890767649793	-4.087165563193621	4.366755010043855e-05	0.00012592502819661349
161	chr12	44468943	44471068	79.55233660460654	-2.4625154209396647	0.6024218200415282	-4.087692940421563	4.356842910707303e-05	0.00012592502819661349
561	chr8	71629398	71630487	14.254250434199848	-5.473857259700107	1.3422723301121298	-4.078052670014316	4.5414479788439585e-05	0.00013035637717052104
5	chr1	114705757	114706856	53.90209947086368	-2.4503662146856153	0.6025878668582954	-4.066404833972277	4.774396877907897e-05	0.00013641133936879705
402	chr5	64363524	64366776	56.98883509075296	-2.543810487795476	0.6260811312384882	-4.063068444122272	4.843182082922396e-05	0.00013711291741606783
598	chr9	55272897	55275753	23.72449063601599	-7.903898647165778	1.945026997077519	-4.063644699555175	4.831234885144558e-05	0.00013711291741606783
25	chr1	182648675	182649868	12.089811247084462	-5.247346392134736	1.2921189056608433	-4.06103986958617	4.885462673572701e-05	0.00013768122080068523
166	chr12	71478260	71479592	23.06119551230692	-7.8790305852733065	1.941116079045289	-4.059020823292802	4.9278919583811474e-05	0.00013824855267856613
370	chr5	170278976	170280855	17.098080995105608	-3.6696409640817516	0.9053739174716583	-4.0531772489421485	5.052669072402232e-05	0.00014047779483808897
33	chr1	210757066	210759597	22.01173165510833	-3.076031467198987	0.7588685754659844	-4.05344425457352	5.046903037781576e-05	0.00014047779483808897
347	chr4	83968137	83969121	22.402545069182352	-3.2081058361165047	0.795818744369823	-4.031201650894608	5.549240644208747e-05	0.00015359505354506353
268	chr2	90730239	90731726	21.293741209794486	-7.7418203005032185	1.92653278007352	-4.018525083288631	5.8563575687924714e-05	0.00016137518634005922
331	chr4	191411535	191412932	14.350541570861749	-3.558352923314101	0.8870088992434076	-4.011631592816341	6.030054946706444e-05	0.00016542628614858384
39	chr1	224182903	224186543	29.937333832389985	-2.8032851756214843	0.6990399127197309	-4.010193301716976	6.066905909854134e-05	0.00016570403806650058
103	chr10	71468756	71470365	11.893067860600127	-5.945395101605103	1.4842442641840385	-4.005671603436229	6.184151796158734e-05	0.0001681655312990533
322	chr4	149761582	149763077	10.578183921327446	-4.518288956996266	1.1299570154489031	-3.9986379085413835	6.370805655127361e-05	0.00017248469459296787
506	chr7	7594204	7597823	57.69136418940329	-2.5340302260437015	0.6358844418586624	-3.9850483189002737	6.746639573682254e-05	0.00018186593633404336
479	chr7	179527947	179529367	12.078552273810287	-5.979853623450948	1.501215123103044	-3.983342248171909	6.795278433411875e-05	0.0001823840964811845
24	chr1	178550272	178551276	12.802186078220934	-4.413545410238693	1.1091279658349378	-3.979293234136631	6.912044462634855e-05	0.000184718429604897
554	chr8	46203825	46206417	16.763046127869963	-3.2166623443272715	0.8111763265541797	-3.965429264918798	7.326397707474976e-05	0.00019495135530620106
548	chr8	153529732	153531196	22.972163406161723	-2.8978426305418936	0.7317946192705747	-3.959912459359641	7.497724288586145e-05	0.00019865765209074398
588	chr9	30783230	30784384	20.532289900678215	-2.8955449780695313	0.7317208244435882	-3.9571717536826267	7.584240025996307e-05	0.0001998190999807587
26	chr1	182651426	182652667	16.317793055009407	-3.6341146553278407	0.918520668181824	-3.956486534507089	7.606017354106299e-05	0.0001998190999807587
243	chr2	176549700	176551785	61.4725014075735	-2.911230512120042	0.7371444761568904	-3.949335043922149	7.836859524865492e-05	0.00020415348342086578
15	chr1	144692623	144694950	32.04450053174745	-2.6714400476289795	0.6762800591318537	-3.950197867815782	7.808661205884775e-05	0.00020415348342086578
59	chr1	74940323	74942153	15.061766591333694	-3.70051646935054	0.9374342238980429	-3.9474945281633063	7.897332244389197e-05	0.0002048680331180461
244	chr2	176871752	176873772	25.474594410645977	-2.943026862210073	0.7480454635125441	-3.9342887642025257	8.344341637536799e-05	0.00021556215896970064
77	chr10	134095647	134098698	79.50853984919334	-2.910639005126499	0.7401685609928731	-3.9324002105981437	8.41018957342301e-05	0.00021636172346565423
619	chrX	94543407	94544936	12.076567191614243	-4.005187332093589	1.0189929287441888	-3.9305349616406065	8.475706730675564e-05	0.00021714620549664667
257	chr2	42105614	42106940	30.01629858159501	-3.365789633183861	0.8566347585132545	-3.9290836610755884	8.527017202675252e-05	0.00021756175578842207
484	chr7	195313719	195315102	17.48051108163222	-3.899530488658017	0.9935731988102441	-3.9247541029966553	8.681837473174719e-05	0.00022058393916685323
66	chr10	104723807	104724893	15.006831558961006	-3.4702473718119733	0.8844117991883501	-3.923791354883232	8.716623402561135e-05	0.00022058393916685323
233	chr16	51853114	51855018	19.989882513313564	-7.676773425780456	1.958665095445781	-3.9193905296164306	8.87731709804779e-05	0.00022373726019470042
419	chr6	174376790	174378442	19.333163681497957	-7.624167094793283	1.9469624723207561	-3.9159291476765685	9.005669533641049e-05	0.00022605324335455264
252	chr2	229071635	229074774	94.22530121056127	-2.355963709555621	0.6022480012790106	-3.911949403820679	9.15540956917314e-05	0.00022888523922932853
16	chr1	144993554	144995893	22.31863895014396	-3.3440875554449954	0.8553656163874566	-3.909541711026899	9.247138800468897e-05	0.0002302500424213139
291	chr3	19229507	19230781	10.470787964607654	-4.494717092670082	1.151336313036072	-3.9039132543448747	9.464971733573668e-05	0.00023473129899262695
502	chr7	70380524	70382678	14.810265599873974	-6.265666060575936	1.6061077747137176	-3.901149200085758	9.573712002930635e-05	0.0002355437080086109
235	chr16	52132293	52145606	181.79320171224904	-2.1190078745946015	0.5431130339455699	-3.9015964304899478	9.556037944531049e-05	0.0002355437080086109
532	chr8	136763915	136766663	53.88463771241993	-2.684032439942863	0.6910420863324456	-3.884036143424747	0.00010273662532464954	0.0002507744397688296
201	chr14	39059280	39061474	15.548983804819505	-3.5434044636000235	0.9122284714068419	-3.884338819347935	0.00010260873533256954	0.0002507744397688296
232	chr16	50890714	50892170	14.685836201510327	-3.13967666879193	0.8089477848774816	-3.8811858162977066	0.00010394837878264769	0.0002527372346872218
247	chr2	198362474	198364211	13.658841682668886	-3.486544587390695	0.9016596732785526	-3.8668077221565897	0.00011026929966104612	0.00026705846011659606
349	chr4	87509964	87512478	15.228572979959816	-6.295173799196163	1.629714939477093	-3.8627453468739876	0.00011211986748891771	0.0002694353404772441
442	chr6	28723378	28724313	13.347722272675492	-3.9022993014592378	1.0100312591610814	-3.8635430993496542	0.00011175416467499695	0.0002694353404772441
70	chr10	109734746	109747831	168.26668294741043	-2.1382936767617107	0.553884948015798	-3.860537616018989	0.00011313782126624339	0.0002708318501354089
383	chr5	194901765	194902798	18.035519817393503	-3.2082297142101583	0.8314458767646205	-3.858615219422632	0.00011403130570458863	0.00027192080591094213
176	chr13	13380812	13385140	48.91168533238689	-2.6254643424977715	0.6806453119871562	-3.8573164264258004	0.00011463871654818923	0.0002723218554018288
64	chr1	98436315	98437006	17.00824175758251	-3.518373486100837	0.9162112122042959	-3.8401336277429374	0.00012296735908151385	0.000290991460421903
316	chr3	91824245	91826141	11.604691259592853	-3.770754678654433	0.9835308464413818	-3.8338956955928776	0.00012612964184227223	0.00029733984008444405
427	chr6	177034728	177036679	24.166898312472416	-2.775613294536348	0.7247454460107026	-3.8297767993085943	0.00012825954033012969	0.00030121558713894095
17	chr1	144997400	144998716	13.20017812929805	-3.4489817464602157	0.9026203604213899	-3.821076831072204	0.00013287024701354123	0.0003108662382958323
385	chr5	22696192	22697439	22.448634620535596	-2.894618560783499	0.7581284387110823	-3.8181110389484005	0.00013447739978335806	0.0003134435634048196
540	chr8	144242849	144244751	58.49417518280956	-2.9199678492929135	0.7649718804291793	-3.8170917441497285	0.00013503396848428702	0.00031356202419572266
248	chr2	199026038	199029236	49.46429265250466	-2.5375974021984122	0.6659407541544328	-3.8105452870510748	0.00013866060732751703	0.0003207820020263453
293	chr3	19591283	19593324	11.075556096595598	-3.583011970329258	0.9436752141602814	-3.796869851580832	0.00014653467217581978	0.00033773790613014223
123	chr11	17997295	18000092	125.98084666327664	-2.3350647037674688	0.6156539373064097	-3.7928202229709966	0.00014894599100643438	0.00034202412749625673
174	chr13	13365135	13368345	49.0714598132551	-2.211950326271973	0.5840258889341368	-3.787418277482258	0.00015222072740006168	0.00034697371686778767
555	chr8	46207024	46215954	49.16377304173222	-2.745499175616471	0.724890689354333	-3.7874664634772905	0.00015219121907313773	0.00034697371686778767
551	chr8	391063	393004	18.02178616159724	-2.9851731370106678	0.7893486572270874	-3.781818224024501	0.00015568703462675093	0.0003535749504343794
178	chr13	17388520	17403269	132.70551906091242	-1.9649988794349669	0.519912067791773	-3.779483111020914	0.00015715425175582556	0.00035560451127230605
541	chr8	144653838	144655702	32.5902101511823	-2.844595236820743	0.753463707352883	-3.77535800206563	0.00015977802312489955	0.00036022681577250077
81	chr10	144283833	144285496	58.43430648806875	-2.646940259420654	0.7039736302392667	-3.7599991615041195	0.0001699139265053287	0.000381690704468492
470	chr7	141927393	141928900	10.218973340957477	-3.735882117441831	0.9939275996838646	-3.758706487907259	0.00017079405324431354	0.00038228271845297616
381	chr5	194317891	194318777	25.827818681477197	-2.5679193862184895	0.6836259441492564	-3.7563223107545407	0.00017242859723124888	0.0003845529866308428
482	chr7	193049851	193051492	13.2160065913385	-3.1115998545520043	0.8290925101791613	-3.7530188927645827	0.0001747176816140668	0.00038826151469792625
120	chr11	13199153	13199981	9.201710813980176	-4.323698138073709	1.15838183335613	-3.732532756963949	0.00018956403545315233	0.0004197489356462659
579	chr9	142065088	142067810	22.760124145444546	-2.5909317477343703	0.694863583658464	-3.7286912261153295	0.00019247682112570995	0.0004246819540851963
365	chr5	147731674	147733583	9.09660353012289	-4.302056482836076	1.1555156212412105	-3.7230621583592027	0.00019682104107672816	0.0004327271115871328
226	chr15	54366550	54367924	33.95370128568426	-2.600065826388383	0.6985941757131159	-3.721854428193979	0.00019776503036178134	0.0004332661442554927
524	chr8	113861348	113862877	75.88249803898303	-2.481027547352392	0.6669409574034831	-3.7200107742842223	0.00019921427931234413	0.00043490441258328655
503	chr7	70464580	70465832	11.210916374361831	-3.722957860931405	1.003671718446966	-3.709338215379959	0.0002078016897295694	0.00045205981625380016
318	chr3	99173137	99175793	44.67460714246986	-2.4963998014431734	0.6747107090798762	-3.6999558000903687	0.00021563702052457287	0.0004674648696686545
377	chr5	188310093	188311404	13.495831284938802	-3.2853409659401653	0.8882117820713531	-3.698826149635834	0.0002165988924806104	0.0004679139837560225
392	chr5	35802899	35804371	10.513014187857811	-4.1342480013185465	1.1179863499802367	-3.697941393820801	0.00021735505382361066	0.0004679171297591618
157	chr12	1989796	1991742	14.144267182477103	-3.059705965672634	0.829170758691003	-3.690079436113904	0.00022418403619682174	0.00048094845135650336
256	chr2	232522265	232524854	13.23327428770861	-3.2764778735149305	0.8890738110365478	-3.6852709334616107	0.00022845947895707775	0.0004884306101840972
73	chr10	11385040	11387611	56.6487389796055	-2.442223525560325	0.6629251077502724	-3.6840112058032424	0.00022959214072018532	0.0004891653857268554
11	chr1	121052390	121053510	118.33042340265388	-2.2347113145989312	0.6082383090927831	-3.6740719569803346	0.00023871545815113508	0.0005068615892250128
150	chr12	119815309	119817320	25.652912099429553	-2.6962301790522334	0.7406460669214403	-3.640376016927152	0.00027224017547795816	0.0005760713610796384
584	chr9	28870457	28872251	14.951342191376973	-2.8970742072442732	0.7993904078483335	-3.6241042909710877	0.00028996459222456196	0.0006114899563919334
580	chr9	146021244	146022455	26.77244540637466	-2.64662917886091	0.7339343419123343	-3.606084397093166	0.0003108520738398658	0.000652583018291765
514	chr8	10187825	10191341	144.27134993106122	-1.999498691646983	0.5545694645089193	-3.6054972724067547	0.0003115557635715523	0.000652583018291765
139	chr11	70600354	70602067	13.127415477328137	-3.239941095701012	0.9036979605340203	-3.5852035051472733	0.00033681546179128405	0.0007031164522242293
105	chr10	76109067	76110633	13.431990268971012	-3.1154522382844236	0.8701002481730464	-3.580567003429723	0.0003428494084340576	0.0007133108497621333
542	chr8	145512408	145513700	17.98184403429608	-2.6820729287583536	0.7517880852618232	-3.5675916941730663	0.0003602773226546521	0.0007470633446350646
37	chr1	212363870	212365587	16.346011161855888	-2.9346381482697703	0.825053649396143	-3.5569058453563995	0.0003752485730115748	0.0007755137175572546
607	chr9	93815020	93816466	10.169407649300654	-5.717594115532678	1.6081695538450025	-3.555342844205933	0.0003774865285018484	0.000777547002229721
290	chr3	19223592	19225743	22.15639084016023	-2.851464844713584	0.8023346991568228	-3.5539592737422443	0.0003794779729510184	0.0007790607391709648
158	chr12	2124501	2127699	38.54465296893189	-2.5404464452534423	0.715698538989011	-3.549604067715512	0.0003858109377874204	0.0007894481235254147
75	chr10	117452022	117453887	37.945961725777465	-2.517982622501986	0.71286010614864	-3.532225468620846	0.0004120778466624028	0.0008404219241141109
35	chr1	211139060	211140267	15.65111674143742	-2.7253693246849915	0.7722632536501918	-3.5290677263267645	0.0004170263902083178	0.0008477257768169083
376	chr5	188307338	188309394	30.338890931101847	-2.4008315492834997	0.6828441663651721	-3.515928915470269	0.0004382182954561792	0.000887893278375265
615	chrX	88850031	88851255	9.443644700942075	-3.9432101514814195	1.1261756732735202	-3.5014165596557962	0.0004627918636458107	0.0009346285194149922
260	chr2	56204126	56208750	48.65250193592312	-2.356606514767917	0.675439317704613	-3.4889981275838635	0.00048483454504835786	0.0009759656426298113
333	chr4	205573058	205575479	168.5964319434649	-2.2479100189372923	0.6461843237992297	-3.4787442779805358	0.0005037690637866017	0.0010107987687627607
534	chr8	137147499	137149879	30.792170396638273	-2.430633367869252	0.6992737651738381	-3.4759395946521763	0.0005090669331242986	0.0010181338662485972
125	chr11	23666143	23666851	7.586471792394621	-5.30026528627225	1.528371516213009	-3.467916818683732	0.0005245096165860704	0.001045646180975446
458	chr6	67314635	67315751	10.613417125292969	-6.756331043735912	1.9503367150708557	-3.464186974242781	0.0005318367104356814	0.0010534784679556628
104	chr10	72389458	72390374	10.281859995201094	-3.5124744998818236	1.013813791720168	-3.4646150294741047	0.0005309909982531905	0.0010534784679556628
169	chr12	86507687	86509137	19.814209937112274	-2.5037731298067376	0.7240526798785715	-3.4579985674890916	0.0005442042779663416	0.001074543478787044
171	chr12	86531290	86534131	74.53901565386896	-2.3515414073060406	0.6816835417382328	-3.4496085988959306	0.0005613998715042342	0.0011049775248654769
511	chr7	8499974	8501812	12.20180774990043	-2.9629138009992584	0.8596684410248416	-3.4465773775143616	0.0005677359567090173	0.0011139123201252873
620	chrX	94699283	94701127	7.353863859078811	-4.516908474814333	1.3143670345690197	-3.436565552859764	0.0005891397679719353	0.0011522607449293372
408	chr5	99203635	99206466	62.31739561462328	-2.1902929910800437	0.6399820596717227	-3.4224287352735314	0.0006206436499315196	0.0012100599464073651
452	chr6	56595087	56598080	26.380636119258185	-2.428602253184036	0.7124256543685143	-3.408920268791725	0.0006522053862498783	0.0012676092146549358
602	chr9	55298381	55301294	17.43211353303946	-2.972092873748066	0.8746277625691818	-3.3981231798744522	0.0006784986250137509	0.0013145910859641422
478	chr7	178277379	178278413	9.743379677914636	-3.692782399592493	1.0871953841835509	-3.3966133901181474	0.0006822528418675221	0.0013177469219871143
211	chr14	70353662	70354913	7.245784827355787	-5.202116130992619	1.5361586182116145	-3.386444647915908	0.0007080455844474337	0.0013633175849608974
492	chr7	33544694	33546425	11.086350202312895	-3.1871770839315157	0.9445745104495712	-3.374193405255638	0.0007403233346319026	0.0014210540788599988
148	chr12	115695619	115697550	84.99460870638967	-2.443422306786391	0.7262417677330799	-3.3644750485962645	0.000766894181575001	0.0014675135573348785
304	chr3	46825971	46830227	35.687693274281465	-2.883607535809247	0.857654683594986	-3.362201117729785	0.0007732378334640948	0.0014750998669161193
99	chr10	62309920	62311251	11.513569103740599	-2.8813209846412904	0.8573391997717875	-3.3607713089617977	0.0007772515223056103	0.0014782084166548417
497	chr7	47004801	47007654	22.053068906047244	-3.0637538850124373	0.914946456139567	-3.348560852335919	0.0008123243977873743	0.0015401869315846241
300	chr3	214169806	214176126	189.07753059825748	-2.040736932210339	0.6100920039711148	-3.344965872240737	0.000822926956629597	0.0015555326619217992
487	chr7	196722430	196723745	9.754553604020094	-6.653963378692802	1.9953154961744688	-3.334792613724574	0.0008536303628686736	0.0016081142428257752
441	chr6	25534469	25536269	10.013103169678766	-3.220750957901236	0.9660193891088719	-3.334043803067241	0.0008559317744072674	0.0016081142428257752
142	chr12	105634798	105638254	32.258523468011965	-2.260822518183224	0.6811510609291568	-3.3191206002075964	0.0009030142092550545	0.001691446555100102
564	chr8	77385081	77386150	9.13701837631895	-6.553194637660992	1.9818420668725114	-3.306617993028275	0.0009442957152440125	0.0017634438055761678
126	chr11	28232944	28234546	29.423061490466836	-2.1286322225669063	0.6452073383726085	-3.2991444702658006	0.0009697998668646725	0.0018056333857540449
463	chr7	11504912	11506674	28.17950815074227	-2.5265231756336624	0.7670796351945534	-3.293690849963529	0.0009888118813756684	0.0018355190612362707
448	chr6	51106595	51107637	21.577711861590927	-2.2642908653803078	0.6884028793294743	-3.289194356051789	0.0010047461646441203	0.0018544403221161603
455	chr6	61816964	61818013	68.69014740459455	-2.1887871577346307	0.6654614507298261	-3.2891268988371003	0.0010049870132758545	0.0018544403221161603
465	chr7	121422083	121424026	41.402515695666295	-2.024275012681718	0.6160773660784862	-3.2857480636998964	0.0010171193823515423	0.0018712582108544695
490	chr7	33464232	33465235	21.661994608626674	-2.5069988681975883	0.7703722355219134	-3.254269498042257	0.0011368437562718965	0.0020853347008537746
114	chr10	98956260	98975649	393.62458356218275	-2.0263562908969184	0.6240072385318931	-3.2473281811030645	0.0011649397811700057	0.002130568331343373
417	chr6	158243836	158245681	16.178893873973443	-2.4584914769499826	0.7582313409604904	-3.242402871181355	0.0011852634186738022	0.0021613627046404627
8	chr1	119912098	119913780	85.59485088278917	-1.968432564680141	0.6080586677322503	-3.237241189277663	0.0012069135939747776	0.002194388352681414
264	chr2	68538589	68541263	40.233633454475054	-2.36923292307981	0.7323075883691571	-3.2352975180225463	0.0012151603864771516	0.002202922338057994
115	chr11	102905496	102906319	9.070421662768275	-3.111982042097977	0.9641940014381539	-3.227547607075201	0.0012485626283337548	0.0022568770541309853
486	chr7	196269018	196270353	8.351345154385731	-6.418877867642958	1.9898835538312023	-3.2257555248820644	0.0012564062698198744	0.002264453160721867
205	chr14	51648294	51649665	43.76482413397537	-2.0822097470641334	0.6474937557501268	-3.2157989611063913	0.0013008192435673498	0.002337704147860165
254	chr2	229094710	229096229	9.160177444342136	-3.6297680151870946	1.130512856220834	-3.2107268795871677	0.0013239970665078476	0.0023715423474372052
48	chr1	33081160	33083465	25.188019354538174	-2.5831657022113577	0.8047217478692016	-3.2100110492244607	0.0013272987009043712	0.0023715423474372052
287	chr3	176374938	176376189	34.865401360770676	-1.9406070364640309	0.6052059345773937	-3.206523475053377	0.0013434934269737297	0.0023867218473458806
526	chr8	115856648	115858057	11.910592617194782	-2.9729267985676304	0.9270440741442519	-3.2068883038942015	0.0013417908283563608	0.0023867218473458806
102	chr10	71211994	71213107	16.691159087614487	-2.686884361866578	0.8481769503433587	-3.167834684471058	0.0015357882346879038	0.0027127883347763545
480	chr7	187255222	187256940	38.95228733717695	-2.1321775971730257	0.6728954125396147	-3.16866121753728	0.0015314278892239147	0.0027127883347763545
343	chr4	55958096	55994023	373.6467819089485	-1.928939489011792	0.609556807648035	-3.1644950311597264	0.0015535231474529479	0.002736319180172806
239	chr2	148558771	148581584	199.189323289473	-1.672057048555136	0.528564795908341	-3.16339086806131	0.001559428059535444	0.0027389388014503547
544	chr8	145541953	145544130	9.725551671997009	-3.2029053698523944	1.0131116454254472	-3.161453512369175	0.0015698387403172399	0.00274943508191155
258	chr2	47779681	47781317	38.42132826271533	-2.2274981286593523	0.7050585025121782	-3.1593096469620656	0.0015814336971497252	0.0027619405415009284
231	chr16	45472021	45472495	8.140988508079861	-3.7767664073536613	1.196095234870549	-3.1575800130684524	0.0015908457203608276	0.002770574007369981
446	chr6	46642166	46643308	12.209765351728246	-2.7100456935659483	0.8592873892797792	-3.153829239641701	0.0016114334530738705	0.002798567901696918
583	chr9	28046444	28048045	9.989119054219794	-3.221952390972465	1.028348181107677	-3.1331337480482198	0.0017295061303954137	0.002995234080573063
1	chr1	103756846	103758821	17.839640101230504	-2.3970632400470695	0.7662468818120494	-3.128317121993899	0.0017581038006195492	0.003036279544245461
277	chr3	102230652	102232830	219.70299676463685	-2.0045871472463177	0.6429497981838054	-3.1177973037845947	0.00182208069790183	0.003129335270634722
477	chr7	177955137	177956482	11.031685546113264	-2.681949748426498	0.8600905549409986	-3.118217881849054	0.0018194824089156972	0.003129335270634722
185	chr13	33504588	33505879	20.374846452699607	-2.44983408599974	0.7860695351375457	-3.1165615463917833	0.0018297348231645107	0.0031337999733756813
516	chr8	102290022	102291127	26.425974250246995	-2.1698289556059884	0.6970600687681419	-3.1128292278175573	0.0018530320641700782	0.003164958346516387
79	chr10	142667742	142669530	39.17107407431289	-2.0006113538499615	0.6440443413959799	-3.1063254891947247	0.0018942808103107756	0.003226522259320552
501	chr7	66256113	66258225	37.787493643442616	-2.1705192656659786	0.7030733876662243	-3.087187345933803	0.002020602055913861	0.0034250791098093493
509	chr7	8490391	8493645	53.342315869650264	-2.2352408069889504	0.7242730921610842	-3.086185074637309	0.0020274258601613404	0.0034250791098093493
614	chrX	87803172	87804141	29.800139041312075	-2.0250856785699116	0.656006359444933	-3.0869909253370627	0.002021937691478838	0.0034250791098093493
149	chr12	117057951	117072107	118.11606393263304	-5.984362973928944	1.944926752786813	-3.0769091768387544	0.0020915901897347287	0.0035238747761835105
63	chr1	97485	99133	13.24213967054967	-2.747948070927445	0.8941234188684267	-3.0733431346705555	0.0021167494068369042	0.00355659791934656
303	chr3	46761217	46765275	37.53846510493456	-2.2841557164079207	0.7475408478921838	-3.0555597367668663	0.0022464084821317066	0.0037642520511396165
55	chr1	51047005	51047742	5.96812916517104	-4.21402129746577	1.3804523092175838	-3.052638087768641	0.0022683933630805965	0.003790846051509353
53	chr1	44043724	44046108	32.53326033171307	-2.3264442308436006	0.7638947265919144	-3.0455037191092265	0.002322909055638039	0.0038715150927300652
136	chr11	51349978	51351237	11.013636963268288	-2.520923111457719	0.8283243282149665	-3.043401027337072	0.00233920373513644	0.003888220685749579
3	chr1	10568571	10569798	13.063175837890904	-2.711645647273945	0.8972429295981399	-3.0221978438865444	0.002509464744317813	0.004160075244591027
610	chrX	16681120	16682212	13.606202944604084	-2.4339993106313957	0.8073570125570001	-3.0147744712374727	0.00257170404833868	0.0042518840265866175
255	chr2	230345490	230347434	20.50038443152024	-2.498028520454733	0.8332649651555833	-2.99788017607138	0.002718645398168898	0.004469473802775206
215	chr15	13547852	13551286	19.664607862728964	-2.2801600534554542	0.7607695970915073	-2.997175573488633	0.002724937253950045	0.004469473802775206
54	chr1	50855125	50856900	12.620957633366052	-2.525756679500197	0.8425625715369736	-2.9977081404088466	0.0027201803907459772	0.004469473802775206
208	chr14	64902910	64905150	30.76531183145418	-2.1076353762696987	0.7056446601221612	-2.9868225402638555	0.002818933026088039	0.004611447166687557
295	chr3	201467445	201469141	36.007808948498756	-2.1490927274607725	0.7197621744579027	-2.985837271984162	0.0028280308911987754	0.004614155664587475
520	chr8	110989059	110991180	48.395054196846054	-1.9894264108085602	0.6694193199738134	-2.9718688293704805	0.0029599311304502746	0.004816685829079187
371	chr5	170289155	170290643	6.296245158816521	-6.024347304604333	2.0342247901763995	-2.9614953734203224	0.0030614909306646786	0.00496891198170707
456	chr6	62120860	62121654	27.18151832267341	-2.086297248560506	0.7053617997852842	-2.9577689764254114	0.0030987426806841334	0.005016241415206691
312	chr3	77516434	77519598	39.41396760050322	-2.196547108972277	0.7437902697784248	-2.953180752991873	0.003145177415328948	0.005077713725446519
286	chr3	164609703	164610668	6.689807430237672	-6.120125087968066	2.072929099759163	-2.9524044448404503	0.0031530964262853384	0.005077713725446519
414	chr6	13820833	13822129	27.61810344479385	-1.9914404620717991	0.6813808877113616	-2.9226538313404955	0.003470621340748725	0.005574573137990179
421	chr6	174818714	174820695	43.456446407385954	-1.856827532622264	0.6365494007095092	-2.917020313824208	0.003533927564152153	0.0056615893792618475
340	chr4	30768633	30770103	65.87113795093757	-1.803010680894226	0.6187833882785732	-2.9137994248845605	0.0035705923655398888	0.005705585738749307
585	chr9	30497814	30501479	23.88382346061131	-1.9124146963323432	0.6623890647521808	-2.8871471437225997	0.0038875237874885812	0.006196053337385399
275	chr3	102217483	102219048	8.645624989353584	-2.806430458815293	0.9747374177756345	-2.879165616951086	0.003987288815148755	0.006338766834339047
261	chr2	56720381	56722049	25.77402499221797	-2.162067018998624	0.751559398921333	-2.8767746396382052	0.004017624108485995	0.0063706571541210155
344	chr4	63436604	63438252	11.499977190484252	-2.603911928087497	0.9065350367661485	-2.872378697437159	0.004073944471152645	0.006443483602333266
407	chr5	95637173	95638469	18.06499316020177	-2.5990864921874377	0.9066920494624083	-2.866559262021186	0.004149604596087753	0.0065464499989170664
406	chr5	9405077	9410925	127.50788014986954	-2.1596953014939166	0.7567981487920808	-2.853726987758874	0.0043209647094124915	0.006799487613796306
50	chr1	3521891	3524344	19.380444996715518	-2.342025168092237	0.8211754292296108	-2.8520399962398018	0.0043439634495947566	0.006818373009490504
464	chr7	11510763	11512414	11.938490302212678	-2.641393186685257	0.9299567974648222	-2.8403396737203526	0.004506551962443374	0.00705571266847195
69	chr10	109180798	109184650	100.35025440132506	-1.6997732534152385	0.6005210828771168	-2.830497216303493	0.004647571561198567	0.007258172211443607
605	chr9	90013391	90014719	22.321110072130548	-2.0189222498634543	0.7200497723350399	-2.803864854114623	0.005049406544585935	0.007865909692571055
512	chr7	85786920	85788491	12.151260364376645	-2.5883221705444637	0.9276616869059109	-2.7901574540363514	0.0052682414271186025	0.00818623981156274
200	chr14	34146618	34149407	46.967185707513124	-1.5889343614887317	0.5711556783855859	-2.78196369504716	0.005403108391793608	0.008374818007280092
259	chr2	56193172	56194206	14.293377269478235	-2.311571704675118	0.8324818519998836	-2.7767232392177617	0.005490991274695574	0.008489811945913356
249	chr2	22125439	22126717	23.579791763377425	-1.915619049395002	0.6916978128352197	-2.769445000184426	0.005615188380540666	0.00866024078590849
578	chr9	142043520	142045325	32.53451810448007	-1.9310231522651626	0.6991867807141006	-2.761813016963722	0.00574813874931585	0.008843290383562847
78	chr10	14185938	14188255	20.67384168671585	-1.9979950620763955	0.7243281014102131	-2.758411634432583	0.005808300637623672	0.008913728701303655
193	chr13	98102338	98103578	19.04617304995645	-1.9918278249831982	0.7251797895652815	-2.74666759008442	0.006020411868041553	0.009216432983174724
517	chr8	104766439	104767446	12.786575196172366	-2.301095685539484	0.8381624013627099	-2.7454055226031286	0.006043616622945599	0.009229168241936628
262	chr2	58674876	58676552	27.933750398922555	-1.9458796791729143	0.7097727839749804	-2.741552963295232	0.0061149501517853855	0.009315157479378229
56	chr1	6961951	6963365	33.21976484927886	-1.9817692216396776	0.7303065980524137	-2.7136126483379344	0.006655393610172913	0.010113588329184329
523	chr8	113849166	113850726	9.651484486925535	-2.652714047582533	0.9779926121386219	-2.7124070413801182	0.006679651362307409	0.010125632871957443
267	chr2	88648914	88650096	14.221813740560124	-2.1435089349955767	0.7955198476198561	-2.6944757461536843	0.007049945730400721	0.010634954629801574
30	chr1	210349697	210350859	38.26518110457549	-1.7184564712017654	0.6377450456337345	-2.6945822362196723	0.007047693283556095	0.010634954629801574
305	chr3	46858022	46860620	16.844950003119518	-2.3173815717934474	0.860690541972599	-2.6924678020537884	0.007092538360710979	0.010673237338933998
281	chr3	12617518	12618506	34.25831001948442	-2.080357508052574	0.7753480275794163	-2.683127362234103	0.007293720763282589	0.010896643068036638
573	chr9	117032719	117034810	14.850022543373477	-2.149416174292733	0.8007171276219931	-2.684363928465186	0.007266795706096553	0.010896643068036638
203	chr14	39098894	39100528	27.280385914029495	-1.906328810890191	0.7102872106228285	-2.6838844658607766	0.007277224944603333	0.010896643068036638
121	chr11	13203364	13215090	137.37409767350542	-1.5909228289440656	0.594459763767687	-2.676249808499727	0.007445112941590926	0.011096081787948015
547	chr8	147312598	147315531	53.17387874087945	-1.7867347201980657	0.6695462565792129	-2.6685754757657736	0.007617366175222313	0.011325580404407277
372	chr5	177839749	177843323	130.01793212838538	-1.6870371830793724	0.6341315932596955	-2.6603897377314256	0.0078050278145702775	0.011576835514434383
299	chr3	214153045	214164885	82.23127359837737	-2.3000175959055644	0.86645343107116	-2.65451957765595	0.007942143077153501	0.011752097154737878
515	chr8	10194788	10195966	17.299307189922867	-1.8848007790465813	0.7130656068123203	-2.6432361356935603	0.00821177431264859	0.012122143032957444
368	chr5	15725463	15727351	74.56784196135813	-1.7449725032147845	0.6644337981717795	-2.626254877485398	0.008633014695771393	0.012713703352442433
581	chr9	18416508	18445731	334.6463304631349	-1.635816637406965	0.6238692477426369	-2.6220504429828604	0.008740249350908775	0.012841124638775925
587	chr9	30766607	30768266	48.36558060729936	-1.569544610558277	0.5993789900129012	-2.618617997478513	0.008828675176825162	0.012940374963668084
529	chr8	119212290	119215253	23.762887373041476	-1.6999522856153233	0.6503881702550863	-2.6137503161359645	0.008955445584714372	0.013075045757866142
237	chr16	7318066	7318673	3.9294179468105153	-4.31640920056808	1.65159932300516	-2.613472372169648	0.008962732979182436	0.013075045757866142
108	chr10	81350723	81352091	39.35630431505765	-1.8108445876656292	0.7044770138167449	-2.5704807284694215	0.010155747708280417	0.01477764234464262
7	chr1	119666738	119669689	30.47605129778256	-1.761280339158955	0.6853925969382941	-2.5697393683951955	0.010177505292197417	0.01477764234464262
67	chr10	107285465	107288504	195.37175478783345	-1.6924948859089533	0.6607980341410549	-2.5612892267589147	0.010428449825231318	0.01510663292440051
198	chr14	33605273	33606288	15.096034357752918	-1.9000867098148577	0.7424341380984014	-2.5592663541597847	0.010489333938286214	0.015159410353700355
214	chr14	9924121	9925962	9.028032238633559	-2.6620220482796473	1.0409957026779064	-2.557188316370314	0.010552207481117721	0.015214810786727876
246	chr2	19766310	19768132	29.04435920790539	-1.9160351450827273	0.7505705331876994	-2.552771605548194	0.0106869549438516	0.015373345858904854
46	chr1	30480948	30482012	28.911122085249122	-1.7193799759442603	0.679769244890681	-2.5293582916078634	0.011427130842515353	0.016400048894350736
242	chr2	150382495	150384219	23.471949893334056	-1.8240963716256156	0.7236519276597264	-2.5206819769342714	0.011712765710623092	0.016771165682647384
181	chr13	23938035	23939069	7.857575834335909	-2.8266274978021917	1.1294374750287952	-2.5026861249934407	0.012325479824008277	0.017607828320011825
530	chr8	121352996	121354414	28.077347150712338	-2.1769196723924824	0.8705038805579125	-2.5007581482546386	0.012392777725013005	0.017663269401167962
234	chr16	51957567	51958852	13.500114252662202	-2.3880309656361534	0.9583473281892265	-2.491822010030829	0.012708970723843555	0.018072389561428908
582	chr9	22923534	22924270	21.72142639566702	-2.080166888469244	0.8391834417409073	-2.478798776288871	0.013182565288696158	0.018702953041170752
6	chr1	11736715	11738158	12.643867939002748	1.9816363298595114	0.8007536060503576	2.47471421281978	0.013334282902565862	0.018875012327832955
360	chr5	120448069	120469120	233.6624861447392	1.3516919095026048	0.5468698659541499	2.471688410083162	0.013447666862956821	0.018970379198297724
80	chr10	144279148	144280357	13.004004320915824	-2.20377741241982	0.8917536662982793	-2.471284947521244	0.013462849753630643	0.018970379198297724
453	chr6	56605788	56607622	18.244079318105154	-1.7485017361287878	0.7088487197878607	-2.466678273259867	0.013637282544408312	0.019172596774451597
393	chr5	40810884	40813320	35.438927967090954	-1.5518885702290706	0.6311987644894276	-2.458636894646622	0.013946559422732752	0.019563047154059515
192	chr13	97982675	97987658	37.04131070547049	-1.4762205141672597	0.6008835275161307	-2.4567498467956095	0.014020027423392279	0.019577515771403632
577	chr9	133788037	133789737	31.41270317162134	-1.6024880095053347	0.6522153414983402	-2.4569922041758856	0.014010572699905133	0.019577515771403632
236	chr16	6192467	6194035	9.09185005950593	-2.5866406997577385	1.059907223421402	-2.4404406749941847	0.014669355144006661	0.020438202672548606
159	chr12	36292879	36301790	154.72234583375834	-1.5357709021278974	0.6311642510350101	-2.433234929908459	0.01496458788815005	0.020802790337787064
378	chr5	193472467	193474164	23.91748789730758	-2.075157123832368	0.857733751199993	-2.4193488025033014	0.0155483230511759	0.02156590669290617
82	chr10	28911569	28914685	72.43859628801846	-1.5990821637770942	0.6622383616938696	-2.414662538858321	0.015749794111855155	0.021796590065513828
116	chr11	104605362	104606222	10.635077955644755	-2.422276235452128	1.006023029721004	-2.407774140243974	0.01605010707450542	0.022162731372368284
184	chr13	28087718	28088922	14.06399294255734	-1.7796252192118658	0.7524501472602828	-2.3651071445617897	0.018024855360775964	0.024834245163735773
223	chr15	53804813	53815353	122.05570768717264	1.3062812401712185	0.5537985503497385	2.3587660880409804	0.018335809272049745	0.025206655762019605
61	chr1	91197889	91203736	41.68306998876242	-1.5722367320309247	0.6717888205023825	-2.3403734686373046	0.01926446495221354	0.026424708562770783
351	chr4	97391132	97393792	177.34121319274198	-1.5316518337576315	0.6553417922127013	-2.3371801584424365	0.019429818416619414	0.026592687457624806
94	chr10	62167052	62169016	14.794118303619085	-1.9742621486153071	0.8457772325291788	-2.334257855004623	0.019582224113923515	0.02674224438465326
475	chr7	173790037	173791673	42.8479043884768	-1.7262848540112234	0.7520005792506603	-2.2955897929379256	0.02169934693175401	0.02956834087403843
131	chr11	39559969	39563138	76.40835587529558	-1.7620013616241168	0.7711934557680875	-2.2847721910051892	0.02232618908002882	0.0303557833982848
401	chr5	64332087	64355548	218.1751223033525	-1.2407504552431663	0.5445013016516956	-2.2786914401847373	0.022685413941021325	0.030776710379503764
88	chr10	33891036	33897463	90.2736532372577	-1.4463301058581335	0.6354923294390675	-2.275920634848215	0.022850760211578246	0.030933343517857016
271	chr2	96031263	96033925	28.518375998839826	-1.9462856991690851	0.860921746938349	-2.2606998906585405	0.02377784725760959	0.03197888351348795
72	chr10	111218543	111220947	8.798921181594192	-2.02608179733026	0.8961180558350238	-2.260954105474763	0.02376209916988515	0.03197888351348795
129	chr11	2884558	2887733	21.206248135559274	-1.8110279592261376	0.8009027953333249	-2.261233160601484	0.023744822693993282	0.03197888351348795
140	chr11	77497478	77498867	17.49747924496903	-1.6632059484982615	0.755527837360558	-2.2013827502487318	0.027708939123019156	0.037185156398856875
549	chr8	153875297	153876931	23.296397456125348	-1.598630056418731	0.7269100647512136	-2.199212989251793	0.027862781160271924	0.037310851661703226
494	chr7	33675992	33677717	22.484371606018026	-1.6846482487467236	0.7684049548950791	-2.1923963894490397	0.028350897116655123	0.03788266425070297
462	chr6	97631893	97633229	22.020102193882824	-1.673940694037732	0.7652201508297255	-2.187528245594008	0.028703983565452142	0.03827197808726952
217	chr15	22962164	22963437	15.170817440379915	-1.6920331274011913	0.7750445117196211	-2.183143163799731	0.029025268751632246	0.038617310356248914
335	chr4	207515226	207516454	29.305826596174793	-1.5091513824337413	0.6944662510993225	-2.1731097516183007	0.02977205794455879	0.03952607264588105
338	chr4	30231217	30237083	136.6458088378056	-1.3014353373796754	0.6011141742205502	-2.165038512138254	0.030384736089789303	0.04025328285399438
122	chr11	132819106	132820062	15.576688650838532	-1.6706191908744954	0.7733842184262864	-2.1601412998495615	0.030761732691080314	0.040665829996737304
130	chr11	31641289	31642893	22.93599922575892	-1.6446422366936344	0.7694904820462062	-2.137313293752836	0.03257251832494616	0.04296800289673749
241	chr2	150338215	150340204	13.291451057454724	-1.59571885217259	0.7495387513812344	-2.1289344269819708	0.033259685968276324	0.0437813276015527
440	chr6	25504795	25507545	73.50488726846659	-1.4424294326476774	0.6854523366413153	-2.1043468021649976	0.035348206261287325	0.04643196585169098
483	chr7	195128414	195129914	10.719553938567623	-1.7507236352849471	0.8408203497225248	-2.0821613509505275	0.03732773420841999	0.04892853109771753
443	chr6	28977640	28978808	13.483377378877316	-1.544036109765012	0.7445788787910487	-2.0737038797984964	0.03810682068408608	0.04984436460787631
395	chr5	5491162	5493147	25.499111272355695	-1.4870296634783684	0.7242282965692746	-2.0532609268687003	0.040047278213488975	0.05227223682602772
109	chr10	81952965	81955644	79.73880431669103	-1.2145842719198805	0.5928299708775925	-2.048790262951581	0.04048262830969361	0.05272947384876059
49	chr1	3483323	3486987	38.12599524279218	-1.4513542495921432	0.7087231529269199	-2.0478437082212833	0.04057531606021774	0.05273940452271488
546	chr8	146666030	146667871	23.06211672004594	-1.4471597325076189	0.7090658311991647	-2.040938469789466	0.04125694340789203	0.05351319019433694
207	chr14	5939967	5941731	13.891470631790604	-1.588240813070096	0.7800553813033254	-2.036061606826486	0.041744169381997494	0.05403211903306565
328	chr4	187232365	187234253	38.13434096148806	-1.3007783811413625	0.6556417936162241	-1.983977217143002	0.0472583797983361	0.06104207390618414
571	chr9	10683803	10685321	10.416336597268767	-1.6141127731944849	0.8263942789324649	-1.9531993557356107	0.05079597739958079	0.06547506442357608
62	chr1	91650596	91652259	21.318173822995018	-1.5024138582317663	0.7767192393861279	-1.9343075104193166	0.053075330375222565	0.06827117185194605
38	chr1	220492479	220493449	26.274769581504312	1.3403610330668196	0.698456537595546	1.9190328401550163	0.054980177866119126	0.07057496951758563
558	chr8	52725866	52728230	33.22377411781057	-1.1905858013066601	0.6284896379078756	-1.8943602718254793	0.05817720591910067	0.07452451997901326
357	chr5	119154806	119156959	83.23373728087769	-1.3910014759269629	0.7396632563140163	-1.8805875025599865	0.060028053089984115	0.0767368926098766
469	chr7	141863921	141866362	37.54921311120689	-1.341910928275122	0.7172218045370601	-1.8709845682135606	0.06134722000464303	0.07826188560263102
519	chr8	109914691	109923151	42.7839050402002	-1.135947977852142	0.6183375036863681	-1.8371002423108969	0.06619509841693302	0.08427302057186545
204	chr14	49254415	49256041	16.27246825346872	-1.4234591567535484	0.7765662541049525	-1.8330170146192943	0.06680004082642792	0.08486890432865841
188	chr13	48503800	48505702	29.47630420283036	-1.4235271707135038	0.7802440490405472	-1.824463989778571	0.06808195560852355	0.08632067991264744
496	chr7	40294663	40300547	52.835725013419726	-1.1710985595532177	0.6470890223401601	-1.8097951272886803	0.07032756385552462	0.08898589712331686
326	chr4	183453843	183455507	42.64646537870416	-1.1255019757939209	0.6241280135896827	-1.8033191128861166	0.07133811265458069	0.09008071251698581
489	chr7	33461008	33462677	8.85318139079525	-1.6326196153452999	0.9085422638236665	-1.7969660634985771	0.07234100749906408	0.09116143221426774
13	chr1	137162771	137166594	13.96587867236397	-1.2676888203417276	0.712144514232654	-1.7801005203384606	0.07505951145722874	0.09439532881030793
164	chr12	66689638	66691038	14.488215934586274	-1.323880494087689	0.7573248682460811	-1.7481011777068889	0.08044650910795811	0.10096525434602031
36	chr1	212354828	212359754	80.00438100052672	0.9449275773470796	0.550420075410532	1.716738940966685	0.08602688169361748	0.10775084171725827
177	chr13	13421013	13422365	16.471037865008686	-1.3132791870913623	0.7736094250399732	-1.6975997765584405	0.08958332503675602	0.11197915629594503
430	chr6	187050442	187051346	24.237457041696317	1.202429377244752	0.7195701594566835	1.671038412922313	0.09471409070688308	0.11815439886975354
229	chr16	37100165	37110292	110.77201701017061	-0.924427613046408	0.5557640773112607	-1.663345384823557	0.09624331880750775	0.11982099931858393
342	chr4	52488499	52490718	76.18341178991427	-1.101952333914258	0.6722160791607945	-1.6392829152345676	0.10115435247605645	0.12568276259550099
245	chr2	182685937	182687707	31.4316030050886	-1.1226208835824638	0.7047764704461371	-1.5928750897030133	0.11118821555634407	0.13787338728986664
273	chr3	100602134	100603465	49.796875806710915	-0.9617016752851363	0.6062286527566981	-1.5863679008110205	0.11265587753119355	0.13941445922023954
10	chr1	120505103	120506042	11.610268370214415	1.427862603383131	0.9084120154785611	1.5718226741319772	0.11599168151851344	0.14325665844916002
47	chr1	31600251	31603659	59.08559414650381	-0.9973160620489462	0.6430533778094721	-1.550907119788798	0.12092394394811495	0.14905138220244785
415	chr6	13823348	13825451	25.462482042757003	-1.0337804463892752	0.670522091788538	-1.5417544910888599	0.12313326477628295	0.15147346063749093
420	chr6	174794424	174795755	14.144109344991428	-1.15271308042016	0.7495699501143163	-1.537832566852981	0.12408955854845358	0.15234757683176478
141	chr11	96052810	96080796	160.65965908284602	-0.8608566100180097	0.5628800399825636	-1.5293784623179683	0.12617064856623605	0.15459644685981494
34	chr1	211127107	211129142	30.029710792188364	1.0546740290060221	0.691073904172092	1.5261378307570792	0.12697554230722038	0.1552758111054766
491	chr7	33493751	33495551	26.87185320993183	-1.0785458342727725	0.709213178626533	-1.5207639490872007	0.1283190843213165	0.15660990606144928
586	chr9	30701376	30703095	34.21795180341853	-1.0757357716725529	0.7086734688487366	-1.5179568855881131	0.12902526790402402	0.15716240884183671
345	chr4	64659519	64662672	41.496669761041886	-1.0422038963811222	0.6962763558609281	-1.4968250574765871	0.13443878446419222	0.16343538503490032
57	chr1	71157005	71163411	356.6978941728251	-0.7477652256618154	0.5012843237107799	-1.4916988030394596	0.13577812305397835	0.16474057983065865
413	chr6	133909489	133911143	19.38490052551866	-1.1364032547339653	0.7688123223883209	-1.4781283047125475	0.139373439308209	0.16877252416228433
265	chr2	84062665	84089159	125.13536069203563	-1.2786978161373546	0.8881788162097607	-1.439685109350058	0.1499565081093503	0.18123398640896135
352	chr5	106424035	106426205	21.276989082798057	0.942845554634777	0.6566255727437204	1.4358952708696402	0.15103214438578708	0.1821788512046459
199	chr14	34119413	34121184	24.590286007446323	-0.9901179952941986	0.6916510970491373	-1.431528120924613	0.1522789134824983	0.18332607060028921
510	chr7	8498369	8499411	23.249349935520144	-0.9267557186082159	0.649713556363134	-1.4264066210898625	0.15375100360805194	0.18473957797866705
165	chr12	68712612	68713994	11.255617999833246	-1.328124871624971	0.9369761773994075	-1.4174585263322306	0.1563489117693282	0.1874977278471634
358	chr5	119167671	119170192	11.204835482782697	-1.0636997715092424	0.7602536846346117	-1.3991379364645513	0.1617716234536809	0.19362626745421266
353	chr5	110385714	110387121	29.038545709149286	-0.9975178724047141	0.7179090360928003	-1.3894766916901855	0.16468784379615775	0.19673692322469713
590	chr9	39153249	39154651	8.651053577148405	-1.2170165018522545	0.8822190125678384	-1.3794947564210105	0.16774226183477092	0.2000003891106884
391	chr5	30988264	30989291	7.377751515495551	-1.230402170091777	0.9008192967290638	-1.365870130179772	0.17197972953319907	0.20465917909900846
306	chr3	48406635	48408464	21.91680103478664	-1.03131513402923	0.7563184230434963	-1.363599117259528	0.17269377009318831	0.20511520585780987
471	chr7	157070118	157071678	33.91603116675047	-0.856578000860204	0.6302457444649799	-1.3591174686746343	0.17410936819273792	0.20640116305831263
155	chr12	1674622	1676991	39.92290989263964	-0.9259225619842029	0.6886352464604547	-1.3445761987109885	0.17876213389682694	0.2115124485038792
12	chr1	123626325	123627475	20.162277704267805	-1.0007867087407254	0.7531063379179633	-1.3288783513726612	0.18388810716490434	0.21716309798522035
60	chr1	78075272	78076235	35.816124905411804	-0.9380624606838853	0.7101731901545059	-1.3208925283138326	0.1865372014225921	0.2198727469239679
168	chr12	83093543	83095341	49.941085672656605	-0.998919031288958	0.7984819782881826	-1.2510226385202585	0.21092621808186685	0.24814849186101984
220	chr15	36743284	36760214	144.07459096382613	-0.7580313261305791	0.612043240301074	-1.2385257710839044	0.21552117242741664	0.25307410398673924
438	chr6	199235986	199249708	111.6694709291642	0.706983117971275	0.5902573088274942	1.1977541106193987	0.23101275693658452	0.2707521914946737
618	chrX	94529545	94531751	8.809804681501076	-1.062489899459703	0.8922646625229145	-1.1907788620200084	0.23374040919309325	0.2734321767919204
274	chr3	102214374	102215853	23.39196411029684	-0.8094864146988993	0.6819128364669553	-1.1870819427493298	0.23519530018080137	0.27461598137871346
603	chr9	58282563	58283716	10.166606337115843	-1.0211663433040503	0.8629930197282916	-1.1832845920649029	0.236696377160717	0.2756224325033393
550	chr8	22786901	22787831	128.36001547138878	-0.6320769520575432	0.5345356755028512	-1.1824785155133613	0.2370158853765394	0.2756224325033393
553	chr8	42051182	42053516	53.49581651005561	-0.6810770911061441	0.576434953187241	-1.1815332976258859	0.2373909338012632	0.2756224325033393
113	chr10	96758916	96759586	11.799664546843394	-0.9509830161854044	0.8157732453147784	-1.165744306579279	0.24371784071001001	0.28243936680412374
560	chr8	54563775	54564694	6.417210995606546	-1.1286678851226741	0.9802645630013805	-1.151391091469135	0.24957137713314437	0.2886833093704282
498	chr7	51354495	51357647	61.054646290802076	-0.7282632918568664	0.6427930336383625	-1.132966995200184	0.2572281137137392	0.29679232074775996
493	chr7	33626738	33628524	13.51989220957946	-0.9998305247343773	0.883065675492879	-1.1322266876428262	0.2575391428424111	0.29679232074775996
367	chr5	15705656	15708103	72.68661259950045	-0.7888331238509046	0.7088148420444829	-1.1128902458865275	0.2657555697651466	0.3056928631806881
535	chr8	138042443	138044339	22.217269070911982	-0.8293000072147405	0.7481144863318933	-1.1085201828946138	0.26763722760935316	0.3072871872551832
173	chr12	98067187	98068034	13.414970599330365	-0.9055198362044374	0.8207132794238909	-1.1033327459256872	0.26988269111241125	0.30882617794429035
112	chr10	93479711	93480809	9.719527139737682	-0.9252834783902898	0.8387855828016025	-1.1031227734026832	0.26997385233194415	0.30882617794429035
263	chr2	58775516	58845089	1019.7400992657446	-0.5361334830549207	0.48748280104704805	-1.0997997917123998	0.2714193631209866	0.30990792842543585
591	chr9	39188918	39209208	309.7799362675048	-0.562209339277258	0.5157239419283428	-1.0901362018895258	0.2756531513764422	0.3141635181128569
518	chr8	106818868	106821235	13.487335450740646	-0.7340310156063969	0.7137805305291177	-1.0283707445232049	0.30377546470032357	0.3455794277324782
40	chr1	23113872	23115390	14.523902533069682	-0.7323133578718979	0.7173617670336969	-1.0208424696231388	0.3073290794827528	0.3489817386067889
445	chr6	46491315	46492955	23.51442842882409	-0.6226036637106114	0.6193588381792213	-1.0052390073917878	0.31478177642235583	0.3567910445737854
197	chr14	18204544	18204828	121.18049049269341	-0.6495333787706294	0.6525425008337757	-0.9953886190412096	0.3195472916952995	0.3615316073924921
14	chr1	142568383	142569821	37.351643091947146	-0.601621523527211	0.6055777320011881	-0.9934670509417455	0.32048239979410553	0.3617923176800544
508	chr7	82958147	82961297	53.72095613957009	-0.5600432533354832	0.5642649618966253	-0.9925182160044954	0.3209447979419837	0.3617923176800544
418	chr6	165831929	165833477	11.395474258693612	-0.7751006694968802	0.7887740425844003	-0.9826650316195502	0.32577232640161213	0.36590369994383976
51	chr1	36432336	36434154	27.435227460477304	0.7863788145838486	0.7994847913728714	0.9836069717267326	0.32530879592349715	0.36590369994383976
285	chr3	159215053	159219363	52.060978446215536	-0.6664619195765453	0.6944671563931073	-0.959673777861556	0.3372194245526121	0.37807602752734093
310	chr3	72826529	72827435	14.910296508638679	-0.9104313267018215	0.9543461730121614	-0.9539843637956514	0.3400915572810228	0.3806078799895923
389	chr5	28631987	28634330	29.565472330211133	-0.6220334999226591	0.674656110196123	-0.9220008394229668	0.3565281378116586	0.39828368548329424
434	chr6	197170091	197171329	11.890540879668121	-0.6664567982074568	0.7398133016014012	-0.9008445735766623	0.3676709643810727	0.409992802007671
210	chr14	70240320	70246386	39.18733258631504	-0.5612932389895724	0.6415203558236431	-0.8749422117228569	0.3816053496792642	0.4247671755855364
230	chr16	42647229	42648736	13.477286608151273	-0.7209413713982177	0.8278335742596797	-0.8708771833069777	0.3838212162311676	0.4264680180346307
405	chr5	79840351	79842021	42.08570637409219	-0.5373177327494439	0.6205592619597555	-0.8658604676249116	0.38656668451036424	0.4287501688665936
461	chr6	6870549	6876198	62.62067249878766	0.5296522370796598	0.6152843440200949	0.8608251489369305	0.3893343516977127	0.43104874652246766
604	chr9	75340289	75341880	8.266813262577044	-0.8625715860504068	1.027629267850166	-0.8393801276747741	0.4012560317387329	0.4434558639536799
437	chr6	198365642	198375834	68.59267824997129	-0.468109247165562	0.570383357488313	-0.8206923309033494	0.4118215402546853	0.45432269565463507
507	chr7	78758909	78759952	11.937732571132067	-0.6550738956156783	0.8066060980571089	-0.8121360564885018	0.4167135657322045	0.45890303863937265
167	chr12	78006043	78007677	10.015300635463422	-0.6244085073456589	0.7808978202894216	-0.7996033426168824	0.42394065021446037	0.4660340481080947
359	chr5	120432138	120440203	41.01284696819098	-0.5230605144565433	0.666654826000475	-0.7846047070484579	0.4326853694032975	0.47413026523652424
194	chr13	98932470	98934947	27.486102591238055	-0.5381462504717681	0.6861051548649506	-0.7843495223085651	0.4328350485868915	0.47413026523652424
294	chr3	196466210	196467915	12.182003249341136	-0.6175576713292537	0.8159072667366685	-0.7568968882937631	0.4491116397644721	0.49109209286414934
569	chr9	104388986	104393616	33.697140303480886	0.43122555283517916	0.5795178309103245	0.7441109312508931	0.45680936665096405	0.4986299424711228
195	chr13	98971111	98973408	45.81242694534232	-0.524210692533074	0.7175745857373523	-0.7305312966099754	0.4650654899732547	0.5067497430288539
313	chr3	79738011	79739539	31.890050905081186	-0.5032042660679951	0.7061216410978787	-0.7126311343263925	0.47607404061352543	0.5160243097559192
388	chr5	25212113	25214017	32.298009020176956	-0.5138399915820958	0.7195387173718106	-0.7141241731354628	0.47515039953359894	0.5160243097559192
556	chr8	48888021	48889590	30.966615055665855	0.48996824034477654	0.6873425714640422	0.7128443089173749	0.47594210386598446	0.5160243097559192
505	chr7	7520989	7522495	30.402182868441198	-0.4572167042141843	0.6491418939674412	-0.704340158081242	0.48122096324821306	0.5206928398148205
288	chr3	190464395	190466551	47.71783421911646	0.4169585863087736	0.6083486070564692	0.6853941662269145	0.493095224333144	0.5326115663528733
153	chr12	12459877	12461341	39.21501577645756	0.4425491580557459	0.6569705015226726	0.6736210484794091	0.5005522678184202	0.5397259235607313
272	chr3	100507798	100508883	15.610140467775606	-0.5266271350959959	0.7942880444724623	-0.6630178293137509	0.5073191352651327	0.5460726803201081
128	chr11	2864081	2880835	108.30358960473626	-0.4280460005209722	0.68372370420954	-0.6260511342309546	0.5312814023323558	0.5698866253392052
499	chr7	61081777	61085513	39.87214892090269	-0.3922776916015835	0.6260080583746644	-0.6266336133436898	0.5308994294639398	0.5698866253392052
363	chr5	141838310	141840198	53.48246020656699	0.43270091879679917	0.7026881559428516	0.6157794394815301	0.538040099055916	0.5751463127839102
410	chr6	116215615	116219294	89.03433323786481	-0.37142910339547924	0.6025275004739259	-0.6164517023759526	0.5375964388740411	0.5751463127839102
460	chr6	6846696	6848258	44.94433672129781	0.3501156126996447	0.5861766451746191	0.5972868683557786	0.5503158702439432	0.587256178229337
20	chr1	14552609	14595401	989.547777948617	0.2936359195381862	0.5009463932106208	0.5861623589227604	0.5577664140092351	0.5941841523809721
373	chr5	181909906	181912150	19.70126227285819	-0.35587953484666374	0.6303323101584543	-0.5645903424452445	0.5723524356129384	0.6086766896741369
622	chrY	24605945	24608144	32.845219928777595	0.4584111431085743	0.8145898939103674	0.5627508351570772	0.5736045630351301	0.6089637484277066
466	chr7	121737567	121739004	11.168171693552338	0.4977982349599455	0.8880724335460788	0.5605378752409126	0.5751126127927626	0.6095210597119877
451	chr6	55728302	55730985	40.8807358339943	-0.3742693172386795	0.6788060203568879	-0.5513641688709601	0.5813840581279727	0.6151162389749881
375	chr5	1848505	1850584	21.258190164484407	0.34489864462467545	0.6320313384733527	0.5456986444022931	0.5852731039245473	0.6171247014170398
110	chr10	86316813	86318010	27.576380416665444	0.3674134247598621	0.6724336759826471	0.5463935520822184	0.5847954414013953	0.6171247014170398
206	chr14	5697707	5699812	17.32923563753909	0.37261435754428124	0.7077510078324944	0.5264766187835214	0.598557093136216	0.630060098038122
366	chr5	151085502	151091518	30.77587474342481	-0.35249692939487987	0.6779586651290956	-0.5199386740307509	0.603106319057686	0.6337727420606192
209	chr14	65058327	65059646	8.785617831379145	-0.41404789407943127	0.8235363548669372	-0.5027682040173332	0.6151272509429457	0.6453111600416689
444	chr6	45666802	45688486	191.69592200126525	-0.24622478173732715	0.50248209705478	-0.4900170238512677	0.6241218523866815	0.6536411291887543
52	chr1	37330406	37332763	26.81346935644173	0.35111762501374666	0.750128547177556	0.4680766067827531	0.6397298075606681	0.6688574716485907
449	chr6	5402563	5403916	9.595920637267035	-0.3501308150803493	0.860620983225993	-0.40683508989973977	0.6841291126023636	0.714074157935127
545	chr8	145546512	145548065	14.48757159391944	0.3385697231064144	0.8398410363344407	0.4031354845247041	0.6868485575272061	0.7157077406165845
320	chr4	139405148	139406685	18.23092302885199	0.3001956379950898	0.8076599521083098	0.37168567936476393	0.7101268885660211	0.7387226021995521
83	chr10	28962474	28967997	94.30166381882152	-0.25673888168009457	0.6952989825173261	-0.36924961510884546	0.7119416772299576	0.7393699160512122
531	chr8	133190424	133192420	27.51225467260754	-0.21529916125141382	0.6076610858980849	-0.3543079625268668	0.7231081010764965	0.7497107402465348
283	chr3	139696122	139766416	555.1737525819093	0.17555110631508386	0.5066276312252146	0.3465091429982526	0.7289601142082087	0.7545163118682628
309	chr3	70640378	70643216	27.98847459822721	-0.201916867302018	0.6396994123150979	-0.3156433528229653	0.7522732278339941	0.7773490020951273
238	chr2	136495535	136498574	35.88553114601504	-0.24106797927381068	0.8378120626505242	-0.2877351497078733	0.7735494817356835	0.7980044570318199
404	chr5	71258065	71259826	16.11679923678911	0.2242088338767258	0.8061907074690683	0.2781089285692718	0.7809287420041441	0.8042787708348328
314	chr3	8934717	8936814	13.205568826818345	-0.23109612988263198	0.8518000890945165	-0.2713032469018553	0.7861578094232193	0.8071640958347043
525	chr8	114401618	114412513	46.26760890997576	-0.1622647186587319	0.5985991619810717	-0.2710740825658939	0.7863340546518732	0.8071640958347043
292	chr3	192589859	192591512	24.358669892896984	0.17480427319160288	0.6887379055313438	0.2538037645201854	0.7996471649906882	0.8194731277590523
348	chr4	87180613	87182578	100.94662339089253	-0.1270838699238841	0.5242367832528049	-0.24241692682331278	0.8084571197605074	0.827134346949694
251	chr2	227041088	227045989	36.36573097621608	-0.14858129612255316	0.7138184688362483	-0.20814997455135623	0.8351118675411191	0.8529972946877988
9	chr1	119928616	119932809	42.17176432486437	0.10635154154531241	0.5655552924032432	0.18804799985760426	0.8508390238679218	0.8676318993389991
450	chr6	54755807	54757175	16.501698691446602	0.10407123398528853	0.749489358521762	0.13885618628468724	0.8895637937528255	0.9056314484839931
302	chr3	29773786	29775391	17.190112740126597	-0.08321571403941322	0.7464360448838739	-0.11148405092409414	0.9112325122751176	0.9257752572419503
58	chr1	71668623	71671652	42.575139940809756	-0.061408485779843314	0.5577935398833077	-0.11009178376768251	0.9123365841529543	0.9257752572419503
92	chr10	56638434	56640263	12.89840267659003	0.07721911211601663	0.7237703830973472	0.10669006900442714	0.9150348614224184	0.9269961014410121
323	chr4	162834035	162877731	833.2986265530557	0.04197904334778957	0.47728665712181995	0.08795352378156901	0.9299136155698325	0.9405325312451813
369	chr5	16449611	16461690	177.07403002071217	-0.04686293831540578	0.5501515925409335	-0.0851818643275471	0.9321168083423432	0.9412254416486202
280	chr3	121908437	121916426	83.26850909549579	0.05082339686676973	0.6355457830729929	0.07996811279437382	0.9362626170281617	0.9438745082235126
411	chr6	131044988	131046343	39.955085179921895	0.05534823904708474	0.7844297247967024	0.07055856923503138	0.9437490851490055	0.9485971618475278
315	chr3	9074255	9076376	29.400953064474365	-0.054325802361613273	0.7734939144381526	-0.0702342983539492	0.9440071755805236	0.9485971618475278
394	chr5	49241746	49242071	1.2269414620237826	-0.07083076883650617	1.740242700671249	-0.04070166121609659	0.967533737235689	0.9706649143788467
568	chr9	103419043	103421016	14.157007678658537	0.00766369302717424	0.7997401411841963	0.00958272897972385	0.9923542055141205	0.9938275697135263
84	chr10	29144069	29145818	40.49447971234305	-0.005132611624863101	0.6634648808697325	-0.007736071302123463	0.9938275697135263	0.9938275697135263
138	chr11	68793241	68793886	137.91010660290647	-5.1833535868596785	1.9402607070964961	-2.671472739669253	NA	NA
472	chr7	167724779	167726233	151.7183244814826	2.0049101759011814	0.9302763154197979	2.1551770615555683	NA	NA
