Enhancer_ID	chr	start	end	center	FANTOM5	associated_gene-FANTOM5	associated_gene-50kb	associated_gene-4DGenome	Cell_Tissue	Detection_method	PMID	closest_gene	distance
1	1	103756846	103758821	103757655	N	NA	Glrx	NA	NA	NA	NA	Glrx	31339
2	1	10563775	10566069	10565090	N	NA	NA	NA	NA	NA	NA	Bag3	80932
3	1	10568571	10569798	10569111	N	NA	NA	NA	NA	NA	NA	Bag3	77203
4	1	114697479	114699890	114698956	N	NA	NA	NA	NA	NA	NA	Fbxl17	180500
5	1	114705757	114706856	114706326	N	NA	NA	NA	NA	NA	NA	Fbxl17	188778
6	1	11736715	11738158	11737306	N	NA	NA	NA	NA	NA	NA	LOC101974165	335405
7	1	119666738	119669689	119667420	N	NA	Matr3	NA	NA	NA	NA	Matr3	3157
8	1	119912098	119913780	119912738	N	NA	Ube2d2	NA	NA	NA	NA	Ube2d2	26388
9	1	119928616	119932809	119931891	N	NA	Ube2d2	NA	NA	NA	NA	Ube2d2	7359
10	1	120505103	120506042	120505479	N	NA	NA	NA	NA	NA	NA	Igip	63329
11	1	121052390	121053510	121053005	N	NA	NA	NA	NA	NA	NA	Hars1	112225
12	1	123626325	123627475	123626961	N	NA	NA	NA	NA	NA	NA	Nr3c1	57936
13	1	137162771	137166594	137163351	N	NA	Csnk1g3	NA	NA	NA	NA	Csnk1g3	6024
14	1	142568383	142569821	142569277	N	NA	NA	NA	NA	NA	NA	Dmxl1	1115595
15	1	144692623	144694950	144693685	N	NA	NA	NA	NA	NA	NA	Cdo1	88890
16	1	144993554	144995893	144994786	N	NA	NA	NA	NA	NA	NA	Fem1c	106983
17	1	144997400	144998716	144998054	N	NA	NA	NA	NA	NA	NA	Fem1c	110829
18	1	145491052	145493998	145491619,145493346	N,N	NA;NA	NA	NA	NA	NA	NA	LOC144377453	230780
19	1	145522307	145523805	145522785	N	NA	NA	NA	NA	NA	NA	LOC144377453	200973
20	1	14552609	14595401	14553624,14583000,14590654	N,N,N	NA;NA;NA	Ablim1,Fhip2a	NA	NA	NA	NA	Fhip2a	44941
21	1	151671795	151675510	151672978,151673690	N,N	NA;NA	Thoc3	NA	NA	NA	NA	Thoc3	46759
22	1	152518098	152519634	152519065	N	NA	NA	NA	NA	NA	NA	LOC101959387	578268
23	1	15577427	15581936	15579175,15581180	N,N	NA;NA	LOC144377168	NA	NA	NA	NA	LOC144377168	19271
24	1	178550272	178551276	178550508	N	NA	Pank3	NA	NA	NA	NA	Pank3	7736
25	1	182648675	182649868	182649302	N	NA	Cpeb4	NA	NA	NA	NA	Cpeb4	5967
26	1	182651426	182652667	182651890	N	NA	Cpeb4	NA	NA	NA	NA	Cpeb4	3168
27	1	18268900	18270629	18269587	N	NA	NA	NA	NA	NA	NA	Smndc1	81651
28	1	201101012	201146577	201146099	N	NA	NA	NA	NA	NA	NA	Gtf2h2c	7999724
29	1	206558541	206602099	206600826	N	NA	NA	NA	NA	NA	NA	Gtf2h2c	2544202
30	1	210349697	210350859	210350330	N	NA	Pik3r1	NA	NA	NA	NA	Pik3r1	17974
31	1	210355206	210357001	210356196	N	NA	Pik3r1	NA	NA	NA	NA	Pik3r1	23483
32	1	210385128	210387238	210385917	N	NA	NA	NA	NA	NA	NA	Pik3r1	53405
33	1	210757066	210759597	210757999	N	NA	NA	NA	NA	NA	NA	Pik3r1	425343
34	1	211127107	211129142	211128250	N	NA	NA	NA	NA	NA	NA	Mast4	621863
35	1	211139060	211140267	211139382	N	NA	NA	NA	NA	NA	NA	Mast4	610738
36	1	212354828	212359754	212355702	N	NA	Erbin	NA	NA	NA	NA	Erbin	2584
37	1	212363870	212365587	212364431	N	NA	Erbin	NA	NA	NA	NA	Erbin	11626
38	1	220492479	220493449	220492905	N	NA	NA	NA	NA	NA	NA	Map3k1	301072
39	1	224182903	224186543	224185043	N	NA	NA	NA	NA	NA	NA	Itga1,Pelo	566268
40	1	23113872	23115390	23114717	N	NA	NA	NA	NA	NA	NA	Gsto1	205781
41	1	249235104	249237143	249236264	N	NA	LOC120885840,Selenop	NA	NA	NA	NA	LOC120885840	7766
42	1	249245574	249248385	249246255	N	NA	LOC120885840	NA	NA	NA	NA	LOC120885840	18236
43	1	249250984	249253447	249252040	N	NA	LOC120885840	NA	NA	NA	NA	LOC120885840	23646
44	1	250729040	250730369	250729580	N	NA	NA	NA	NA	NA	NA	Otulin	311656
45	1	257531087	257532954	257532544	N	NA	NA	NA	NA	NA	NA	Srd5a1	482983
46	1	30480948	30482012	30481217	N	NA	NA	NA	NA	NA	NA	Ccnj	104303
47	1	31600251	31603659	31601567	N	NA	LOC101964587,LOC101971054	NA	NA	NA	NA	LOC101971054	7268
48	1	33081160	33083465	33082463	N	NA	NA	NA	NA	NA	NA	Rbp4	332179
49	1	3483323	3486987	3484180,3485787	N,N	NA;NA	NA	NA	NA	NA	NA	Glrx3	1019955
50	1	3521891	3524344	3522249	N	NA	NA	NA	NA	NA	NA	Glrx3	1058523
51	1	36432336	36434154	36432860	N	NA	NA	NA	NA	NA	NA	Ch25h	101464
52	1	37330406	37332763	37331743	N	NA	Wapl	NA	NA	NA	NA	Wapl	11135
53	1	44043724	44046108	44044355	N	NA	NA	NA	NA	NA	NA	LOC144375240	79535
54	1	50855125	50856900	50856090	N	NA	NA	NA	NA	NA	NA	Slc29a3	150522
55	1	51047005	51047742	51047252	N	NA	NA	NA	NA	NA	NA	Sgpl1	80335
56	1	6961951	6963365	6962636	N	NA	NA	NA	NA	NA	NA	Lhpp	81110
57	1	71157005	71163411	71162150	N	NA	NA	NA	NA	NA	NA	Fas	405662
58	1	71668623	71671652	71670907	N	NA	NA	NA	NA	NA	NA	LOC144366972	634885
59	1	74940323	74942153	74940809	N	NA	NA	NA	NA	NA	NA	Mapk8	505253
60	1	78075272	78076235	78075584	N	NA	NA	NA	NA	NA	NA	LOC106145160	68860
61	1	91197889	91203736	91198593,91203703	N,N	NA;NA	Acot12	NA	NA	NA	NA	Acot12	3102
62	1	91650596	91652259	91651278	N	NA	NA	NA	NA	NA	NA	Rps23	386909
63	1	97485	99133	97919	N	NA	Cyp2e1	NA	NA	NA	NA	Cyp2e1	48082
64	1	98436315	98437006	98436634	N	NA	NA	NA	NA	NA	NA	LOC120885806	258040
65	10	103701386	103703715	103702366	N	NA	NA	NA	NA	NA	NA	LOC144367414	275996
66	10	104723807	104724893	104724479	N	NA	NA	NA	NA	NA	NA	Mafk	63173
67	10	107285465	107288504	107286915	N	NA	NA	NA	NA	NA	NA	Ap5z1	91575
68	10	107342319	107343935	107343416	N	NA	NA	NA	NA	NA	NA	Ap5z1	148429
69	10	109180798	109184650	109181489	N	NA	Eif2ak1	NA	NA	NA	NA	Eif2ak1	12976
70	10	109734746	109747831	109736613,109738711	N,N	NA;NA	NA	NA	NA	NA	NA	Tecpr1	141360
71	10	111011770	111013071	111012521	N	NA	LOC101975676	NA	NA	NA	NA	LOC101975676	35106
72	10	111218543	111220947	111219612	N	NA	LOC101971393	NA	NA	NA	NA	LOC101971393	7288
73	10	11385040	11387611	11386302	N	NA	NA	NA	NA	NA	NA	Ralgps2	74903
74	10	11396507	11397914	11397261	N	NA	NA	NA	NA	NA	NA	Ralgps2	64600
75	10	117452022	117453887	117453225	N	NA	Hip1,Rhbdd2	NA	NA	NA	NA	Rhbdd2	25021
76	10	118385936	118386883	118386521	N	NA	NA	NA	NA	NA	NA	Lat2	61425
77	10	134095647	134098698	134097178	N	NA	Mrtfb	NA	NA	NA	NA	Mrtfb	38956
78	10	14185938	14188255	14187435	N	NA	NA	NA	NA	NA	NA	Rgs16	306242
79	10	142667742	142669530	142668804	N	NA	Hapstr1	NA	NA	NA	NA	Hapstr1	3467
80	10	144279148	144280357	144279582	N	NA	Litaf	NA	NA	NA	NA	Litaf	3964
81	10	144283833	144285496	144284734	N	NA	Litaf	NA	NA	NA	NA	Litaf	8649
82	10	28911569	28914685	28913357	N	NA	NA	NA	NA	NA	NA	Znf281	142835
83	10	28962474	28967997	28966981	N	NA	NA	NA	NA	NA	NA	Znf281	89523
84	10	29144069	29145818	29145315	N	NA	NA	NA	NA	NA	NA	Znf281	86549
85	10	31599394	31603722	31601031,31603237	N,N	NA;NA	Btg2	NA	NA	NA	NA	Btg2	23869
86	10	31604743	31606238	31605575	N	NA	Btg2	NA	NA	NA	NA	Btg2	21353
87	10	31612303	31615217	31614038	N	NA	Btg2	NA	NA	NA	NA	Btg2	12374
88	10	33891036	33897463	33896944	N	NA	NA	NA	NA	NA	NA	Nuak2	154134
89	10	36111031	36112918	36111846	N	NA	Plxna2	NA	NA	NA	NA	Plxna2	6567
90	10	39328679	39330079	39329453	N	NA	NA	NA	NA	NA	NA	Lpgat1	66563
91	10	39885396	39886819	39886137	N	NA	Atf3	NA	NA	NA	NA	Atf3	21290
92	10	56638434	56640263	56639447	N	NA	NA	NA	NA	NA	NA	Opn3	964790
93	10	57701793	57702407	57702083	N	NA	Fh,Kmo	NA	NA	NA	NA	Kmo	2711
94	10	62167052	62169016	62168155	N	NA	NA	NA	NA	NA	NA	Irf2bp2	129499
95	10	62181117	62182898	62181937	N	NA	NA	NA	NA	NA	NA	Irf2bp2	143564
96	10	62184063	62190427	62184653,62187548,62188609	N,N,N	NA;NA;NA	NA	NA	NA	NA	NA	Irf2bp2	146510
97	10	62291087	62293291	62291933	N	NA	NA	NA	NA	NA	NA	Tomm20	114847
98	10	62294864	62301312	62296669,62300160	N,N	NA;NA	NA	NA	NA	NA	NA	Tomm20	106826
99	10	62309920	62311251	62310761	N	NA	NA	NA	NA	NA	NA	Tomm20	96887
100	10	62329389	62331923	62330768	N	NA	NA	NA	NA	NA	NA	Tomm20	76215
101	10	62366246	62373925	62367428,62370507,62372883	N,N,N	NA;NA;NA	Tomm20	NA	NA	NA	NA	Tomm20	34213
102	10	71211994	71213107	71212451	N	NA	Rbm17	NA	NA	NA	NA	Rbm17	25773
103	10	71468756	71470365	71469510	N	NA	NA	NA	NA	NA	NA	Rbm17	229876
104	10	72389458	72390374	72389943	N	NA	Sfmbt2	NA	NA	NA	NA	Sfmbt2	13548
105	10	76109067	76110633	76109962	N	NA	Usp6nl	NA	NA	NA	NA	Usp6nl	26027
106	10	76165052	76167298	76166258	N	NA	Echdc3	NA	NA	NA	NA	Echdc3	13383
107	10	78937142	78938322	78937777	N	NA	NA	NA	NA	NA	NA	Arhgap21	272230
108	10	81350723	81352091	81351690	N	NA	NA	NA	NA	NA	NA	Commd3	50447
109	10	81952965	81955644	81953519	N	NA	Mllt10	NA	NA	NA	NA	Mllt10	7067
110	10	86316813	86318010	86317492	N	NA	Pter	NA	NA	NA	NA	Pter	15848
111	10	92194502	92195368	92194913	N	NA	Kif5b	NA	NA	NA	NA	Kif5b	4817
112	10	93479711	93480809	93480350	N	NA	NA	NA	NA	NA	NA	Znf438	225533
113	10	96758916	96759586	96759275	N	NA	NA	NA	NA	NA	NA	Fam107b	91612
114	10	98956260	98975649	98957268,98970556,98974638	N,N,N	NA;NA;NA	NA	NA	NA	NA	NA	Optn	677394
115	11	102905496	102906319	102905821	N	NA	LOC101959378,LOC101959659,LOC101960145,LOC144368232	NA	NA	NA	NA	LOC101959659	3495
116	11	104605362	104606222	104605932	N	NA	NA	NA	NA	NA	NA	C11H1orf162	54087
117	11	104608115	104609925	104609064	N	NA	NA	NA	NA	NA	NA	C11H1orf162	56840
118	11	106097049	106098991	106097869	N	NA	NA	NA	NA	NA	NA	Lrig2	96272
119	11	12200814	12203326	12202118	N	NA	Iffo2,LOC144367912	NA	NA	NA	NA	LOC144367912	32179
120	11	13199153	13199981	13199347	N	NA	NA	NA	NA	NA	NA	Camk2n1	215885
121	11	13203364	13215090	13204621,13214498	N,N	NA;NA	NA	NA	NA	NA	NA	Camk2n1	200776
122	11	132819106	132820062	132819390	N	NA	Bcl9,LOC144368549	NA	NA	NA	NA	LOC144368549	10129
123	11	17997295	18000092	17997823,17999333	N,N	NA;NA	NA	NA	NA	NA	NA	Arid1a	52643
124	11	22700801	22702313	22701639	N	NA	Ak2,LOC144367988	NA	NA	NA	NA	Ak2	3921
125	11	23666143	23666851	23666218	N	NA	Csmd2	NA	NA	NA	NA	Csmd2	12633
126	11	28232944	28234546	28233609	N	NA	Pabpc4	NA	NA	NA	NA	Pabpc4	3785
127	11	2855553	2856782	2856146	N	NA	NA	NA	NA	NA	NA	Tnfrsf25	733699
128	11	2864081	2880835	2876146,2879636	N,N	NA;NA	NA	NA	NA	NA	NA	Tnfrsf25	709646
129	11	2884558	2887733	2885277	N	NA	NA	NA	NA	NA	NA	Tnfrsf25	702748
130	11	31641289	31642893	31642156	N	NA	Hyi	NA	NA	NA	NA	Hyi	45810
131	11	39559969	39563138	39561482	N	NA	NA	NA	NA	NA	NA	Tut4	148247
132	11	39565977	39567540	39566887	N	NA	NA	NA	NA	NA	NA	Tut4	154255
133	11	41433292	41435293	41434466	N	NA	NA	NA	NA	NA	NA	Pars2	107118
134	11	42708682	42713583	42711159	N	NA	NA	NA	NA	NA	NA	Fyb2	363067
135	11	4793096	4810415	4794631,4796590,4807213,4809408	N,N,N,N	NA;NA;NA;NA	LOC144367845	NA	NA	NA	NA	LOC144367845	26469
136	11	51349978	51351237	51350507	N	NA	NA	NA	NA	NA	NA	Leprot	223629
137	11	52971748	52974530	52973180	N	NA	NA	NA	NA	NA	NA	Serbp1	104554
138	11	68793241	68793886	68793726	N	NA	NA	NA	NA	NA	NA	Znhit6	98101
139	11	70600354	70602067	70601321	N	NA	NA	NA	NA	NA	NA	Lmo4	96618
140	11	77497478	77498867	77498026	N	NA	Abcd3	NA	NA	NA	NA	Abcd3	36238
141	11	96052810	96080796	96053096,96055989	N,N	NA;NA	NA	NA	NA	NA	NA	Pde4dip	2301599
142	12	105634798	105638254	105637625	N	NA	Apob	NA	NA	NA	NA	Apob	2453
143	12	106139487	106143071	106142090	N	NA	Rhob	NA	NA	NA	NA	Rhob	2774
144	12	106815340	106826945	106815917	N	NA	NA	NA	NA	NA	NA	LOC144369445	103215
145	12	106833953	106836255	106834887	N	NA	NA	NA	NA	NA	NA	LOC144369445	93905
146	12	106867985	106871202	106869736	N	NA	NA	NA	NA	NA	NA	LOC144369445	58958
147	12	115556476	115565970	115561573,115565193	N,N	NA;NA	NA	NA	NA	NA	NA	LOC144369475	150510
148	12	115695619	115697550	115696335	N	NA	NA	NA	NA	NA	NA	LOC144369475	289653
149	12	117057951	117072107	117058942,117060280,117069135	N,N,N	NA;NA;NA	NA	NA	NA	NA	NA	Cmpk2	412546
150	12	119815309	119817320	119816377	N	NA	NA	NA	NA	NA	NA	Acp1	182388
151	12	119835793	119837738	119836873	N	NA	NA	NA	NA	NA	NA	Acp1	161970
152	12	119842214	119843989	119843036	N	NA	NA	NA	NA	NA	NA	Acp1	155719
153	12	12459877	12461341	12460365	N	NA	NA	NA	NA	NA	NA	LOC144369050	516530
154	12	1288669	1291417	1290170	N	NA	Fabp1	NA	NA	NA	NA	Fabp1	13634
155	12	1674622	1676991	1675878	N	NA	NA	NA	NA	NA	NA	Chmp3	91614
156	12	1977895	1982353	1978151	N	NA	St3gal5	NA	NA	NA	NA	St3gal5	42065
157	12	1989796	1991742	1990893	N	NA	St3gal5	NA	NA	NA	NA	St3gal5	32676
158	12	2124501	2127699	2125636	N	NA	NA	NA	NA	NA	NA	St3gal5	100083
159	12	36292879	36301790	36294141	N	NA	LOC101958538	NA	NA	NA	NA	LOC101958538	28690
160	12	41369598	41371261	41370481	N	NA	NA	NA	NA	NA	NA	Tgfbrap1	250118
161	12	44468943	44471068	44470032	N	NA	Il1r1	NA	NA	NA	NA	Il1r1	44899
162	12	44473746	44475085	44474570	N	NA	Il1r1	NA	NA	NA	NA	Il1r1	49702
163	12	44494686	44496160	44495602	N	NA	NA	NA	NA	NA	NA	Il1r1	70642
164	12	66689638	66691038	66690405	N	NA	Etaa1	NA	NA	NA	NA	Etaa1	37329
165	12	68712612	68713994	68713273	N	NA	Rab1a	NA	NA	NA	NA	Rab1a	4150
166	12	71478260	71479592	71478873	N	NA	NA	NA	NA	NA	NA	Cct4	114924
167	12	78006043	78007677	78006368	N	NA	NA	NA	NA	NA	NA	Psme4	115746
168	12	83093543	83095341	83094503	N	NA	NA	NA	NA	NA	NA	Foxn2	161083
169	12	86507687	86509137	86508657	N	NA	NA	NA	NA	NA	NA	Lrpprc	94186
170	12	86514662	86516955	86515514	N	NA	NA	NA	NA	NA	NA	Lrpprc	86368
171	12	86531290	86534131	86532800	N	NA	NA	NA	NA	NA	NA	Lrpprc	69192
172	12	86540952	86542408	86541939	N	NA	NA	NA	NA	NA	NA	Lrpprc	60915
173	12	98067187	98068034	98067613	N	NA	Lbh	NA	NA	NA	NA	Lbh	4974
174	13	13365135	13368345	13365929	N	NA	NA	NA	NA	NA	NA	Relch	263050
175	13	13372894	13375715	13374161	N	NA	NA	NA	NA	NA	NA	Relch	255680
176	13	13380812	13385140	13381533	N	NA	NA	NA	NA	NA	NA	Relch	246255
177	13	13421013	13422365	13421676	N	NA	NA	NA	NA	NA	NA	Relch	209030
178	13	17388520	17403269	17390384,17396028	N,N	NA;NA	Onecut2	NA	NA	NA	NA	Onecut2	6101
179	13	23810513	23826027	23822207,23823969	N,N	NA;NA	NA	NA	NA	NA	NA	Acaa2	74164
180	13	23856376	23868554	23858631,23862285,23867504	N,N,N	NA;NA;NA	NA	NA	NA	NA	NA	Lipg	52836
181	13	23938035	23939069	23938375	N	NA	C13H18orf32,Dym,Lipg	NA	NA	NA	NA	C13H18orf32	14605
182	13	2664025	2667518	2666353	N	NA	NA	NA	NA	NA	NA	Mbp	538310
183	13	2688116	2691902	2689540	N	NA	NA	NA	NA	NA	NA	Mbp	562401
184	13	28087718	28088922	28088228	N	NA	NA	NA	NA	NA	NA	LOC144369806	360241
185	13	33504588	33505879	33505184	N	NA	NA	NA	NA	NA	NA	LOC101959331	1681553
186	13	38652808	38656230	38655110	N	NA	Rnf125	NA	NA	NA	NA	Rnf125	18966
187	13	4287160	4290547	4288079	N	NA	Timm21	NA	NA	NA	NA	Timm21	28594
188	13	48503800	48505702	48504855	N	NA	NA	NA	NA	NA	NA	LOC144369849	161322
189	13	91104832	91109878	91105333,91108180	N,N	NA;NA	Fbp2	NA	NA	NA	NA	Fbp2	47969
190	13	91131485	91133383	91132917	N	NA	Aopep	NA	NA	NA	NA	Aopep	42270
191	13	97858711	97860879	97859833	N	NA	NA	NA	NA	NA	NA	LOC120886504	60911
192	13	97982675	97987658	97984116,97986811	N,N	NA;NA	NA	NA	NA	NA	NA	LOC120886504	184875
193	13	98102338	98103578	98103060	N	NA	NA	NA	NA	NA	NA	LOC120886504	304538
194	13	98932470	98934947	98932968	N	NA	NA	NA	NA	NA	NA	LOC144370071	104345
195	13	98971111	98973408	98972339	N	NA	NA	NA	NA	NA	NA	LOC144370071	65884
196	14	13356742	13357777	13357368	N	NA	NA	NA	NA	NA	NA	Dok2	51671
197	14	18204544	18204828	18204715	N	NA	Tmem192	NA	NA	NA	NA	Tmem192	7121
198	14	33605273	33606288	33605923	N	NA	NA	NA	NA	NA	NA	Irf2	204762
199	14	34119413	34121184	34120057,34120122	N,N	NA;NA	Acsl1	NA	NA	NA	NA	Acsl1	26862
200	14	34146618	34149407	34147899	N	NA	NA	NA	NA	NA	NA	Acsl1	54067
201	14	39059280	39061474	39060580	N	NA	NA	NA	NA	NA	NA	LOC110598706	137062
202	14	39083480	39085133	39084326	N	NA	NA	NA	NA	NA	NA	LOC110598706	113403
203	14	39098894	39100528	39099540	N	NA	NA	NA	NA	NA	NA	LOC110598706	98008
204	14	49254415	49256041	49255526	N	NA	NA	NA	NA	NA	NA	LOC144370389	1727432
205	14	51648294	51649665	51648937	N	NA	NA	NA	NA	NA	NA	LOC144370405	113719
206	14	5697707	5699812	5698821	N	NA	NA	NA	NA	NA	NA	Gata4	159847
207	14	5939967	5941731	5940870	N	NA	NA	NA	NA	NA	NA	Gata4	80308
208	14	64902910	64905150	64904022	N	NA	Tcim	NA	NA	NA	NA	Tcim	35813
209	14	65058327	65059646	65059085	N	NA	NA	NA	NA	NA	NA	Tcim	191230
210	14	70240320	70246386	70245597	N	NA	Ppp1r3b	NA	NA	NA	NA	Ppp1r3b	38761
211	14	70353662	70354913	70354480	N	NA	NA	NA	NA	NA	NA	Ppp1r3b	68515
212	14	70441986	70444381	70443138	N	NA	NA	NA	NA	NA	NA	Ppp1r3b	156839
213	14	7324481	7325886	7324812	N	NA	Kif13b	NA	NA	NA	NA	Kif13b	12560
214	14	9924121	9925962	9924891	N	NA	Ppp2r2a	NA	NA	NA	NA	Ppp2r2a	7865
215	15	13547852	13551286	13550570	N	NA	Egln2,LOC101956400,LOC101966838,LOC144371050	NA	NA	NA	NA	LOC144371050	25909
216	15	19220193	19222526	19221796	N	NA	NA	NA	NA	NA	NA	Wdr88	135033
217	15	22962164	22963437	22962959	N	NA	NA	NA	NA	NA	NA	Uqcrfs1	264208
218	15	30626554	30644219	30627472,30631101	N,N	NA;NA	NA	NA	NA	NA	NA	Cyld	607316
219	15	30669227	30671304	30669973	N	NA	NA	NA	NA	NA	NA	Cyld	649989
220	15	36743284	36760214	36743866,36749895	N,N	NA;NA	Got2,Slc38a7	NA	NA	NA	NA	Got2	8585
221	15	48460747	48466313	48461945,48464906	N,N	NA;NA	LOC120887963,Tat	NA	NA	NA	NA	Tat	3647
222	15	48539666	48541818	48540341	N	NA	NA	NA	NA	NA	NA	LOC120887963	57859
223	15	53804813	53815353	53805378	N	NA	LOC106145435	NA	NA	NA	NA	LOC106145435	2936
224	15	53940089	53942424	53941233,53941296	N,N	NA;NA	NA	NA	NA	NA	NA	LOC106145435	138212
225	15	54360444	54362106	54361236	N	NA	NA	NA	NA	NA	NA	Cdyl2	410515
226	15	54366550	54367924	54367226	N	NA	NA	NA	NA	NA	NA	Cdyl2	404697
227	15	55684445	55687304	55685850	N	NA	Hsd17b2,Sdr42e1	NA	NA	NA	NA	Hsd17b2	7058
228	15	9952765	9954163	9953248	N	NA	NA	NA	NA	NA	NA	LOC144370763	203192
229	16	37100165	37110292	37106981,37109000	N,N	NA;NA	NA	NA	NA	NA	NA	Isy1	176168
230	16	42647229	42648736	42647520	N	NA	NA	NA	NA	NA	NA	Srgap3	1010250
231	16	45472021	45472495	45472187	N	NA	Bhlhe40	NA	NA	NA	NA	Bhlhe40	49857
232	16	50890714	50892170	50891585	N	NA	NA	NA	NA	NA	NA	Eif4e3	1180457
233	16	51853114	51855018	51853680	N	NA	NA	NA	NA	NA	NA	Eif4e3	217609
234	16	51957567	51958852	51958173	N	NA	NA	NA	NA	NA	NA	Eif4e3	113775
235	16	52132293	52145606	52143731	N	NA	Foxp1,LOC110598950	NA	NA	NA	NA	LOC110598950	36473
236	16	6192467	6194035	6193005	N	NA	NA	NA	NA	NA	NA	Txnrd3	29923497
237	16	7318066	7318673	7318623	N	NA	NA	NA	NA	NA	NA	Txnrd3	28798859
238	2	136495535	136498574	136495698	N	NA	Cdk13	NA	NA	NA	NA	Cdk13	10301
239	2	148558771	148581584	148580194	N	NA	NA	NA	NA	NA	NA	Snx10	178708
240	2	148587595	148589061	148588198	N	NA	NA	NA	NA	NA	NA	Snx10	171231
241	2	150338215	150340204	150338820	N	NA	Pals2	NA	NA	NA	NA	Pals2	48696
242	2	150382495	150384219	150383126	N	NA	NA	NA	NA	NA	NA	Pals2	92976
243	2	176549700	176551785	176550980	N	NA	Sypl1	NA	NA	NA	NA	Sypl1	48362
244	2	176871752	176873772	176873171	N	NA	NA	NA	NA	NA	NA	Nampt	221493
245	2	182685937	182687707	182686708	N	NA	NA	NA	NA	NA	NA	Ndufa5	207011
246	2	19766310	19768132	19766764	N	NA	NA	NA	NA	NA	NA	Cyp8b1	146243
247	2	198362474	198364211	198363302	N	NA	NA	NA	NA	NA	NA	LOC144375439	71178
248	2	199026038	199029236	199028029	N	NA	Pdk4	NA	NA	NA	NA	Pdk4	10961
249	2	22125439	22126717	22125844	N	NA	NA	NA	NA	NA	NA	Znf619	178023
250	2	225686369	225689418	225687177,225687868	N,N	NA;NA	NA	NA	NA	NA	NA	Slc4a2	182898
251	2	227041088	227045989	227041891	N	NA	NA	NA	NA	NA	NA	Cct8l2	71316
252	2	229071635	229074774	229073294	N	NA	NA	NA	NA	NA	NA	Lmbr1	1245414
253	2	229090658	229093742	229092916	N	NA	NA	NA	NA	NA	NA	Lmbr1	1226446
254	2	229094710	229096229	229095678	N	NA	NA	NA	NA	NA	NA	Lmbr1	1223959
255	2	230345490	230347434	230345986	N	NA	Lmbr1	NA	NA	NA	NA	Lmbr1	25302
256	2	232522265	232524854	232523863	N	NA	NA	NA	NA	NA	NA	Lmbr1	2202077
257	2	42105614	42106940	42105844	N	NA	Plcl2	NA	NA	NA	NA	Plcl2	44249
258	2	47779681	47781317	47780550	N	NA	NA	NA	NA	NA	NA	Tkt	89356
259	2	56193172	56194206	56193853	N	NA	Magi1	NA	NA	NA	NA	Magi1	12651
260	2	56204126	56208750	56205394,56207473	N,N	NA;NA	Magi1	NA	NA	NA	NA	Magi1	23605
261	2	56720381	56722049	56720931	N	NA	NA	NA	NA	NA	NA	LOC110599118	358506
262	2	58674876	58676552	58675716	N	NA	NA	NA	NA	NA	NA	LOC110597289	661966
263	2	58775516	58845089	58776197,58778120,58782515,58785122,58797833,58816419	N,N,N,N,N,N	NA;NA;NA;NA;NA;NA	NA	NA	NA	NA	NA	LOC110597289	762606
264	2	68538589	68541263	68539568	N	NA	NA	NA	NA	NA	NA	Dgcr6l	1836020
265	2	84062665	84089159	84063718	N	NA	LOC101963847	NA	NA	NA	NA	LOC101963847	32595
266	2	87454780	87461219	87458127,87460098	N,N	NA;NA	NA	NA	NA	NA	NA	Tbx3	222240
267	2	88648914	88650096	88649280	N	NA	NA	NA	NA	NA	NA	Spring1	156554
268	2	90730239	90731726	90730552	N	NA	NA	NA	NA	NA	NA	LOC144375238	148706
269	2	90838236	90839543	90838925	N	NA	LOC144375238	NA	NA	NA	NA	LOC144375238	40889
270	2	90993496	90995206	90994443	N	NA	Pptc7	NA	NA	NA	NA	Pptc7	5904
271	2	96031263	96033925	96032531	N	NA	NA	NA	NA	NA	NA	Ubc	1965105
272	3	100507798	100508883	100508378	N	NA	NA	NA	NA	NA	NA	Mbnl1	216782
273	3	100602134	100603465	100602945	N	NA	NA	NA	NA	NA	NA	Mbnl1	311118
274	3	102214374	102215853	102215334	N	NA	NA	NA	NA	NA	NA	Tsc22d2	108398
275	3	102217483	102219048	102218196	N	NA	NA	NA	NA	NA	NA	Tsc22d2	111507
276	3	102220619	102222054	102220967	N	NA	NA	NA	NA	NA	NA	Tsc22d2	114643
277	3	102230652	102232830	102231958	N	NA	NA	NA	NA	NA	NA	Tsc22d2	124676
278	3	121723252	121724425	121723749	N	NA	NA	NA	NA	NA	NA	Tbl1xr1	245138
279	3	121727690	121730776	121729519	N	NA	NA	NA	NA	NA	NA	Tbl1xr1	249576
280	3	121908437	121916426	121909766	N	NA	NA	NA	NA	NA	NA	Tbl1xr1	430323
281	3	12617518	12618506	12617720	N	NA	Apoh,Prkca	NA	NA	NA	NA	Apoh	4967
282	3	12620937	12622085	12621690	N	NA	Apoh,Prkca	NA	NA	NA	NA	Apoh	8386
283	3	139696122	139766416	139765554	N	NA	NA	NA	NA	NA	NA	LOC144376373	54789
284	3	145797645	145798626	145798321	N	NA	Dtx3l,Parp9	NA	NA	NA	NA	Dtx3l	46112
285	3	159215053	159219363	159216119	N	NA	NA	NA	NA	NA	NA	Bbx	84307
286	3	164609703	164610668	164610530	N	NA	NA	NA	NA	NA	NA	Nfkbiz	305156
287	3	176374938	176376189	176376098	N	NA	NA	NA	NA	NA	NA	C3H3orf38	2768887
288	3	190464395	190466551	190465603	N	NA	NA	NA	NA	NA	NA	Nrip1	156849
289	3	19213319	19215313	19214322	N	NA	Dhx8	NA	NA	NA	NA	Dhx8	18644
290	3	19223592	19225743	19224978	N	NA	Arl4d,Dhx8	NA	NA	NA	NA	Dhx8	28917
291	3	19229507	19230781	19230254	N	NA	Arl4d,Dhx8	NA	NA	NA	NA	Dhx8	34832
292	3	192589859	192591512	192590650	N	NA	NA	NA	NA	NA	NA	C3H21orf91	277123
293	3	19591283	19593324	19592582	N	NA	G6pc1,LOC144375601,LOC144375602	NA	NA	NA	NA	G6pc1	2499
294	3	196466210	196467915	196467231	N	NA	NA	NA	NA	NA	NA	Atp5pf	2902021
295	3	201467445	201469141	201467835	N	NA	NA	NA	NA	NA	NA	Ltn1	598568
296	3	202144820	202146276	202145791	N	NA	Cct8	NA	NA	NA	NA	Cct8	12520
297	3	204665603	204673702	204671970	N	NA	NA	NA	NA	NA	NA	Sod1	53855
298	3	204674819	204699416	204676787,204679001,204688396	N,N,N	NA;NA;NA	Sod1	NA	NA	NA	NA	Sod1	28141
299	3	214153045	214164885	214162441	N	NA	NA	NA	NA	NA	NA	U2af1	212324
300	3	214169806	214176126	214171357,214173637	N,N	NA;NA	NA	NA	NA	NA	NA	Rrp1	226045
301	3	26256493	26286056	26278632,26281861,26285070	N,N,N	NA;NA;NA	LOC101975192,Tob1	NA	NA	NA	NA	Tob1	5631
302	3	29773786	29775391	29774510	N	NA	Hlf,LOC144376076	NA	NA	NA	NA	Hlf	21152
303	3	46761217	46765275	46763872	N	NA	NA	NA	NA	NA	NA	LOC101959994	291718
304	3	46825971	46830227	46828329	N	NA	NA	NA	NA	NA	NA	LOC101959994	356472
305	3	46858022	46860620	46859328	N	NA	NA	NA	NA	NA	NA	LOC101959994	388523
306	3	48406635	48408464	48407451	N	NA	Ube2g1	NA	NA	NA	NA	Ube2g1	27359
307	3	61077240	61081698	61081157	N	NA	NA	NA	NA	NA	NA	Ulk2	252650
308	3	64113658	64115029	64114381	N	NA	NA	NA	NA	NA	NA	Map2k3	76590
309	3	70640378	70643216	70641579	N	NA	NA	NA	NA	NA	NA	LOC101966410	253647
310	3	72826529	72827435	72827000	N	NA	NA	NA	NA	NA	NA	LOC144376238	815443
311	3	72841490	72843611	72842685	N	NA	NA	NA	NA	NA	NA	LOC144376238	830404
312	3	77516434	77519598	77518840	N	NA	NA	NA	NA	NA	NA	Rpl29	60196
313	3	79738011	79739539	79738913	N	NA	Acp3	NA	NA	NA	NA	Acp3	31516
314	3	8934717	8936814	8935791	N	NA	NA	NA	NA	NA	NA	Sox9	457200
315	3	9074255	9076376	9075223	N	NA	NA	NA	NA	NA	NA	Sox9	596738
316	3	91824245	91826141	91824891	N	NA	NA	NA	NA	NA	NA	Plscr4	61116
317	3	94402607	94404506	94403814	N	NA	NA	NA	NA	NA	NA	Cp	75079
318	3	99173137	99175793	99174590	N	NA	NA	NA	NA	NA	NA	Arhgef26	269822
319	4	103319068	103321186	103320363	N	NA	Oaf	NA	NA	NA	NA	Oaf	24055
320	4	139405148	139406685	139405801	N	NA	NA	NA	NA	NA	NA	Zfand5	169253
321	4	141307666	141363399	141321240,141323804,141331488,141336689,141336703,141340659,141348434,141358452,141362075	N,N,N,N,N,N,N,N,N	NA;NA;NA;NA;NA;NA;NA;NA;NA	Klf9	NA	NA	NA	NA	Klf9	32430
322	4	149761582	149763077	149762355	N	NA	Gldc	NA	NA	NA	NA	Gldc	33305
323	4	162834035	162877731	162868902,162876743	N,N	NA;NA	NA	NA	NA	NA	NA	Klhl9	279200
324	4	176881412	176884529	176882297,176883938	N,N	NA;NA	Aldh1b1	NA	NA	NA	NA	Aldh1b1	4858
325	4	177392129	177393851	177392953	N	NA	NA	NA	NA	NA	NA	Xpa	85102
326	4	183453843	183455507	183454268	N	NA	Abca1	NA	NA	NA	NA	Abca1	32202
327	4	185291857	185298378	185297459	N	NA	Rad23b	NA	NA	NA	NA	Rad23b	41226
328	4	187232365	187234253	187233298	N	NA	NA	NA	NA	NA	NA	Epb41l4b	227252
329	4	189188594	189193658	189192580	N	NA	NA	NA	NA	NA	NA	Gng10	282968
330	4	191400869	191403121	191402058	N	NA	NA	NA	NA	NA	NA	Tmem268	57595
331	4	191411535	191412932	191412208	N	NA	NA	NA	NA	NA	NA	Tmem268	68261
332	4	204105774	204107787	204107504	N	NA	LOC110597745	NA	NA	NA	NA	LOC110597745	5540
333	4	205573058	205575479	205574384	N	NA	NA	NA	NA	NA	NA	Pomt1	93124
334	4	206819483	206820494	206819787	N	NA	NA	NA	NA	NA	NA	Gtf3c4	218823
335	4	207515226	207516454	207515598	N	NA	NA	NA	NA	NA	NA	Brd3	79564
336	4	207715271	207721579	207719510	N	NA	Rxra	NA	NA	NA	NA	Rxra	39942
337	4	210603720	210605235	210604359	N	NA	LOC144377480	NA	NA	NA	NA	LOC144377480	47109
338	4	30231217	30237083	30233101	N	NA	Cat	NA	NA	NA	NA	Cat	6400
339	4	30249419	30252824	30250588	N	NA	Abtb2,Cat	NA	NA	NA	NA	Cat	24602
340	4	30768633	30770103	30769281	N	NA	NA	NA	NA	NA	NA	Cd59	57324
341	4	4380434	4382322	4381390	N	NA	NA	NA	NA	NA	NA	Fadd	66765
342	4	52488499	52490718	52489409	N	NA	LOC106144938,Tmem41b	NA	NA	NA	NA	LOC106144938	46822
343	4	55958096	55994023	55978032	N	NA	NA	NA	NA	NA	NA	Mrpl17	667991
344	4	63436604	63438252	63437141	N	NA	Arrb1,Rps3	NA	NA	NA	NA	Arrb1	9505
345	4	64659519	64662672	64661760	N	NA	NA	NA	NA	NA	NA	Acer3	76825
346	4	64664918	64667598	64665799	N	NA	NA	NA	NA	NA	NA	Acer3	71899
347	4	83968137	83969121	83968476	N	NA	NA	NA	NA	NA	NA	Jrkl	1572285
348	4	87180613	87182578	87181338,87181646	N,N	NA;NA	Birc3	NA	NA	NA	NA	Birc3	47148
349	4	87509964	87512478	87511171	N	NA	NA	NA	NA	NA	NA	LOC101958300	252130
350	4	9333123	9334199	9333661	N	NA	LOC101978269	NA	NA	NA	NA	LOC101978269	9962
351	4	97391132	97393792	97391876	N	NA	Zbtb16	NA	NA	NA	NA	Zbtb16	19828
352	5	106424035	106426205	106424542	N	NA	NA	NA	NA	NA	NA	Ptpn21	2983194
353	5	110385714	110387121	110386689	N	NA	Foxn3	NA	NA	NA	NA	Foxn3	33569
354	5	114258070	114259713	114258978	N	NA	LOC144377571	NA	NA	NA	NA	LOC144377571	19291
355	5	114761696	114772121	114762300,114763665,114765264	N,N,N	NA;NA;NA	NA	NA	NA	NA	NA	LOC101960548	195685
356	5	119144556	119146051	119145736	N	NA	LOC144377948	NA	NA	NA	NA	LOC144377948	45858
357	5	119154806	119156959	119156065	N	NA	LOC144377948	NA	NA	NA	NA	LOC144377948	34950
358	5	119167671	119170192	119169167	N	NA	LOC144377948	NA	NA	NA	NA	LOC144377948	21717
359	5	120432138	120440203	120439816	N	NA	NA	NA	NA	NA	NA	LOC144377954	74773
360	5	120448069	120469120	120458548,120468188	N,N	NA;NA	LOC144377954	NA	NA	NA	NA	LOC144377954	45856
361	5	121197533	121199917	121198884	N	NA	NA	NA	NA	NA	NA	Ppp2r5c	60367
362	5	121211554	121212532	121212172	N	NA	LOC144377956,Ppp2r5c	NA	NA	NA	NA	Ppp2r5c	47752
363	5	141838310	141840198	141839294	N	NA	Chd2,LOC144378019	NA	NA	NA	NA	Chd2	32594
364	5	146439313	146440964	146440105	N	NA	Arrdc4	NA	NA	NA	NA	Arrdc4	48365
365	5	147731674	147733583	147732483	N	NA	NA	NA	NA	NA	NA	Mef2a	63565
366	5	151085502	151091518	151086823	N	NA	NA	NA	NA	NA	NA	Klf13	104435
367	5	15705656	15708103	15707191	N	NA	NA	NA	NA	NA	NA	Pias1	100261
368	5	15725463	15727351	15726499	N	NA	NA	NA	NA	NA	NA	Pias1	120068
369	5	16449611	16461690	16450029,16460483	N,N	NA;NA	NA	NA	NA	NA	NA	LOC144377712	231122
370	5	170278976	170280855	170279855	N	NA	Shld1	NA	NA	NA	NA	Shld1	24965
371	5	170289155	170290643	170289866	N	NA	Shld1	NA	NA	NA	NA	Shld1	35144
372	5	177839749	177843323	177841237	N	NA	Ahcy,Itch	NA	NA	NA	NA	Ahcy	12476
373	5	181909906	181912150	181910729	N	NA	NA	NA	NA	NA	NA	Dhx35	319251
374	5	18266531	18267484	18267087	N	NA	LOC120886319,Rbpms2	NA	NA	NA	NA	LOC120886319	49037
375	5	1848505	1850584	1849822	N	NA	NA	NA	NA	NA	NA	LOC144377684	458826
376	5	188307338	188309394	188308416	N	NA	LOC144378149,Pck1	NA	NA	NA	NA	Pck1	18427
377	5	188310093	188311404	188310810	N	NA	LOC144378149,Pck1	NA	NA	NA	NA	Pck1	21182
378	5	193472467	193474164	193473548	N	NA	Ptpn1	NA	NA	NA	NA	Ptpn1	6335
379	5	193486764	193488586	193487439	N	NA	Ptpn1	NA	NA	NA	NA	Ptpn1	20632
380	5	19427864	19429077	19428272	N	NA	Usp3	NA	NA	NA	NA	Usp3	21956
381	5	194317891	194318777	194318237	N	NA	Stau1	NA	NA	NA	NA	Stau1	5936
382	5	194319626	194320961	194320301	N	NA	Stau1	NA	NA	NA	NA	Stau1	3752
383	5	194901765	194902798	194902259	N	NA	NA	NA	NA	NA	NA	LOC120886321	362562
384	5	197552977	197554334	197553416	N	NA	NA	NA	NA	NA	NA	Fam217b	97823
385	5	22696192	22697439	22696741	N	NA	NA	NA	NA	NA	NA	Gtf2a2	68601
386	5	23994196	23998087	23997410	N	NA	NA	NA	NA	NA	NA	Adam10	487876
387	5	24108922	24110307	24109639	N	NA	NA	NA	NA	NA	NA	Adam10	602602
388	5	25212113	25214017	25213241	N	NA	Tcf12	NA	NA	NA	NA	Tcf12	20930
389	5	28631987	28634330	28632911	N	NA	NA	NA	NA	NA	NA	Onecut1	217081
390	5	28918047	28920226	28919048	N	NA	Atosa	NA	NA	NA	NA	Atosa	43477
391	5	30988264	30989291	30989166	N	NA	Gabpb1,LOC101961191,Usp8	NA	NA	NA	NA	Usp8	30097
392	5	35802899	35804371	35803795	N	NA	B2m,Spg11	NA	NA	NA	NA	B2m	9124
393	5	40810884	40813320	40812334	N	NA	NA	NA	NA	NA	NA	Spred1	683179
394	5	49241746	49242071	49241896	N	NA	Gnpnat1	NA	NA	NA	NA	Gnpnat1	23924
395	5	5491162	5493147	5492028	N	NA	Mthfs	NA	NA	NA	NA	Mthfs	34274
396	5	62174728	62175935	62175373	N	NA	Tmem229b	NA	NA	NA	NA	Tmem229b	42571
397	5	63144582	63146242	63145561	N	NA	NA	NA	NA	NA	NA	Zfp36l1	242140
398	5	63242109	63245314	63243281	N	NA	NA	NA	NA	NA	NA	Zfp36l1	143068
399	5	63309929	63311973	63311395	N	NA	NA	NA	NA	NA	NA	Zfp36l1	76409
400	5	63330533	63332895	63331751	N	NA	NA	NA	NA	NA	NA	Zfp36l1	55487
401	5	64332087	64355548	64333466,64336944,64338914,64343796	N,N,N,N	NA;NA;NA;NA	Slc10a1,Smoc1,Srsf5	NA	NA	NA	NA	Slc10a1	17117
402	5	64363524	64366776	64364084	N	NA	Slc10a1,Smoc1	NA	NA	NA	NA	Smoc1	25367
403	5	66005790	66007075	66006561	N	NA	Pygl	NA	NA	NA	NA	Pygl	2424
404	5	71258065	71259826	71258508,71259159	N,N	NA;NA	NA	NA	NA	NA	NA	Dorip1	162247
405	5	79840351	79842021	79841375	N	NA	NA	NA	NA	NA	NA	LOC101964833	53284
406	5	9405077	9410925	9407235	N	NA	C5H15orf39	NA	NA	NA	NA	C5H15orf39	21215
407	5	95637173	95638469	95637595	N	NA	Dpf3	NA	NA	NA	NA	Dpf3	23696
408	5	99203635	99206466	99204150,99206124	N,N	NA;NA	NA	NA	NA	NA	NA	Cipc	151110
409	6	110136969	110138942	110138189	N	NA	NA	NA	NA	NA	NA	LOC101954843	222056
410	6	116215615	116219294	116216170	N	NA	NA	NA	NA	NA	NA	Cdk8	1037156
411	6	131044988	131046343	131045736	N	NA	NA	NA	NA	NA	NA	Spry2	167722
412	6	131379221	131421262	131408964,131420594	N,N	NA;NA	NA	NA	NA	NA	NA	Ndfip2	121885
413	6	133909489	133911143	133910196	N	NA	NA	NA	NA	NA	NA	Cln5	202025
414	6	13820833	13822129	13821115	N	NA	Cry1	NA	NA	NA	NA	Cry1	8837
415	6	13823348	13825451	13824275	N	NA	Cry1	NA	NA	NA	NA	Cry1	5515
416	6	13957190	13958105	13957931	N	NA	NA	NA	NA	NA	NA	Mterf2	58355
417	6	158243836	158245681	158245072	N	NA	NA	NA	NA	NA	NA	LOC101978069	178957
418	6	165831929	165833477	165832591	N	NA	NA	NA	NA	NA	NA	Foxo1	239649
419	6	174376790	174378442	174377768	N	NA	NA	NA	NA	NA	NA	Uspl1	249813
420	6	174794424	174795755	174794989	N	NA	Hmgb1	NA	NA	NA	NA	Hmgb1	34813
421	6	174818714	174820695	174819723	N	NA	NA	NA	NA	NA	NA	Hmgb1	59103
422	6	175227547	175229441	175228471	N	NA	NA	NA	NA	NA	NA	Ubl3	66031
423	6	175230366	175232246	175230989	N	NA	NA	NA	NA	NA	NA	Ubl3	63226
424	6	175255485	175258145	175256854	N	NA	Ubl3	NA	NA	NA	NA	Ubl3	37327
425	6	176186762	176187760	176187134	N	NA	Slc46a3	NA	NA	NA	NA	Slc46a3	13609
426	6	176189851	176191279	176190706	N	NA	Slc46a3	NA	NA	NA	NA	Slc46a3	10090
427	6	177034728	177036679	177036137	N	NA	NA	NA	NA	NA	NA	LOC101959095	116611
428	6	177692071	177693364	177692876	N	NA	NA	NA	NA	NA	NA	Rasl11a	229368
429	6	182015359	182016562	182016182	N	NA	NA	NA	NA	NA	NA	Gpr180	3015010
430	6	187050442	187051346	187050804	N	NA	NA	NA	NA	NA	NA	Mbnl2	98548
431	6	188942408	188943527	188943024	N	NA	NA	NA	NA	NA	NA	Tm9sf2	55293
432	6	188947587	188949428	188948530	N	NA	Tm9sf2	NA	NA	NA	NA	Tm9sf2	49392
433	6	197161790	197167817	197166929	N	NA	LOC144365221	NA	NA	NA	NA	LOC144365221	40000
434	6	197170091	197171329	197170656	N	NA	LOC144365221	NA	NA	NA	NA	LOC144365221	36488
435	6	197802443	197804093	197803144	N	NA	Naxd,Rab20	NA	NA	NA	NA	Rab20	11080
436	6	197813325	197814851	197814159	N	NA	Naxd,Rab20	NA	NA	NA	NA	Naxd	11333
437	6	198365642	198375834	198375174	N	NA	NA	NA	NA	NA	NA	Arhgef7	201511
438	6	199235986	199249708	199236802,199238234	N,N	NA;NA	NA	NA	NA	NA	NA	F10	212218
439	6	25443703	25449455	25445779	N	NA	NA	NA	NA	NA	NA	LOC120888129	164719
440	6	25504795	25507545	25504804,25506479	N,N	NA;NA	NA	NA	NA	NA	NA	LOC120888129	106629
441	6	25534469	25536269	25535165	N	NA	NA	NA	NA	NA	NA	LOC120888129	77905
442	6	28723378	28724313	28723891	N	NA	Dusp6	NA	NA	NA	NA	Dusp6	30040
443	6	28977640	28978808	28978261	N	NA	NA	NA	NA	NA	NA	Dusp6	223287
444	6	45666802	45688486	45687337	N	NA	Frs2	NA	NA	NA	NA	Frs2	4716
445	6	46491315	46492955	46492216	N	NA	NA	NA	NA	NA	NA	Rap1b	57994
446	6	46642166	46643308	46642633	N	NA	NA	NA	NA	NA	NA	Rap1b	208845
447	6	49071946	49073188	49072619	N	NA	NA	NA	NA	NA	NA	Llph	326507
448	6	51106595	51107637	51106963	N	NA	NA	NA	NA	NA	NA	Ppm1h	296334
449	6	5402563	5403916	5403414	N	NA	NA	NA	NA	NA	NA	Poldip3	63955
450	6	54755807	54757175	54756703	N	NA	NA	NA	NA	NA	NA	Slc16a7	578825
451	6	55728302	55730985	55729953	N	NA	Avil	NA	NA	NA	NA	Avil	29786
452	6	56595087	56598080	56595692	N	NA	NA	NA	NA	NA	NA	Sdr9c7	76182
453	6	56605788	56607622	56606640	N	NA	NA	NA	NA	NA	NA	LOC101964320	74345
454	6	61800249	61803246	61801567	N	NA	Sp1	NA	NA	NA	NA	Sp1	6116
455	6	61816964	61818013	61817672	N	NA	Myg1,Sp1	NA	NA	NA	NA	Sp1	22831
456	6	62120860	62121654	62121144	N	NA	Eif4b,Krt18	NA	NA	NA	NA	Eif4b	13611
457	6	67310696	67313067	67311275	N	NA	NA	NA	NA	NA	NA	Slc38a4	171840
458	6	67314635	67315751	67315280	N	NA	NA	NA	NA	NA	NA	Slc38a4	169156
459	6	67318514	67322636	67320234	N	NA	NA	NA	NA	NA	NA	Slc38a4	162271
460	6	6846696	6848258	6847677	N	NA	Ep300	NA	NA	NA	NA	Ep300	31517
461	6	6870549	6876198	6873333	N	NA	NA	NA	NA	NA	NA	Rbx1	51255
462	6	97631893	97633229	97632722	N	NA	NA	NA	NA	NA	NA	LOC101958749	101459
463	7	11504912	11506674	11505287	N	NA	NA	NA	NA	NA	NA	Cyrib	176264
464	7	11510763	11512414	11511336	N	NA	NA	NA	NA	NA	NA	Cyrib	182115
465	7	121422083	121424026	121422979	N	NA	NA	NA	NA	NA	NA	Rnd3	257020
466	7	121737567	121739004	121738314	N	NA	NA	NA	NA	NA	NA	Rnd3	56521
467	7	12273331	12289784	12286515,12288597	N,N	NA;NA	NA	NA	NA	NA	NA	Myc	802973
468	7	139667172	139669012	139668091	N	NA	Gorasp2	NA	NA	NA	NA	Gorasp2	29483
469	7	141863921	141866362	141864724	N	NA	NA	NA	NA	NA	NA	LOC120892777	307411
470	7	141927393	141928900	141927878	N	NA	NA	NA	NA	NA	NA	LOC120892777	244873
471	7	157070118	157071678	157070651	N	NA	NA	NA	NA	NA	NA	Nabp1	145311
472	7	167724779	167726233	167725412	N	NA	Raph1	NA	NA	NA	NA	Raph1	5996
473	7	17094323	17096727	17094925	N	NA	Zhx2	NA	NA	NA	NA	Zhx2	19822
474	7	171066223	171067760	171067012	N	NA	NA	NA	NA	NA	NA	Creb1	179547
475	7	173790037	173791673	173790893	N	NA	Cps1,Lancl1	NA	NA	NA	NA	Cps1	15997
476	7	173796628	173802589	173798744,173800727,173802189	N,N,N	NA;NA;NA	Cps1	NA	NA	NA	NA	Cps1	5081
477	7	177955137	177956482	177955899	N	NA	Fn1	NA	NA	NA	NA	Fn1	15927
478	7	178277379	178278413	178277929	N	NA	NA	NA	NA	NA	NA	Mreg	166392
479	7	179527947	179529367	179528669	N	NA	NA	NA	NA	NA	NA	Tns1	580298
480	7	187255222	187256940	187256232	N	NA	NA	NA	NA	NA	NA	Rhbdd1	272194
481	7	192523710	192527126	192526087	N	NA	NA	NA	NA	NA	NA	LOC120883721	89692
482	7	193049851	193051492	193050599	N	NA	Hjurp	NA	NA	NA	NA	Hjurp	36911
483	7	195128414	195129914	195129144	N	NA	NA	NA	NA	NA	NA	Cops8	195020
484	7	195313719	195315102	195314378	N	NA	Cops8	NA	NA	NA	NA	Cops8	9832
485	7	196255304	196258163	196256545	N	NA	NA	NA	NA	NA	NA	Ilkap	81187
486	7	196269018	196270353	196269757	N	NA	NA	NA	NA	NA	NA	Ilkap	94901
487	7	196722430	196723745	196723029	N	NA	NA	NA	NA	NA	NA	Ilkap	548313
488	7	22053375	22056249	22054336	N	NA	Eif3h,Utp23	NA	NA	NA	NA	Utp23	32671
489	7	33461008	33462677	33461754	N	NA	NA	NA	NA	NA	NA	Azin1	68021
490	7	33464232	33465235	33464726	N	NA	NA	NA	NA	NA	NA	Azin1	71245
491	7	33493751	33495551	33494992	N	NA	NA	NA	NA	NA	NA	Klf10	77037
492	7	33544694	33546425	33545665	N	NA	Klf10	NA	NA	NA	NA	Klf10	26163
493	7	33626738	33628524	33627490	N	NA	NA	NA	NA	NA	NA	Klf10	54150
494	7	33675992	33677717	33676568,33677039	N,N	NA;NA	NA	NA	NA	NA	NA	Klf10	103404
495	7	39966761	39969843	39967606,39968277	N,N	NA;NA	Tp53inp1	NA	NA	NA	NA	Tp53inp1	27050
496	7	40294663	40300547	40299992	N	NA	Virma	NA	NA	NA	NA	Virma	44866
497	7	47004801	47007654	47006287	N	NA	NA	NA	NA	NA	NA	Wwp1	68598
498	7	51354495	51357647	51356638	N	NA	NA	NA	NA	NA	NA	Zbtb10	76755
499	7	61081777	61085513	61082463	N	NA	NA	NA	NA	NA	NA	Nsmaf	450288
500	7	64533135	64534921	64533935	N	NA	LOC144365480,Ttpa	NA	NA	NA	NA	Ttpa	12066
501	7	66256113	66258225	66256642	N	NA	NA	NA	NA	NA	NA	LOC120892981	175924
502	7	70380524	70382678	70381514	N	NA	NA	NA	NA	NA	NA	Ubxn2b	75362
503	7	70464580	70465832	70465000	N	NA	Ubxn2b	NA	NA	NA	NA	Ubxn2b	6540
504	7	7476400	7477161	7476803	N	NA	NA	NA	NA	NA	NA	LOC120892882	85329
505	7	7520989	7522495	7521527	N	NA	LOC120892882	NA	NA	NA	NA	LOC120892882	39995
506	7	7594204	7597823	7594936	N	NA	LOC120892882	NA	NA	NA	NA	LOC120892882	31714
507	7	78758909	78759952	78759686	N	NA	Ppdpfl	NA	NA	NA	NA	Ppdpfl	22003
508	7	82958147	82961297	82959673	N	NA	NA	NA	NA	NA	NA	LOC110598838	1646043
509	7	8490391	8493645	8492490	N	NA	LOC101975814	NA	NA	NA	NA	LOC101975814	22518
510	7	8498369	8499411	8498949	N	NA	LOC101975814	NA	NA	NA	NA	LOC101975814	16752
511	7	8499974	8501812	8501088	N	NA	LOC101975814	NA	NA	NA	NA	LOC101975814	14351
512	7	85786920	85788491	85787651	N	NA	NA	NA	NA	NA	NA	LOC110598838	4474816
513	8	100191325	100192643	100192015	N	NA	NA	NA	NA	NA	NA	LOC101959770	615657
514	8	10187825	10191341	10189690	N	NA	Arid1b	NA	NA	NA	NA	Arid1b	49685
515	8	10194788	10195966	10195230	N	NA	NA	NA	NA	NA	NA	Arid1b	56648
516	8	102290022	102291127	102290469	N	NA	NA	NA	NA	NA	NA	Cenpq	400696
517	8	104766439	104767446	104766848	N	NA	NA	NA	NA	NA	NA	Adgrf5	126540
518	8	106818868	106821235	106819694	N	NA	NA	NA	NA	NA	NA	Cdc5l	338180
519	8	109914691	109923151	109921359	N	NA	NA	NA	NA	NA	NA	Nfya	280702
520	8	110989059	110991180	110990267	N	NA	NA	NA	NA	NA	NA	Nfya	785206
521	8	111831027	111835154	111831582,111834273	N,N	NA;NA	NA	NA	NA	NA	NA	Saysd1	142959
522	8	111857982	111860849	111858887	N	NA	NA	NA	NA	NA	NA	Saysd1	117264
523	8	113849166	113850726	113849880	N	NA	NA	NA	NA	NA	NA	Rnf8	256950
524	8	113861348	113862877	113862053	N	NA	NA	NA	NA	NA	NA	Rnf8	269132
525	8	114401618	114412513	114402467	N	NA	Kctd20	NA	NA	NA	NA	Kctd20	9920
526	8	115856648	115858057	115857458	N	NA	Bltp3a,Ilrun,Snrpc	NA	NA	NA	NA	Snrpc	7669
527	8	115873784	115874992	115874757	N	NA	Ilrun,Snrpc	NA	NA	NA	NA	Snrpc	24805
528	8	115895303	115897120	115896533	N	NA	Ilrun,Snrpc	NA	NA	NA	NA	Ilrun	10673
529	8	119212290	119215253	119214432	N	NA	C2,Cfb,Dxo,Skic2,Slc44a4	NA	NA	NA	NA	C2	4260
530	8	121352996	121354414	121353787	N	NA	NA	NA	NA	NA	NA	LOC106145487	206316
531	8	133190424	133192420	133191519	N	NA	NA	NA	NA	NA	NA	Exoc2	524302
532	8	136763915	136766663	136765773	N	NA	NA	NA	NA	NA	NA	Prp4k	259018
533	8	136827164	136831789	136828163,136830663	N,N	NA;NA	NA	NA	NA	NA	NA	Prp4k	193892
534	8	137147499	137149879	137148467	N	NA	NA	NA	NA	NA	NA	Prp4k	121818
535	8	138042443	138044339	138043402	N	NA	NA	NA	NA	NA	NA	Lyrm4	186124
536	8	139696702	139698138	139697437	N	NA	NA	NA	NA	NA	NA	LOC144366341	107357
537	8	143446851	143448922	143447628	N	NA	NA	NA	NA	NA	NA	Nedd9	128137
538	8	144174699	144176161	144175150	N	NA	NA	NA	NA	NA	NA	Hivep1	73137
539	8	144182531	144184245	144183460	N	NA	NA	NA	NA	NA	NA	Hivep1	65053
540	8	144242849	144244751	144244087	N	NA	Hivep1	NA	NA	NA	NA	Hivep1	4547
541	8	144653838	144655702	144654773	N	NA	NA	NA	NA	NA	NA	Hivep1	404540
542	8	145512408	145513700	145513079	N	NA	Gfod1	NA	NA	NA	NA	Gfod1	8612
543	8	145535455	145537053	145536486	N	NA	Gfod1,Sirt5	NA	NA	NA	NA	Gfod1	31659
544	8	145541953	145544130	145542706	N	NA	Gfod1,LOC144366366,Nol7,Sirt5	NA	NA	NA	NA	Sirt5	25086
545	8	145546512	145548065	145547274	N	NA	Gfod1,LOC144366366,Nol7,Sirt5	NA	NA	NA	NA	Sirt5	21151
546	8	146666030	146667871	146667084	N	NA	NA	NA	NA	NA	NA	Jarid2	258953
547	8	147312598	147315531	147313597,147314371	N,N	NA;NA	NA	NA	NA	NA	NA	Mylip	365027
548	8	153529732	153531196	153530478	N	NA	NA	NA	NA	NA	NA	C8H6orf62	831072
549	8	153875297	153876931	153875938	N	NA	NA	NA	NA	NA	NA	C8H6orf62	485337
550	8	22786901	22787831	22787299	N	NA	NA	NA	NA	NA	NA	Vta1	324504
551	8	391063	393004	391512	N	NA	Tbp	NA	NA	NA	NA	Tbp	41692
552	8	39900034	39901688	39900790	N	NA	Smpdl3a	NA	NA	NA	NA	Smpdl3a	12614
553	8	42051182	42053516	42052640	N	NA	NA	NA	NA	NA	NA	LOC120889124	1264322
554	8	46203825	46206417	46205106	N	NA	LOC144366078	NA	NA	NA	NA	LOC144366078	28639
555	8	46207024	46215954	46209386	N	NA	LOC144366078	NA	NA	NA	NA	LOC144366078	19102
556	8	48888021	48889590	48889279	N	NA	NA	NA	NA	NA	NA	Tube1	1310864
557	8	50982819	50983458	50983049	N	NA	LOC101967412,LOC144366096	NA	NA	NA	NA	LOC144366096	8596
558	8	52725866	52728230	52727160	N	NA	Slc16a10	NA	NA	NA	NA	Slc16a10	16647
559	8	54548669	54550563	54549488	N	NA	NA	NA	NA	NA	NA	Foxo3	192298
560	8	54563775	54564694	54564273	N	NA	NA	NA	NA	NA	NA	Foxo3	178167
561	8	71629398	71630487	71630198	N	NA	NA	NA	NA	NA	NA	Ube2j1	110708
562	8	7254108	7257837	7255229	N	NA	NA	NA	NA	NA	NA	Plg	129133
563	8	77310100	77312004	77310919	N	NA	NA	NA	NA	NA	NA	LOC120888918	180287
564	8	77385081	77386150	77385602	N	NA	NA	NA	NA	NA	NA	LOC120888918	106141
565	8	8439082	8440400	8439834	N	NA	Ezr	NA	NA	NA	NA	Ezr	45191
566	8	84462567	84463852	84463474	N	NA	Eef1a1	NA	NA	NA	NA	Eef1a1	4810
567	8	99500320	99501494	99500849,99500855	N,N	NA;NA	LOC101958905,LOC101959480	NA	NA	NA	NA	LOC101958905	3322
568	9	103419043	103421016	103419897	N	NA	NA	NA	NA	NA	NA	LOC101976546	85653
569	9	104388986	104393616	104389514	N	NA	Rap1gds1	NA	NA	NA	NA	Rap1gds1	8511
570	9	10513082	10517605	10513726	N	NA	NA	NA	NA	NA	NA	LOC144366620	440093
571	9	10683803	10685321	10684403	N	NA	NA	NA	NA	NA	NA	Tapt1	296524
572	9	107643751	107644220	107644001	N	NA	Hpgds,Pdlim5	NA	NA	NA	NA	Pdlim5	14042
573	9	117032719	117034810	117033988	N	NA	Etfdh	NA	NA	NA	NA	Etfdh	45367
574	9	131891741	131893224	131892105	N	NA	NA	NA	NA	NA	NA	Znf330	71086
575	9	133758686	133761282	133760125	N	NA	Noct	NA	NA	NA	NA	Noct	25362
576	9	133771531	133778909	133773424,133774133,133775742	N,N,N	NA;NA;NA	Noct	NA	NA	NA	NA	Noct	38207
577	9	133788037	133789737	133788918	N	NA	NA	NA	NA	NA	NA	Noct	54713
578	9	142043520	142045325	142044168	N	NA	LOC120892605	NA	NA	NA	NA	LOC120892605	42365
579	9	142065088	142067810	142067098	N	NA	LOC120892605	NA	NA	NA	NA	LOC120892605	19880
580	9	146021244	146022455	146021924	N	NA	NA	NA	NA	NA	NA	Spry1	375834
581	9	18416508	18445731	18445151	N	NA	Pi4k2b,Sepsecs	NA	NA	NA	NA	Pi4k2b	16372
582	9	22923534	22924270	22923991	N	NA	NA	NA	NA	NA	NA	Stim2	3189185
583	9	28046444	28048045	28047321	N	NA	NA	NA	NA	NA	NA	Pgcka1	188481
584	9	28870457	28872251	28870979	N	NA	NA	NA	NA	NA	NA	LOC120892384	319839
585	9	30497814	30501479	30499826	N	NA	NA	NA	NA	NA	NA	Rbm47	103230
586	9	30701376	30703095	30702136	N	NA	NA	NA	NA	NA	NA	Rbm47	96667
587	9	30766607	30768266	30767312	N	NA	NA	NA	NA	NA	NA	Rbm47	161898
588	9	30783230	30784384	30783952	N	NA	NA	NA	NA	NA	NA	Rbm47	178521
589	9	30785711	30787298	30786319	N	NA	NA	NA	NA	NA	NA	Rbm47	181002
590	9	39153249	39154651	39154198	N	NA	NA	NA	NA	NA	NA	Chic2	203232
591	9	39188918	39209208	39208308	N	NA	NA	NA	NA	NA	NA	Chic2	148675
592	9	51532241	51537055	51533841,51535597	N,N	NA;NA	LOC101970443	NA	NA	NA	NA	LOC101970443	23169
593	9	51691288	51697366	51692648,51694464	N,N	NA;NA	LOC101976079	NA	NA	NA	NA	LOC101976079	16084
594	9	51774648	51777896	51776996	N	NA	LOC144366698	NA	NA	NA	NA	LOC144366698	20273
595	9	51846550	51850520	51847718,51849763	N,N	NA;NA	LOC144366700	NA	NA	NA	NA	LOC144366700	15965
596	9	55198988	55200945	55199797	N	NA	LOC101970734	NA	NA	NA	NA	LOC101970734	6737
597	9	55261432	55265391	55263730	N	NA	LOC101965856,LOC144366714	NA	NA	NA	NA	LOC144366714	2999
598	9	55272897	55275753	55274068	N	NA	LOC101965856,LOC144366714	NA	NA	NA	NA	LOC144366714	14464
599	9	55279133	55282248	55280558	N	NA	LOC101965856,LOC144366714	NA	NA	NA	NA	LOC144366714	20700
600	9	55284622	55287609	55285473,55287082	N,N	NA;NA	LOC101965856,LOC144366714	NA	NA	NA	NA	LOC101965856	17329
601	9	55294448	55297317	55296090	N	NA	LOC101965856,LOC144366714	NA	NA	NA	NA	LOC101965856	7621
602	9	55298381	55301294	55299352	N	NA	LOC101965856,LOC144366714	NA	NA	NA	NA	LOC101965856	3644
603	9	58282563	58283716	58283142	N	NA	NA	NA	NA	NA	NA	Septin11	51048
604	9	75340289	75341880	75341290	N	NA	NA	NA	NA	NA	NA	LOC144366802	1781849
605	9	90013391	90014719	90014054	N	NA	NA	NA	NA	NA	NA	Ugt8	79293
606	9	93780990	93782866	93781883	N	NA	NA	NA	NA	NA	NA	Elovl6	72934
607	9	93815020	93816466	93815653	N	NA	Elovl6	NA	NA	NA	NA	Elovl6	39334
608	x	12848271	12850405	12849545	N	NA	NA	NA	NA	NA	NA	Atp11c	59644
609	x	12860704	12864401	12861395,12863465	N,N	NA;NA	Atp11c	NA	NA	NA	NA	Atp11c	45648
610	x	16681120	16682212	16681636	N	NA	NA	NA	NA	NA	NA	Znf449	74632
611	x	30381278	30383246	30382232	N	NA	Slc25a5	NA	NA	NA	NA	Slc25a5	29884
612	x	40355022	40356853	40356133	N	NA	NA	NA	NA	NA	NA	Prps1	63604
613	x	40363468	40366124	40364895	N	NA	NA	NA	NA	NA	NA	Prps1	54333
614	x	87803172	87804141	87803698	N	NA	NA	NA	NA	NA	NA	Timp1	57247
615	x	88850031	88851255	88851004	N	NA	NA	NA	NA	NA	NA	Krabd4	100959
616	x	89242654	89247084	89243178,89244383	N,N	NA;NA	NA	NA	NA	NA	NA	Krabd4	493582
617	x	93469975	93471818	93471116	N	NA	Usp9x	NA	NA	NA	NA	Usp9x	34636
618	x	94529545	94531751	94530652	N	NA	NA	NA	NA	NA	NA	Bcor	288874
619	x	94543407	94544936	94544083	N	NA	NA	NA	NA	NA	NA	Bcor	302736
620	x	94699283	94701127	94700235	N	NA	NA	NA	NA	NA	NA	Bcor	458612
621	x	95820467	95821358	95820972	N	NA	Otc	NA	NA	NA	NA	Otc	11883
622	y	24605945	24608144	24607044	N	NA	LOC144372122,LOC144372123	NA	NA	NA	NA	LOC144372123	32279
