long-eRNA	baseMean	log2FoldChange	lfcSE	stat	pvalue	padj
nw_027521300.1:170420-202645:-	47.45338553175984	-4.917816110895231	0.7675632298889854	-6.40705015482113	1.4836202536531857e-10	1.2165686079956122e-08
3:26256493-26279079:-	28.365732435193493	-4.303519483991874	0.690124237267759	-6.235861967447704	4.4929715042768847e-10	1.2280788778356817e-08
nw_027521144.1:51346-62690:-	42.06765253872349	-4.051923036138009	0.6471031415442287	-6.261634005467219	3.8096423478042707e-10	1.2280788778356817e-08
4:207685701-207699772:+	41.45001357220685	-3.8150189166772464	0.6417767886318556	-5.944463845147985	2.7736317724593948e-09	5.685945133541759e-08
3:204676335-204699416:+	24.1482636117663	-4.903439178964387	0.8354346156055167	-5.869327278724753	4.375669290189293e-09	7.17609763591044e-08
4:162834035-162876714:-	27.851994576929076	-3.7417292072290436	0.6751377006372093	-5.542171920924457	2.9874277640977015e-08	4.0828179442668586e-07
4:141343218-141359001:-	26.190631754269575	-5.730185411275868	1.0668610225733333	-5.371070167559703	7.827074377909943e-08	9.168858556980219e-07
4:141307666-141332185:-	21.305551736350996	-6.052232181996269	1.1753512113754	-5.149296757786914	2.6146492100913517e-07	2.6800154403436356e-06
4:55958096-55978342:-	17.689691079953914	-4.2978181468274945	0.9082164427173572	-4.732151879973179	2.2215208663236165e-06	2.024052344872628e-05
2:148558771-148580941:-	13.68805165158833	-4.353302196342304	0.935911380323664	-4.651404275944173	3.2968229970118752e-06	2.7033948575497373e-05
13:17390005-17403269:+	16.88151177377984	-3.3239996259066427	0.7528156879557837	-4.4154228971140626	1.0081270871972361e-05	7.515129195470305e-05
nw_027522720.1:2591181-2616913:+	18.069538604818835	-3.042722180542522	0.6931180889708911	-4.389904446239762	1.1340047990387992e-05	7.749032793431794e-05
nw_027525482.1:6462-19064:-	19.762376975047868	-3.0934720175309303	0.7077239712190974	-4.371014891868418	1.2367035690157305e-05	7.800745589176146e-05
nw_027520944.1:198114-214098:-	32.20865046343334	-2.6020722293110214	0.6110121470081823	-4.25862602249735	2.0568724997887913e-05	0.00012047396070191491
13:23857829-23868554:+	10.519654197929961	-4.478813049366949	1.0666482341237054	-4.198959793944135	2.6814392140175557e-05	0.00013777516598978485
12:106814015-106826945:+	21.922026258518105	-3.281214017886427	0.781542625603385	-4.198381393917173	2.6882959217518994e-05	0.00013777516598978485
nw_027522374.1:153307-180353:+	14.111846191842034	-3.176855322529291	0.7901059561830952	-4.020796575026835	5.800167639354882e-05	0.00027977279201594135
11:13203364-13214789:-	12.109046569378014	-3.158672864811736	0.8131297612808158	-3.8845864648174935	0.00010250420919936938	0.0004669636196860161
9:18416508-18445179:-	9.604480732392028	-3.35999323716303	0.8919092357889739	-3.7671918871776384	0.00016509410516488585	0.0007125114012379284
6:131379221-131420606:-	8.779957146021578	-4.2374467663428	1.130298394684569	-3.748962916580395	0.00017756733650552497	0.0007280260796726524
13:23810513-23824007:-	9.79373962788456	-5.674082772963172	1.5433988709370097	-3.67635539963716	0.00023658986032165863	0.0009238270736369528
nw_027524440.1:581485-608731:+	16.580363942355987	-2.2616529009733473	0.6272894201771441	-3.6054376627851705	0.0003116272911505217	0.001161519903379217
nw_027522939.1:4856-16023:-	8.620995405398913	-4.592760152984313	1.2894476575476366	-3.5618042547916615	0.0003683149536329736	0.001313122878169732
11:4794723-4810415:+	10.82132132863103	-2.7799445221218884	0.7877825248469963	-3.528822275743945	0.00041741335479436457	0.0014261622955474122
nw_027523416.1:1370433-1397456:-	13.947646113617639	-2.4288182712713393	0.7006293561730252	-3.4666236147140914	0.0005270393303335787	0.0016761069625369541
16:52132293-52144311:-	11.073531999572888	-6.814901369614807	1.9671325764977219	-3.4643833623802016	0.000531448549097083	0.0016761069625369541
nw_027522720.1:1569361-1591472:+	6.354654256346638	-3.723447148257334	1.129742985386209	-3.295835598381213	0.0009812942153466448	0.0029802268762379584
nw_027520944.1:213518-232678:+	11.521026934692381	-2.463024222588211	0.7534628469216162	-3.2689391821391856	0.001079515022080445	0.0031614368503784457
1:201101012-201146342:-	10.933801295733353	-4.60657100185043	1.4370365748591718	-3.2056045631976136	0.0013477906797573734	0.0038109943358656763
5:16450030-16461690:+	11.660763181899393	-2.940171243108548	0.9224694142678188	-3.187283174523696	0.0014361609223543055	0.003925506521101768
11:96007074-96080796:+	8.792107511357006	-3.7303847262128955	1.2051867429425012	-3.095275274191155	0.0019663031351707617	0.005201188938193628
1:206558541-206602456:-	9.89416233485497	-3.7611008349670723	1.237198944687974	-3.040012967288486	0.0023656796287745635	0.006062054048734819
nw_027522074.1:314097-340915:+	14.789686075725138	-3.0749443622094907	1.0161614527148153	-3.026039173198662	0.0024778019902630846	0.006156962521259786
14:10443833-10455607:-	59.303351162152666	-1.7992740154549762	0.6010041649921555	-2.9937796112918136	0.0027554490050367333	0.006645494659206239
nw_027522939.1:24101-54195:-	4.753033752167719	-3.8164387771551995	1.2940654086983618	-2.949185374635716	0.0031861280208979165	0.007464642791817976
nw_027523264.1:1017996-1042745:+	22.653819385644656	-2.4134523642912513	0.8285803345451181	-2.912756028196362	0.0035825438100137025	0.008160238678364544
2:58775112-58845089:+	48.970639124097936	-2.2650588731502816	0.7815618130250044	-2.8981186585658016	0.0037540852896567924	0.008319864695996134
nw_027521049.1:408856-429998:-	22.341622830896224	-1.9088952013704117	0.6864437381810358	-2.7808472788005516	0.005421723617087633	0.011699508857925946
nw_027520944.1:154142-171761:-	19.123952843110988	-1.9843479882245525	0.7347200937839593	-2.7008217211057244	0.006916840388306775	0.014543100303619374
nw_027522565.1:157936-190004:+	7.282127300398247	-4.015886259133298	1.5142330904372694	-2.6520925242583484	0.0079994617722105	0.016398896633031523
5:64336438-64355548:+	6.653558017750426	-2.5579994121835488	1.0510246129376157	-2.4338149465728836	0.014940631291055544	0.02987969092353218
nw_027522803.1:40462-65655:-	9.403701085578959	2.14079117125952	0.88276461075081	2.4250985429045824	0.015304231936443313	0.02987969092353218
3:214153045-214163282:-	4.750549184878013	-4.564019379204195	1.8915199964573812	-2.4128845519751976	0.01582683181532898	0.0301814002059762
nw_027523678.1:72863-86970:-	7.239169264270424	-2.142551304999713	0.9083220551199033	-2.3588013666770267	0.018334066362484008	0.03416803276644747
nw_027520961.1:213078-253848:+	8.363996881816668	-3.2733053014190125	1.4142061829953405	-2.314588453068443	0.020635465400343857	0.03737160854176458
nw_027521300.1:158639-186011:+	7.079122707178327	-1.873076187190817	0.8139309294119981	-2.3012716675405973	0.021376280171345914	0.03737160854176458
nw_027522939.1:65023-75879:+	58.39603904609708	-1.3310753268569488	0.5786044106060736	-2.300492879863603	0.021420312212962624	0.03737160854176458
nw_027523678.1:127477-163552:+	60.71034901613637	-1.632061011496321	0.7233875480847517	-2.2561364455572708	0.024062087275954706	0.04110606576308929
nw_027523678.1:111294-122982:-	4.466321583979258	-2.4364458316854227	1.1420774330466845	-2.133345569385599	0.03289638861416771	0.055051099313505145
5:120448069-120468094:-	10.1808152552909	-1.6610226152146248	0.7950605574011452	-2.089177484346719	0.036691749445320644	0.06017446909032585
9:39188918-39210554:-	4.751927477353639	-2.2600995596312585	1.1018958237159908	-2.051100939841469	0.040257117823025275	0.06472713061741318
nw_027523079.1:145600-166824:-	3.0133367002593356	-3.2000914113549386	1.5776247908559897	-2.0284236339989494	0.0425170300096896	0.06704608578451052
10:98956260-98974926:-	22.078981802875322	-1.3774070396666425	0.6829775946543524	-2.0167675344660956	0.043719778449195223	0.06764192137422657
nw_027520944.1:90887-138639:+	11.899768240632953	-1.3609694076882273	0.7220514796634531	-1.884864785988075	0.059448095433988976	0.09027303380716845
6:45666802-45687764:-	19.87871189963491	-1.3842793638108066	0.7502941894814585	-1.8449821193037712	0.06504013971177383	0.09523734743509739
nw_027521401.1:188921-252637:+	10.16173551538464	-1.4636779580773662	0.7916517262803522	-1.8488912604973284	0.0644735159071481	0.09523734743509739
nw_027526147.1:276573-298458:-	7.219337997840978	-1.6969992073282971	0.9469886620437296	-1.7919952744375456	0.07313372297974728	0.10339595317826339
nw_027524086.1:137324-165985:-	3.4427734032795865	-2.446385637437893	1.3595719145895835	-1.799379356976779	0.07195869271037213	0.10339595317826339
15:36743608-36760214:+	15.487760860694303	-1.4296355510847902	0.8167300997427132	-1.7504381821303694	0.0800427323536315	0.10939173421662972
nw_027521144.1:70905-89408:-	3.3978621972887413	-1.9810084972139115	1.130946759315595	-1.75163727283921	0.07983619918642636	0.10939173421662972
12:117058947-117072107:+	11.987942264472586	-6.923611714222104	4.223572003931475	-1.6392787213707545	0.10115522550227304	0.1359791555932195
nw_027524982.1:409549-424450:-	6.48277660236495	-1.7942024562365126	1.148140490422928	-1.562702884536022	0.11812249562761767	0.15622652647523627
nw_027522124.1:17044-32077:+	11.309949376983099	-1.2746517837983862	0.8379962736611754	-1.5210709448974977	0.1282420348413471	0.1669182040792137
2:84061698-84089159:+	2.7416160340990188	-2.4561167238730786	1.6276647343727515	-1.5089819617057594	0.1313033925571129	0.1682324717138009
nw_027520990.1:732259-744095:-	9.163105706281478	-2.0759544633045355	1.4113571903797473	-1.4708923279343398	0.14132023781279388	0.1782809153946015
nw_027522627.1:23563-40731:-	2.7070681125692473	-2.0447917238689826	1.4192237793008942	-1.440781752456432	0.149646350183883	0.18592425325876374
nw_027522423.1:265558-308518:+	11.849964135076497	-0.8959038064669304	0.7301850440563322	-1.2269544737454432	0.21983970259828178	0.2690575464635687
3:139696122-139765932:-	4.5275386033800755	1.109094932943604	0.9450594353700216	1.1735716204022206	0.24056665404739208	0.29009508282185514
4:55977722-55994023:+	7.533734953470481	0.9139323091069623	0.8003030070151103	1.1419828503652076	0.2534611482709659	0.30121469794520583
8:114402409-114412513:+	4.004067294663379	-0.942913607650755	0.9617452240769078	-0.9804193294079234	0.3268791722308374	0.3829156017561238
7:12273331-12289102:-	4.776273626497499	-0.8161116577738883	0.9141190420678766	-0.892784878354267	0.3719723858122125	0.42960191037466794
11:2864081-2879690:-	1.5368839055567713	-1.4301045194745408	1.751696767413605	-0.8164110056480278	0.41426510413240814	0.47180192415079814
nw_027522888.1:230420-271665:-	22.82300735915598	-0.5692063575867057	0.8658595388795285	-0.6573887934794725	0.510930955512243	0.573922443178136
10:109736215-109747831:+	3.526336922116957	-0.6313496515012096	0.9986651234570372	-0.6321935518441787	0.5272604102895633	0.5842615357262728
16:36785835-36798769:+	9.773518426078077	-0.32441130241224714	0.7318843263031265	-0.4432548843488757	0.6575813844361716	0.7189556469835476
6:199236546-199249708:+	1.5595435946450367	-0.48256316525585374	1.5605623226554783	-0.30922389849494536	0.7571512157919218	0.8169263117754946
nw_027526142.1:59608-87909:+	98.48199301840124	0.20356571074550303	0.7698748076025886	0.26441404334220553	0.7914608914683504	0.8428544558494121
nw_027520960.1:99901-134580:-	26.218719020609726	0.22691524201653065	0.9606170025900905	0.23621822370903708	0.8132633391347946	0.8549691513981175
nw_027520962.1:301953-329575:-	22.659254647567565	-0.1762072207073517	0.9045900068398749	-0.194792358278332	0.8455555049103909	0.877665207628507
1:14553173-14595401:+	13.760819047138753	-0.1488198441559409	0.8299376282022669	-0.17931449195561902	0.857690768338716	0.8791330375471839
nw_027522274.1:392442-410066:+	1.3637577940403685	0.21584069801756214	1.5457537872976626	0.13963459109157475	0.8889487086174938	0.8999233840325246
nw_027526179.1:359516-423622:+	1.4115909430305296	-0.040138424405135875	2.0340133523928148	-0.019733609102377325	0.9842558798085475	0.9842558798085475
