Enhancer_ID	chr	start	end	center	FANTOM5	associated_gene-FANTOM5	associated_gene-50kb	associated_gene-4DGenome	Cell_Tissue	Detection_method	PMID	closest_gene	distance
1	1	10228358	10229597	10228641	N	NA	NA	NA	NA	NA	NA	Sec23ip	174624
2	1	103756872	103758821	103757664	N	NA	Glrx	NA	NA	NA	NA	Glrx	31365
3	1	10563775	10566109	10565082	N	NA	Inpp5f	NA	NA	NA	NA	Inpp5f	29280
4	1	10568509	10569798	10569164	N	NA	Inpp5f	NA	NA	NA	NA	Inpp5f	34014
5	1	107419996	107421379	107420462	N	NA	NA	NA	NA	NA	NA	Fam174a	198906
6	1	114697474	114699890	114698921	N	NA	NA	NA	NA	NA	NA	Fer	150702
7	1	114705579	114706860	114706374	N	NA	NA	NA	NA	NA	NA	Fer	143732
8	1	115532890	115534666	115533796	N	NA	NA	NA	NA	NA	NA	Pja2	97888
9	1	119666738	119669410	119667401	N	NA	Matr3	NA	NA	NA	NA	Matr3	3436
10	1	119912003	119913304	119912758	N	NA	Ube2d2	NA	NA	NA	NA	Ube2d2	26864
11	1	119931314	119932809	119931892	N	NA	Ube2d2	NA	NA	NA	NA	Ube2d2	7359
12	1	121052248	121053592	121053002	N	NA	NA	NA	NA	NA	NA	Zmat2	104137
13	1	123626490	123627854	123626954	N	NA	NA	NA	NA	NA	NA	Nr3c1	58101
14	1	123659499	123660794	123660173	N	NA	NA	NA	NA	NA	NA	Nr3c1	91110
15	1	123798036	123800001	123799529	N	NA	NA	NA	NA	NA	NA	Nr3c1	229647
16	1	123809738	123811367	123810698	N	NA	NA	NA	NA	NA	NA	Nr3c1	241349
17	1	128407307	128408826	128408110	N	NA	NA	NA	NA	NA	NA	Adrb2	63125
18	1	130062496	130064399	130063117	N	NA	Synpo	NA	NA	NA	NA	Synpo	7555
19	1	133984063	133985857	133984653	N	NA	C1H5orf63	NA	NA	NA	NA	C1H5orf63	47054
20	1	134734701	134736553	134735886	N	NA	NA	NA	NA	NA	NA	Gramd2b	99118
21	1	134831835	134833324	134832780	N	NA	NA	NA	NA	NA	NA	Gramd2b	196252
22	1	137162656	137165743	137163354	N	NA	Csnk1g3	NA	NA	NA	NA	Csnk1g3	5907
23	1	137184612	137185778	137185026	N	NA	Csnk1g3	NA	NA	NA	NA	Csnk1g3	27863
24	1	138811996	138814799	138812397,138814173	N,N	NA;NA	NA	NA	NA	NA	NA	Srfbp1	217807
25	1	142568383	142569821	142569305	N	NA	NA	NA	NA	NA	NA	LOC144377411	1025534
26	1	142872461	142873547	142872961	N	NA	NA	NA	NA	NA	NA	Sema6a	1001791
27	1	144649802	144651470	144650451	N	NA	Cdo1,LOC144377429	NA	NA	NA	NA	LOC144377429	43590
28	1	144683305	144685367	144684196	N	NA	NA	NA	NA	NA	NA	LOC144377429	77093
29	1	144692623	144693988	144693332	N	NA	NA	NA	NA	NA	NA	LOC144377429	86411
30	1	144993554	144996093	144994789	N	NA	NA	NA	NA	NA	NA	Fem1c	106983
31	1	144997339	144998736	144998055	N	NA	NA	NA	NA	NA	NA	Fem1c	110768
32	1	145066563	145067887	145067209	N	NA	NA	NA	NA	NA	NA	Pggt1b	73639
33	1	145490667	145493998	145491626,145493316	N,N	NA;NA	LOC144366454	NA	NA	NA	NA	LOC144366454	32620
34	1	145498336	145499813	145498884	N	NA	LOC144366454	NA	NA	NA	NA	LOC144366454	26805
35	1	14552499	14595407	14553675,14580844,14583000,14590653	N,N,N,N	NA;NA;NA;NA	Ablim1,Fhip2a	NA	NA	NA	NA	Fhip2a	44831
36	1	151659026	151661219	151660213	N	NA	LOC144377745,Thoc3	NA	NA	NA	NA	LOC144377745	2621
37	1	151666294	151668408	151667015	N	NA	LOC144377745,Thoc3	NA	NA	NA	NA	LOC144377745	9889
38	1	151671795	151675902	151672941,151674429	N,N	NA;NA	LOC144377745,Thoc3	NA	NA	NA	NA	LOC144377745	15390
39	1	152518098	152519383	152519053	N	NA	NA	NA	NA	NA	NA	Znf354b	176652
40	1	15577031	15581936	15579152,15581194	N,N	NA;NA	Habp2,LOC144377168	NA	NA	NA	NA	Habp2	7158
41	1	169299838	169301590	169300315	N	NA	NA	NA	NA	NA	NA	Clint1	90700
42	1	171179839	171181255	171180495	N	NA	Pwwp2a	NA	NA	NA	NA	Pwwp2a	4917
43	1	178550263	178551276	178550526	N	NA	Pank3	NA	NA	NA	NA	Pank3	7727
44	1	18242600	18243859	18242934	N	NA	NA	NA	NA	NA	NA	Dusp5	53025
45	1	18247350	18249190	18248058	N	NA	NA	NA	NA	NA	NA	Dusp5	57775
46	1	182641266	182642463	182641957	N	NA	Cpeb4,LOC120885809	NA	NA	NA	NA	Cpeb4	13372
47	1	182648675	182650088	182649292	N	NA	Cpeb4,LOC120885809	NA	NA	NA	NA	Cpeb4	5747
48	1	182651426	182652667	182651892	N	NA	Cpeb4,LOC120885809	NA	NA	NA	NA	Cpeb4	3168
49	1	18268900	18270629	18269578	N	NA	NA	NA	NA	NA	NA	Dusp5	79325
50	1	189757417	189759176	189758472	N	NA	LOC101964166	NA	NA	NA	NA	LOC101964166	28349
51	1	201105641	201146577	201146099	N	NA	NA	NA	NA	NA	NA	LOC144364881	5527857
52	1	204107594	204109817	204108548	N	NA	NA	NA	NA	NA	NA	Gtf2h2c	5036484
53	1	205986953	205988114	205987542	N	NA	NA	NA	NA	NA	NA	Gtf2h2c	3158187
54	1	206558541	206602099	206600826	N	NA	NA	NA	NA	NA	NA	Gtf2h2c	2544202
55	1	209852421	209854689	209852892	N	NA	NA	NA	NA	NA	NA	Slc30a5	347739
56	1	209861623	209867257	209862491	N	NA	NA	NA	NA	NA	NA	Slc30a5	356941
57	1	210207422	210209905	210208832	N	NA	NA	NA	NA	NA	NA	Pik3r1	121818
58	1	210349697	210350865	210350330	N	NA	Pik3r1	NA	NA	NA	NA	Pik3r1	17974
59	1	210354827	210357259	210356181	N	NA	Pik3r1	NA	NA	NA	NA	Pik3r1	23104
60	1	210384854	210387269	210385911,210387237	N,N	NA;NA	NA	NA	NA	NA	NA	Pik3r1	53131
61	1	210409154	210410818	210409815	N	NA	NA	NA	NA	NA	NA	Pik3r1	77431
62	1	210411358	210412801	210412113	N	NA	NA	NA	NA	NA	NA	Pik3r1	79635
63	1	210428581	210429759	210428892	N	NA	NA	NA	NA	NA	NA	Pik3r1	96858
64	1	210756658	210760938	210758027	N	NA	NA	NA	NA	NA	NA	Pik3r1	424935
65	1	211127488	211128923	211127930	N	NA	NA	NA	NA	NA	NA	Mast4	622082
66	1	211138942	211141375	211139432	N	NA	NA	NA	NA	NA	NA	Mast4	609630
67	1	211838837	211839915	211839416	N	NA	NA	NA	NA	NA	NA	Mast4	87832
68	1	212355138	212356841	212355749	N	NA	Erbin	NA	NA	NA	NA	Erbin	2894
69	1	212363870	212365357	212364431	N	NA	Erbin	NA	NA	NA	NA	Erbin	11626
70	1	212389868	212422281	212390451	N	NA	Erbin	NA	NA	NA	NA	Erbin	37624
71	1	218746843	218748736	218747481	N	NA	Plk2	NA	NA	NA	NA	Plk2	30610
72	1	220492287	220493431	220492866	N	NA	NA	NA	NA	NA	NA	Map3k1	300880
73	1	224151876	224186543	224185043	N	NA	NA	NA	NA	NA	NA	Itga1,Pelo	535241
74	1	23113872	23115405	23114717	N	NA	NA	NA	NA	NA	NA	Gsto1	206400
75	1	249229823	249233612	249231999	N	NA	LOC120885840,Selenop	NA	NA	NA	NA	LOC120885840	2485
76	1	249235060	249242678	249236264,249239585	N,N	NA;NA	LOC120885840,Selenop	NA	NA	NA	NA	LOC120885840	7722
77	1	249245229	249248738	249246970	N	NA	LOC120885840	NA	NA	NA	NA	LOC120885840	17891
78	1	249250788	249253978	249252043	N	NA	LOC120885840	NA	NA	NA	NA	LOC120885840	23450
79	1	250728616	250730369	250729572	N	NA	NA	NA	NA	NA	NA	Ankh	135012
80	1	250734374	250736574	250735874	N	NA	NA	NA	NA	NA	NA	Ankh	128807
81	1	257530721	257532954	257530956,257532545	N,N	NA;NA	NA	NA	NA	NA	NA	Tent4a	392026
82	1	26730470	26731737	26730941	N	NA	LOC101965270,LOC101965950	NA	NA	NA	NA	LOC101965270	5725
83	1	29298162	29299847	29299341	N	NA	Frat1,Frat2,LOC120885749	NA	NA	NA	NA	Frat1	12522
84	1	30480948	30481801	30481223	N	NA	NA	NA	NA	NA	NA	Ccnj	104303
85	1	31099493	31100975	31100090	N	NA	LOC101976375,LOC101976849	NA	NA	NA	NA	LOC101976375	3320
86	1	31600251	31603329	31601560	N	NA	LOC101971054,LOC144366915	NA	NA	NA	NA	LOC101971054	7598
87	1	33080917	33082298	33080985	N	NA	NA	NA	NA	NA	NA	Cyp26a1	78281
88	1	3483085	3487233	3484949,3485784	N,N	NA;NA	NA	NA	NA	NA	NA	Mgmt	656156
89	1	3521822	3523913	3522419	N	NA	NA	NA	NA	NA	NA	Mgmt	694893
90	1	35912235	35913850	35913068	N	NA	Pank1	NA	NA	NA	NA	Pank1	6654
91	1	36432336	36433932	36432919	N	NA	NA	NA	NA	NA	NA	Ch25h	101464
92	1	43970995	43972890	43972194	N	NA	LOC144375240,LOC144375241	NA	NA	NA	NA	LOC144375240	6806
93	1	44043516	44047158	44044411,44046180	N,N	NA;NA	NA	NA	NA	NA	NA	LOC144375240	79327
94	1	49585082	49586468	49585712	N	NA	Mcu	NA	NA	NA	NA	Mcu	10197
95	1	50829324	50830568	50829927	N	NA	Unc5b	NA	NA	NA	NA	Unc5b	31414
96	1	50855125	50856840	50856094	N	NA	NA	NA	NA	NA	NA	Unc5b	57215
97	1	51047005	51047742	51047252	N	NA	Pcbd1	NA	NA	NA	NA	Pcbd1	23323
98	1	69290972	69295888	69292864	N	NA	NA	NA	NA	NA	NA	Minpp1	73250
99	1	6961829	6963365	6962593	N	NA	NA	NA	NA	NA	NA	Oat	52106
100	1	71157011	71163413	71162150	N	NA	NA	NA	NA	NA	NA	Fas	405880
101	1	71668623	71671646	71670933	N	NA	NA	NA	NA	NA	NA	LOC144366972	634891
102	1	74939959	74941957	74940811	N	NA	NA	NA	NA	NA	NA	Mapk8	504889
103	1	76168403	76169605	76168884	N	NA	NA	NA	NA	NA	NA	Cxcl12	106894
104	1	76398004	76399842	76399174	N	NA	NA	NA	NA	NA	NA	Cxcl12	121505
105	1	76431475	76433656	76432343	N	NA	NA	NA	NA	NA	NA	Cxcl12	154976
106	1	76440627	76442153	76441712	N	NA	NA	NA	NA	NA	NA	Cxcl12	164128
107	1	76548656	76550446	76549721	N	NA	NA	NA	NA	NA	NA	Cxcl12	272157
108	1	76555571	76556725	76556006	N	NA	NA	NA	NA	NA	NA	Cxcl12	279072
109	1	77238113	77239019	77238718	N	NA	Hnrnpf,LOC120885903,LOC144376183	NA	NA	NA	NA	Hnrnpf	7395
110	1	78075272	78076906	78075584	N	NA	NA	NA	NA	NA	NA	Znf33b	58187
111	1	78563544	78565091	78563882	N	NA	NA	NA	NA	NA	NA	LOC110599023	331348
112	1	8289027	8290285	8289630	N	NA	NA	NA	NA	NA	NA	Htra1	82377
113	1	83836878	83837680	83837242	N	NA	Hmgcr	NA	NA	NA	NA	Hmgcr	45496
114	1	84722490	84723859	84723353	N	NA	NA	NA	NA	NA	NA	LOC144376303	319314
115	1	84784496	84786788	84785574	N	NA	NA	NA	NA	NA	NA	LOC144376303	381320
116	1	84961973	84963026	84962340	N	NA	NA	NA	NA	NA	NA	Utp15	448260
117	1	87864	89503	89001	N	NA	NA	NA	NA	NA	NA	Cyp2e1	57712
118	1	91197605	91201323	91198639,91200728	N,N	NA;NA	Acot12	NA	NA	NA	NA	Acot12	2818
119	1	91650944	91651944	91651278	N	NA	NA	NA	NA	NA	NA	Atg10	103596
120	1	97364	99623	97918	N	NA	Cyp2e1	NA	NA	NA	NA	Cyp2e1	47592
121	1	98436315	98437422	98436641	N	NA	NA	NA	NA	NA	NA	LOC120885806	258040
122	1	99746050	99747777	99746691	N	NA	NA	NA	NA	NA	NA	Arrdc3	79575
123	10	103701713	103703715	103702354	N	NA	NA	NA	NA	NA	NA	Fam20c	103961
124	10	104723854	104724954	104724469	N	NA	LOC144367419,Tmem184a	NA	NA	NA	NA	LOC144367419	39897
125	10	107051303	107052613	107051801	N	NA	Wipi2	NA	NA	NA	NA	Wipi2	33659
126	10	107285470	107288541	107286916	N	NA	Foxk1	NA	NA	NA	NA	Foxk1	28540
127	10	107342319	107344211	107343384	N	NA	NA	NA	NA	NA	NA	Foxk1	85389
128	10	109734690	109756839	109736127,109738711	N,N	NA;NA	Baiap2l1	NA	NA	NA	NA	Baiap2l1	8844
129	10	111000304	111001702	111001261	N	NA	LOC101975676	NA	NA	NA	NA	LOC101975676	46475
130	10	111008328	111010400	111009291	N	NA	LOC101975676	NA	NA	NA	NA	LOC101975676	37777
131	10	111011770	111015268	111012435,111014136	N,N	NA;NA	LOC101975676	NA	NA	NA	NA	LOC101975676	32909
132	10	11379570	11381611	11380591	N	NA	NA	NA	NA	NA	NA	Ralgps2	80903
133	10	11384891	11389425	11386289,11388744	N,N	NA;NA	NA	NA	NA	NA	NA	Ralgps2	73089
134	10	11395906	11398161	11397262	N	NA	NA	NA	NA	NA	NA	Ralgps2	64353
135	10	114723123	114724818	114723998	N	NA	LOC144364791	NA	NA	NA	NA	LOC144364791	8535
136	10	116255931	116257414	116256642	N	NA	LOC106144977	NA	NA	NA	NA	LOC106144977	30446
137	10	117448940	117453887	117453196	N	NA	Hip1,Rhbdd2	NA	NA	NA	NA	Rhbdd2	21793
138	10	118376373	118377818	118377189	N	NA	Clip2	NA	NA	NA	NA	Clip2	12782
139	10	118385936	118386779	118386523	N	NA	Clip2	NA	NA	NA	NA	Clip2	3821
140	10	134095647	134099131	134097182	N	NA	Mrtfb	NA	NA	NA	NA	Mrtfb	38954
141	10	14142824	14144008	14143039	N	NA	NA	NA	NA	NA	NA	Glul	204344
142	10	14144615	14147853	14146626	N	NA	NA	NA	NA	NA	NA	Glul	200499
143	10	14165938	14167797	14167137	N	NA	NA	NA	NA	NA	NA	Glul	180555
144	10	14185299	14192865	14186638	N	NA	NA	NA	NA	NA	NA	Glul	155487
145	10	142651959	142653377	142652673	N	NA	Hapstr1	NA	NA	NA	NA	Hapstr1	19620
146	10	142667957	142669530	142668833	N	NA	Hapstr1	NA	NA	NA	NA	Hapstr1	3467
147	10	144278845	144280095	144279524	N	NA	Litaf	NA	NA	NA	NA	Litaf	3661
148	10	144283823	144285496	144284926	N	NA	Litaf	NA	NA	NA	NA	Litaf	8639
149	10	144584517	144587847	144586049	N	NA	NA	NA	NA	NA	NA	Gspt1	80057
150	10	28885149	28886271	28885713	N	NA	NA	NA	NA	NA	NA	Nr5a2	154857
151	10	28911569	28914685	28913363	N	NA	NA	NA	NA	NA	NA	Znf281	142812
152	10	28960672	28967970	28963770,28967033	N,N	NA;NA	NA	NA	NA	NA	NA	Znf281	89527
153	10	29144069	29145818	29145279	N	NA	NA	NA	NA	NA	NA	Znf281	86572
154	10	31602265	31606442	31603234,31605534	N,N	NA;NA	Btg2,LOC144367171	NA	NA	NA	NA	LOC144367171	6779
155	10	31612327	31615217	31614007	N	NA	Btg2,LOC144367171	NA	NA	NA	NA	Btg2	12374
156	10	33891487	33894403	33893581	N	NA	Cdk18	NA	NA	NA	NA	Cdk18	9103
157	10	36111037	36112918	36111863	N	NA	Plxna2	NA	NA	NA	NA	Plxna2	6573
158	10	3799673	3800222	3799872	N	NA	NA	NA	NA	NA	NA	LOC144367099	179071
159	10	39155705	39163907	39156104	N	NA	NA	NA	NA	NA	NA	Slc30a1	127907
160	10	39328679	39330079	39329443	N	NA	Lpgat1	NA	NA	NA	NA	Lpgat1	25586
161	10	39883174	39884751	39883604	N	NA	Atf3,LOC120887290	NA	NA	NA	NA	Atf3	23358
162	10	39885396	39887054	39886137	N	NA	Atf3,LOC120887290	NA	NA	NA	NA	Atf3	21055
163	10	41232495	41234068	41233301	N	NA	NA	NA	NA	NA	NA	LOC144367219	65657
164	10	41236744	41242865	41237921,41242149	N,N	NA;NA	NA	NA	NA	NA	NA	LOC144367219	56860
165	10	47526982	47528184	47527613	N	NA	NA	NA	NA	NA	NA	Hlx	315637
166	10	47883717	47887199	47884879,47886351	N,N	NA;NA	NA	NA	NA	NA	NA	Dusp10	68732
167	10	47887735	47889602	47889201	N	NA	NA	NA	NA	NA	NA	Dusp10	66329
168	10	49088734	49089986	49089455	N	NA	NA	NA	NA	NA	NA	Tlr5	87773
169	10	50618221	50619625	50618971	N	NA	NA	NA	NA	NA	NA	Cnih3	241888
170	10	51657838	51661136	51659602	N	NA	NA	NA	NA	NA	NA	H3-3a	56147
171	10	62167241	62169016	62168145	N	NA	NA	NA	NA	NA	NA	LOC144367297	108396
172	10	62180873	62191055	62181917,62186533,62188540	N,N,N	NA;NA;NA	NA	NA	NA	NA	NA	LOC144367297	122028
173	10	62225290	62227415	62226142	N	NA	NA	NA	NA	NA	NA	LOC144367297	166445
174	10	62228710	62235864	62232196	N	NA	NA	NA	NA	NA	NA	LOC144367297	169865
175	10	62289663	62301769	62291919,62296654,62300183	N,N,N	NA;NA;NA	NA	NA	NA	NA	NA	Tomm20	106369
176	10	62307201	62311251	62310267	N	NA	NA	NA	NA	NA	NA	Tomm20	96887
177	10	62329689	62332186	62330782	N	NA	NA	NA	NA	NA	NA	Tomm20	75952
178	10	62353193	62354976	62354155	N	NA	NA	NA	NA	NA	NA	Tomm20	53162
179	10	62358454	62373925	62367409,62369964,62372845	N,N,N	NA;NA;NA	Tomm20	NA	NA	NA	NA	Tomm20	34213
180	10	69090597	69091941	69091283	N	NA	NA	NA	NA	NA	NA	Klf6	178042
181	10	69782483	69784094	69783076	N	NA	NA	NA	NA	NA	NA	LOC144367032	382468
182	10	70229905	70231137	70230335	N	NA	Akr1e2	NA	NA	NA	NA	Akr1e2	16869
183	10	70569783	70572429	70571650	N	NA	LOC101978171	NA	NA	NA	NA	LOC101978171	21094
184	10	71211994	71213107	71212464	N	NA	Rbm17	NA	NA	NA	NA	Rbm17	25773
185	10	71468756	71470412	71469502	N	NA	NA	NA	NA	NA	NA	Pfkfb3	129584
186	10	72389290	72390374	72389938	N	NA	Sfmbt2	NA	NA	NA	NA	Sfmbt2	10420
187	10	74099476	74101037	74099808	N	NA	NA	NA	NA	NA	NA	Taf3	1379545
188	10	76109152	76110899	76109945	N	NA	Usp6nl	NA	NA	NA	NA	Usp6nl	26112
189	10	76129776	76131290	76130844	N	NA	Echdc3,Usp6nl	NA	NA	NA	NA	Usp6nl	46736
190	10	76165052	76167298	76166273	N	NA	Echdc3	NA	NA	NA	NA	Echdc3	13383
191	10	78937038	78938718	78937736	N	NA	NA	NA	NA	NA	NA	Thnsl1	55467
192	10	80034775	80035885	80035480	N	NA	NA	NA	NA	NA	NA	Otud1	299966
193	10	81349732	81352091	81351675	N	NA	Commd3	NA	NA	NA	NA	Commd3	49456
194	10	81952500	81955909	81953509	N	NA	Mllt10,Skida1	NA	NA	NA	NA	Skida1	4787
195	10	86316493	86318163	86317459	N	NA	Pter	NA	NA	NA	NA	Pter	15528
196	10	86330192	86333350	86331659,86333032	N,N	NA;NA	Pter	NA	NA	NA	NA	Pter	29227
197	10	88942344	88944114	88943193	N	NA	LOC144367377	NA	NA	NA	NA	LOC144367377	40566
198	10	92194297	92195796	92194912	N	NA	Kif5b	NA	NA	NA	NA	Kif5b	4389
199	10	93478688	93480456	93479780	N	NA	NA	NA	NA	NA	NA	Znf438	224510
200	10	94976326	94977213	94976863	N	NA	Bambi	NA	NA	NA	NA	Bambi	10072
201	10	96756832	96759901	96757399,96759236	N,N	NA;NA	NA	NA	NA	NA	NA	Fam107b	91297
202	10	98956609	98957855	98957302	N	NA	NA	NA	NA	NA	NA	Optn	677743
203	10	98968738	98975350	98970524,98975006	N,N	NA;NA	NA	NA	NA	NA	NA	Optn	689872
204	11	102905164	102906319	102905798	N	NA	Gstm4,LOC101959378,LOC101959659,LOC101960145,LOC101975766,LOC144368232	NA	NA	NA	NA	LOC101959659	3495
205	11	104605127	104606222	104605676	N	NA	NA	NA	NA	NA	NA	LOC110599414	74477
206	11	104607922	104609966	104609073	N	NA	NA	NA	NA	NA	NA	LOC110599414	70733
207	11	106085383	106087276	106085782	N	NA	NA	NA	NA	NA	NA	LOC144368264	50972
208	11	106093424	106094107	106093823	N	NA	LOC144368264	NA	NA	NA	NA	LOC144368264	44141
209	11	106096151	106098991	106097869	N	NA	LOC144368264	NA	NA	NA	NA	LOC144368264	39257
210	11	106168823	106176061	106169482	N	NA	LOC144368264	NA	NA	NA	NA	LOC144368264	30575
211	11	109870740	109871790	109871438	N	NA	Man1a2	NA	NA	NA	NA	Man1a2	13672
212	11	110200745	110202616	110201745	N	NA	NA	NA	NA	NA	NA	LOC144368287	104900
213	11	12200814	12203302	12202119	N	NA	Iffo2,LOC144367912	NA	NA	NA	NA	LOC144367912	32203
214	11	13199153	13199981	13199347	N	NA	NA	NA	NA	NA	NA	Camk2n1	215885
215	11	13203922	13205149	13204673	N	NA	NA	NA	NA	NA	NA	Camk2n1	210717
216	11	13206614	13215090	13214506	N	NA	NA	NA	NA	NA	NA	Camk2n1	200776
217	11	132819133	132824294	132819949	N	NA	Bcl9,LOC144368549	NA	NA	NA	NA	LOC144368549	9939
218	11	13380487	13382092	13381335	N	NA	Camk2n1	NA	NA	NA	NA	Camk2n1	33774
219	11	17380350	17381878	17381049	N	NA	Mtfr1l,Paqr7,Stmn1	NA	NA	NA	NA	Paqr7	3921
220	11	17996954	18000186	17997823,17999354	N,N	NA;NA	NA	NA	NA	NA	NA	Rps6ka1	65626
221	11	18362920	18363774	18363353	N	NA	NA	NA	NA	NA	NA	Kdf1	80156
222	11	22700689	22702313	22701647	N	NA	Ak2,LOC120890702,LOC144367988,LOC144367989	NA	NA	NA	NA	Ak2	3809
223	11	23666143	23666516	23666218	N	NA	Csmd2	NA	NA	NA	NA	Csmd2	12633
224	11	2855385	2856782	2856174	N	NA	NA	NA	NA	NA	NA	Rpl22	539643
225	11	2878262	2880747	2879656	N	NA	NA	NA	NA	NA	NA	Rpl22	515678
226	11	2884558	2886593	2885331	N	NA	NA	NA	NA	NA	NA	Rpl22	509832
227	11	31641289	31642966	31642167	N	NA	Hyi,Ptprf	NA	NA	NA	NA	Ptprf	13360
228	11	39559995	39562904	39561760	N	NA	Coa7,Zyg11b	NA	NA	NA	NA	Coa7	3870
229	11	39565783	39567540	39566587	N	NA	Coa7,Zyg11b	NA	NA	NA	NA	Coa7	9658
230	11	41433292	41435293	41434466	N	NA	Dhcr24	NA	NA	NA	NA	Dhcr24	13931
231	11	42574674	42576858	42576227	N	NA	NA	NA	NA	NA	NA	Plpp3	284050
232	11	42683581	42685457	42684810	N	NA	NA	NA	NA	NA	NA	Plpp3	175451
233	11	42708499	42717231	42711182	N	NA	NA	NA	NA	NA	NA	Plpp3	143677
234	11	42746738	42751902	42750656	N	NA	NA	NA	NA	NA	NA	Plpp3	109006
235	11	42752846	42756016	42753756,42754923	N,N	NA;NA	NA	NA	NA	NA	NA	Plpp3	104892
236	11	44857684	44859935	44859338	N	NA	Jun,LOC120890779	NA	NA	NA	NA	LOC120890779	25755
237	11	45199622	45200846	45200386	N	NA	NA	NA	NA	NA	NA	Fggy	73499
238	11	45203676	45204727	45204421	N	NA	NA	NA	NA	NA	NA	Fggy	69618
239	11	4793050	4810418	4794598,4796583,4809409	N,N,N	NA;NA;NA	Errfi1,LOC144367845	NA	NA	NA	NA	Errfi1	3742
240	11	51349978	51351237	51350518	N	NA	NA	NA	NA	NA	NA	Lepr	196613
241	11	52947586	52949390	52948257	N	NA	NA	NA	NA	NA	NA	Serbp1	80391
242	11	52971632	52975009	52973166	N	NA	NA	NA	NA	NA	NA	Serbp1	104437
243	11	52999537	53003810	52999985,53002752	N,N	NA;NA	NA	NA	NA	NA	NA	Gadd45a	75831
244	11	68792735	68793886	68793792	N	NA	Ccn1	NA	NA	NA	NA	Ccn1	23509
245	11	70600286	70602226	70601371	N	NA	NA	NA	NA	NA	NA	Lmo4	96550
246	11	70682046	70684512	70683297	N	NA	NA	NA	NA	NA	NA	Lmo4	178310
247	11	73286639	73288358	73287914	N	NA	Lrrc8d	NA	NA	NA	NA	Lrrc8d	35881
248	11	77491612	77493076	77492468	N	NA	Abcd3	NA	NA	NA	NA	Abcd3	42029
249	11	77497366	77499155	77498028	N	NA	Abcd3	NA	NA	NA	NA	Abcd3	35950
250	11	77502186	77504737	77503360	N	NA	Abcd3	NA	NA	NA	NA	Abcd3	30368
251	11	77981921	77983392	77982752	N	NA	Cnn3	NA	NA	NA	NA	Cnn3	10186
252	11	96005874	96033774	96007351,96010543	N,N	NA;NA	NA	NA	NA	NA	NA	LOC144368614	138964
253	12	1043881	1046080	1044838	N	NA	LOC144368971	NA	NA	NA	NA	LOC144368971	11354
254	12	105631148	105638368	105637636	N	NA	Apob,Tdrd15	NA	NA	NA	NA	Apob	2339
255	12	106139487	106142965	106142090	N	NA	Rhob	NA	NA	NA	NA	Rhob	2774
256	12	106815340	106826957	106815935	N	NA	NA	NA	NA	NA	NA	LOC144369445	103215
257	12	106832798	106836255	106833375,106834889	N,N	NA;NA	NA	NA	NA	NA	NA	LOC144369445	93917
258	12	106844136	106846046	106844594	N	NA	NA	NA	NA	NA	NA	LOC144369445	84126
259	12	106868268	106871552	106869731	N	NA	NA	NA	NA	NA	NA	LOC144369445	58620
260	12	106872276	106873786	106873140	N	NA	NA	NA	NA	NA	NA	LOC144369445	56386
261	12	110934460	110935680	110934780	N	NA	NA	NA	NA	NA	NA	Nbas	862030
262	12	113014214	113019949	113015340,113017572	N,N	NA;NA	Lpin1	NA	NA	NA	NA	Lpin1	27025
263	12	113664846	113667091	113665416	N	NA	Pdia6	NA	NA	NA	NA	Pdia6	9510
264	12	115554913	115566041	115561502,115565163	N,N	NA;NA	LOC120885019	NA	NA	NA	NA	LOC120885019	26092
265	12	115575536	115577288	115575975	N	NA	LOC120885019	NA	NA	NA	NA	LOC120885019	46715
266	12	115695476	115697550	115696390	N	NA	NA	NA	NA	NA	NA	LOC120885019	166655
267	12	117057951	117072107	117058942,117060280,117069135	N,N,N	NA;NA;NA	NA	NA	NA	NA	NA	Cmpk2	412546
268	12	117695370	117696894	117695974	N	NA	NA	NA	NA	NA	NA	Cmpk2	1049965
269	12	119793062	119794260	119793657	N	NA	LOC144369485,Tmem18	NA	NA	NA	NA	Tmem18	39554
270	12	119815309	119817320	119816478	N	NA	NA	NA	NA	NA	NA	Tmem18	61801
271	12	119835587	119837546	119836899	N	NA	NA	NA	NA	NA	NA	Tmem18	82079
272	12	119841723	119844789	119843579	N	NA	NA	NA	NA	NA	NA	Tmem18	88215
273	12	12459293	12461644	12460373	N	NA	NA	NA	NA	NA	NA	LOC144369031	233973
274	12	1287255	1291417	1290170	N	NA	Fabp1,Thnsl2	NA	NA	NA	NA	Fabp1	13634
275	12	1674622	1676991	1675879	N	NA	Kdm3a	NA	NA	NA	NA	Kdm3a	11206
276	12	1976177	1988902	1978171,1986067,1988078	N,N,N	NA;NA;NA	St3gal5	NA	NA	NA	NA	St3gal5	35516
277	12	2124122	2128368	2126292,2128172	N,N	NA;NA	Atoh8	NA	NA	NA	NA	Atoh8	6916
278	12	24667391	24668788	24668370	N	NA	NA	NA	NA	NA	NA	LOC144369121	291407
279	12	36292878	36300265	36294133	N	NA	LOC101958538	NA	NA	NA	NA	LOC101958538	28689
280	12	41369598	41371261	41370496	N	NA	NA	NA	NA	NA	NA	Nck2	136682
281	12	44468535	44470115	44469613	N	NA	Il1r1	NA	NA	NA	NA	Il1r1	44491
282	12	44473982	44475085	44474574	N	NA	Il1r1	NA	NA	NA	NA	Il1r1	49938
283	12	44494686	44496260	44495606	N	NA	NA	NA	NA	NA	NA	Il1r1	70642
284	12	58260054	58261505	58260646	N	NA	Eva1a,Mrpl19	NA	NA	NA	NA	Mrpl19	34453
285	12	66689638	66691448	66690422	N	NA	Etaa1	NA	NA	NA	NA	Etaa1	37097
286	12	68674249	68675314	68674523	N	NA	Actr2,Rab1a	NA	NA	NA	NA	Rab1a	42832
287	12	70938572	70940696	70938586,70939774	N,N	NA;NA	LOC120884889	NA	NA	NA	NA	LOC120884889	19138
288	12	70954363	70955529	70954881	N	NA	LOC120884889	NA	NA	NA	NA	LOC120884889	34929
289	12	71477705	71479601	71478495	N	NA	NA	NA	NA	NA	NA	Cct4	114369
290	12	72689250	72690560	72690005	N	NA	NA	NA	NA	NA	NA	Papolg	378246
291	12	83016068	83018120	83016895	N	NA	NA	NA	NA	NA	NA	Foxn2	83608
292	12	83029190	83030199	83029719	N	NA	NA	NA	NA	NA	NA	Foxn2	96730
293	12	83093543	83095189	83094479	N	NA	NA	NA	NA	NA	NA	Foxn2	161083
294	12	86514662	86516955	86515515	N	NA	NA	NA	NA	NA	NA	Ppm1b	60394
295	12	86531290	86534131	86532898	N	NA	NA	NA	NA	NA	NA	Lrpprc	69192
296	12	86535288	86537562	86536589	N	NA	NA	NA	NA	NA	NA	Lrpprc	65761
297	12	86540952	86542408	86541926	N	NA	NA	NA	NA	NA	NA	Lrpprc	60915
298	12	88104374	88105739	88105076	N	NA	Eml4	NA	NA	NA	NA	Eml4	30134
299	12	88132760	88134137	88133581	N	NA	NA	NA	NA	NA	NA	Pkdcc	52846
300	12	91138465	91139787	91139129	N	NA	LOC101967759,LOC144369401	NA	NA	NA	NA	LOC101967759	9712
301	12	91456697	91459682	91457991	N	NA	Atl2	NA	NA	NA	NA	Atl2	48990
302	12	98066691	98068034	98067610	N	NA	Lbh	NA	NA	NA	NA	Lbh	4478
303	12	98073056	98074916	98073825	N	NA	Lbh	NA	NA	NA	NA	Lbh	10843
304	13	13364750	13369498	13365851,13367924	N,N	NA;NA	Zcchc2	NA	NA	NA	NA	Zcchc2	10135
305	13	13372820	13375763	13374161	N	NA	Zcchc2	NA	NA	NA	NA	Zcchc2	18205
306	13	13420531	13422365	13421674	N	NA	NA	NA	NA	NA	NA	Zcchc2	65916
307	13	17388435	17392959	17390411,17391714	N,N	NA;NA	Onecut2	NA	NA	NA	NA	Onecut2	6016
308	13	17589938	17592290	17591650	N	NA	NA	NA	NA	NA	NA	Onecut2	207519
309	13	23812570	23827217	23822206,23824234,23826653	N,N,N	NA;NA;NA	NA	NA	NA	NA	NA	Acaa2	76221
310	13	23856502	23868554	23858622,23862285,23867504	N,N,N	NA;NA;NA	NA	NA	NA	NA	NA	Lipg	52836
311	13	23938035	23938774	23938328	N	NA	C13H18orf32,Dym,Lipg,Rpl17	NA	NA	NA	NA	Rpl17	10325
312	13	25996288	25997815	25996958	N	NA	NA	NA	NA	NA	NA	Pias2	88861
313	13	2664025	2667518	2666353	N	NA	NA	NA	NA	NA	NA	LOC144369745	287662
314	13	2687853	2691902	2689540	N	NA	NA	NA	NA	NA	NA	LOC144369745	263278
315	13	28087944	28088923	28088776	N	NA	NA	NA	NA	NA	NA	Epg5	1204121
316	13	28096489	28098201	28097620	N	NA	NA	NA	NA	NA	NA	Epg5	1212666
317	13	29746423	29747656	29747074	N	NA	NA	NA	NA	NA	NA	Pik3c3	464123
318	13	33504572	33506209	33505177	N	NA	NA	NA	NA	NA	NA	Kiaa1328	1141790
319	13	35362702	35363815	35363327	N	NA	Rmp24	NA	NA	NA	NA	Rmp24	11498
320	13	38653126	38656230	38655078	N	NA	Rnf125	NA	NA	NA	NA	Rnf125	19284
321	13	38657079	38658557	38657627	N	NA	LOC144369827,Rnf125,Trappc8	NA	NA	NA	NA	Rnf125	23237
322	13	38665524	38666845	38666300	N	NA	LOC144369827,Rnf125,Trappc8	NA	NA	NA	NA	Rnf125	31682
323	13	39010816	39012422	39011711	N	NA	Ttr	NA	NA	NA	NA	Ttr	8044
324	13	39015742	39017850	39016495	N	NA	Ttr	NA	NA	NA	NA	Ttr	12970
325	13	4286938	4290569	4288184	N	NA	Timm21	NA	NA	NA	NA	Timm21	28572
326	13	4782747	4784717	4783900	N	NA	NA	NA	NA	NA	NA	Timm21	463606
327	13	48503800	48505829	48504843	N	NA	NA	NA	NA	NA	NA	Thoc1	127258
328	13	89233058	89234345	89233816	N	NA	Ppp4r1,Rab31	NA	NA	NA	NA	Rab31	27343
329	13	91104785	91109878	91105370,91108212	N,N	NA;NA	Fbp1	NA	NA	NA	NA	Fbp1	14802
330	13	91131397	91133775	91133080	N	NA	Aopep,Fbp1	NA	NA	NA	NA	Fbp1	41414
331	13	97854127	97855441	97854699	N	NA	NA	NA	NA	NA	NA	LOC120886504	56327
332	13	97858636	97860879	97859792	N	NA	NA	NA	NA	NA	NA	LOC120886504	60836
333	13	97909545	97911664	97910560	N	NA	NA	NA	NA	NA	NA	LOC120886504	111745
334	13	97919735	97921168	97920500	N	NA	NA	NA	NA	NA	NA	LOC120886504	121935
335	13	97982675	97988126	97984121,97986806	N,N	NA;NA	NA	NA	NA	NA	NA	LOC120886504	184875
336	13	98102338	98103671	98103075	N	NA	NA	NA	NA	NA	NA	LOC120886504	304538
337	13	98140780	98142456	98141597	N	NA	NA	NA	NA	NA	NA	LOC120886504	342980
338	13	98932046	98934649	98932952	N	NA	NA	NA	NA	NA	NA	LOC144370071	104643
339	13	98971111	98974085	98972338	N	NA	NA	NA	NA	NA	NA	LOC144370071	65207
340	14	10444193	10456783	10453454,10455775	N,N	NA;NA	NA	NA	NA	NA	NA	Kctd9	93464
341	14	13356742	13357777	13357358	N	NA	NA	NA	NA	NA	NA	Dok2	51865
342	14	33600935	33602447	33601735	N	NA	NA	NA	NA	NA	NA	Irf2	208603
343	14	33605273	33606288	33605937	N	NA	NA	NA	NA	NA	NA	Irf2	204762
344	14	34119371	34121233	34120018	N	NA	Acsl1	NA	NA	NA	NA	Acsl1	26820
345	14	34146503	34149407	34147912	N	NA	NA	NA	NA	NA	NA	Acsl1	53952
346	14	34151299	34153405	34152334	N	NA	NA	NA	NA	NA	NA	Acsl1	58748
347	14	39059280	39061465	39060587	N	NA	NA	NA	NA	NA	NA	LOC110598706	137071
348	14	39074488	39076380	39075327	N	NA	NA	NA	NA	NA	NA	LOC110598706	122156
349	14	39083529	39085133	39084309	N	NA	NA	NA	NA	NA	NA	LOC110598706	113403
350	14	39098333	39100343	39099553	N	NA	NA	NA	NA	NA	NA	LOC110598706	98193
351	14	51036232	51038301	51037492	N	NA	NA	NA	NA	NA	NA	LOC144370389	52759
352	14	51648294	51649503	51648923	N	NA	NA	NA	NA	NA	NA	LOC144370405	113881
353	14	51708534	51710112	51709349	N	NA	NA	NA	NA	NA	NA	LOC144370405	53272
354	14	5698188	5699763	5698822	N	NA	Ctsb	NA	NA	NA	NA	Ctsb	33248
355	14	5906259	5907512	5906766	N	NA	Gata4	NA	NA	NA	NA	Gata4	46600
356	14	5908860	5910667	5909913	N	NA	Gata4	NA	NA	NA	NA	Gata4	49201
357	14	5927088	5928718	5927893	N	NA	NA	NA	NA	NA	NA	Gata4	67429
358	14	5939963	5942243	5940955	N	NA	NA	NA	NA	NA	NA	Gata4	80304
359	14	5946618	5947989	5947385	N	NA	NA	NA	NA	NA	NA	Gata4	86959
360	14	64802155	64804729	64802763	N	NA	NA	NA	NA	NA	NA	Tcim	62368
361	14	64902490	64905150	64904119	N	NA	Tcim	NA	NA	NA	NA	Tcim	35393
362	14	65058169	65059600	65058987	N	NA	NA	NA	NA	NA	NA	Tcim	191072
363	14	66220736	66221990	66220954	N	NA	Gpat4	NA	NA	NA	NA	Gpat4	14125
364	14	68283098	68285737	68283535	N	NA	LOC120883982	NA	NA	NA	NA	LOC120883982	8038
365	14	70243880	70246799	70245639	N	NA	Ppp1r3b	NA	NA	NA	NA	Ppp1r3b	38348
366	14	70352810	70354729	70353981	N	NA	NA	NA	NA	NA	NA	Ppp1r3b	67663
367	14	70441986	70444381	70443142	N	NA	LOC144370497	NA	NA	NA	NA	LOC144370497	3133
368	14	7324447	7326261	7324795	N	NA	Kif13b	NA	NA	NA	NA	Kif13b	12185
369	14	9580500	9581917	9581407	N	NA	NA	NA	NA	NA	NA	Dpysl2	93054
370	14	9924461	9925962	9924871	N	NA	Ppp2r2a	NA	NA	NA	NA	Ppp2r2a	8205
371	15	13547754	13551285	13550526	N	NA	Egln2,LOC101956400,LOC101956983,LOC101966550,LOC101966838	NA	NA	NA	NA	LOC101966550	20328
372	15	14265121	14266376	14265540	N	NA	Eid2,Eid2b	NA	NA	NA	NA	Eid2	22129
373	15	19220150	19222526	19221551	N	NA	Cebpa,LOC120888030	NA	NA	NA	NA	Cebpa	45808
374	15	22962537	22963437	22962929	N	NA	NA	NA	NA	NA	NA	Uqcrfs1	264581
375	15	27537814	27538764	27538327	N	NA	LOC144370843	NA	NA	NA	NA	LOC144370843	20085
376	15	30254221	30256360	30255112	N	NA	LOC144370854	NA	NA	NA	NA	LOC144370854	43883
377	15	30304395	30305479	30304563	N	NA	NA	NA	NA	NA	NA	Sall1	84635
378	15	30626554	30641027	30627375,30631153	N,N	NA;NA	LOC144371065	NA	NA	NA	NA	LOC144371065	22860
379	15	30669526	30670652	30669974	N	NA	NA	NA	NA	NA	NA	LOC144371065	65832
380	15	30688715	30692881	30689560,30691671	N,N	NA;NA	NA	NA	NA	NA	NA	LOC144371065	85021
381	15	31684452	31685582	31684839	N	NA	NA	NA	NA	NA	NA	Chd9	406482
382	15	36742554	36758548	36743559,36743846,36745394,36750013	N,N,N,N	NA;NA;NA;NA	Got2,Slc38a7	NA	NA	NA	NA	Got2	7855
383	15	47619466	47621846	47619811	N	NA	NA	NA	NA	NA	NA	Zfhx3	335124
384	15	48459767	48466313	48461290,48464872,48465931	N,N,N	NA;NA;NA	LOC120887963,Marveld3,Tat	NA	NA	NA	NA	Tat	3647
385	15	50662285	50663610	50662881	N	NA	NA	NA	NA	NA	NA	Terf2ip	63323
386	15	53804955	53813906	53805594	N	NA	LOC106145435	NA	NA	NA	NA	LOC106145435	3078
387	15	53940089	53942326	53941249	N	NA	NA	NA	NA	NA	NA	LOC106145435	138212
388	15	54110812	54113474	54111911	N	NA	NA	NA	NA	NA	NA	LOC106145435	308935
389	15	54360444	54362106	54361290	N	NA	NA	NA	NA	NA	NA	LOC144370922	225745
390	15	54366550	54368136	54367218	N	NA	NA	NA	NA	NA	NA	LOC144370922	219715
391	15	55684445	55687299	55685853	N	NA	Hsd17b2,Sdr42e1	NA	NA	NA	NA	Hsd17b2	7063
392	15	9952711	9954163	9953248	N	NA	NA	NA	NA	NA	NA	Pglyrp1	195604
393	16	25619788	25621342	25620672	N	NA	NA	NA	NA	NA	NA	LOC144371494	4385510
394	16	36784970	36795612	36786547	N	NA	H1-10,Rab7a,Rpn1	NA	NA	NA	NA	Rpn1	2088
395	16	37101262	37110467	37106981,37108968	N,N	NA;NA	NA	NA	NA	NA	NA	Acad9	58914
396	16	50890714	50892180	50891529	N	NA	Pdzrn3	NA	NA	NA	NA	Pdzrn3	43029
397	16	51811550	51812395	51811949	N	NA	NA	NA	NA	NA	NA	LOC144371191	106766
398	16	51829697	51832607	51830917	N	NA	NA	NA	NA	NA	NA	LOC144371191	86554
399	16	51852897	51867670	51853740,51857432,51859866	N,N,N	NA;NA;NA	NA	NA	NA	NA	NA	LOC144371191	51491
400	16	51956886	51958925	51957870	N	NA	LOC144371191	NA	NA	NA	NA	LOC144371191	37725
401	16	6192467	6193857	6193005	N	NA	NA	NA	NA	NA	NA	LOC144371476	8921339
402	16	7316950	7318378	7317292	N	NA	NA	NA	NA	NA	NA	LOC144371476	7796818
403	2	103200489	103202930	103201899	N	NA	NA	NA	NA	NA	NA	Slc15a4	1881774
404	2	119358327	119359534	119358710	N	NA	Nf2,Nipsnap1,Thoc5	NA	NA	NA	NA	Nipsnap1	7907
405	2	120919853	120920735	120920324	N	NA	NA	NA	NA	NA	NA	Mtmr3	1295549
406	2	126205037	126206552	126205923	N	NA	Cobl	NA	NA	NA	NA	Cobl	4486
407	2	130061455	130063252	130062297	N	NA	NA	NA	NA	NA	NA	Tns3	299521
408	2	136495535	136507060	136495698	N	NA	Cdk13,LOC101976113	NA	NA	NA	NA	Cdk13	10301
409	2	145246901	145248420	145247389	N	NA	Znrf2	NA	NA	NA	NA	Znrf2	24504
410	2	148564991	148581584	148575657,148580170	N,N	NA;NA	NA	NA	NA	NA	NA	Snx10	152910
411	2	148587355	148589061	148588207	N	NA	NA	NA	NA	NA	NA	Snx10	145433
412	2	148593275	148595237	148594025	N	NA	NA	NA	NA	NA	NA	Snx10	139257
413	2	150337769	150338921	150338916	N	NA	Pals2	NA	NA	NA	NA	Pals2	48250
414	2	150340458	150342747	150341132	N	NA	NA	NA	NA	NA	NA	Pals2	50939
415	2	150359749	150361797	150360809	N	NA	NA	NA	NA	NA	NA	Pals2	70230
416	2	150382293	150384219	150383122	N	NA	NA	NA	NA	NA	NA	Pals2	92774
417	2	160565197	160566511	160565941	N	NA	Arl4a	NA	NA	NA	NA	Arl4a	26339
418	2	176549416	176551797	176550872	N	NA	LOC144375409,Sypl1	NA	NA	NA	NA	Sypl1	48078
419	2	176664151	176665780	176665178	N	NA	Nampt	NA	NA	NA	NA	Nampt	13889
420	2	176871752	176873772	176873167	N	NA	NA	NA	NA	NA	NA	Ccdc71l	149171
421	2	176911152	176912466	176911926	N	NA	NA	NA	NA	NA	NA	Ccdc71l	110477
422	2	182685923	182687821	182686726	N	NA	Wasl	NA	NA	NA	NA	Wasl	34321
423	2	192298583	192299468	192298860	N	NA	NA	NA	NA	NA	NA	Tmem168	139179
424	2	19766310	19768097	19766765	N	NA	Pomgnt2	NA	NA	NA	NA	Pomgnt2	20635
425	2	198361997	198364772	198363276	N	NA	Slc25a13	NA	NA	NA	NA	Slc25a13	4053
426	2	199025946	199029469	199028001	N	NA	Pdk4	NA	NA	NA	NA	Pdk4	10728
427	2	21978019	21979293	21978742	N	NA	NA	NA	NA	NA	NA	LOC144369767	138643
428	2	22121051	22122709	22121985	N	NA	LOC144369767	NA	NA	NA	NA	LOC144369767	3115
429	2	22124800	22126717	22125860	N	NA	LOC144369767	NA	NA	NA	NA	LOC144369767	6864
430	2	225686369	225689258	225686698,225688059	N,N	NA;NA	Tmem176a	NA	NA	NA	NA	Tmem176a	32089
431	2	227041088	227046160	227041948	N	NA	LOC144368992	NA	NA	NA	NA	LOC144368992	48460
432	2	229041470	229043427	229042941	N	NA	NA	NA	NA	NA	NA	Insig1	57460
433	2	229072073	229086940	229073286,229084360	N,N	NA;NA	Insig1	NA	NA	NA	NA	Insig1	13947
434	2	229090944	229093742	229092898	N	NA	Insig1	NA	NA	NA	NA	Insig1	7145
435	2	229094710	229096718	229096103	N	NA	Insig1	NA	NA	NA	NA	Insig1	4169
436	2	230345124	230347434	230345979	N	NA	Lmbr1,Nom1	NA	NA	NA	NA	Nom1	17197
437	2	232522247	232524854	232523867	N	NA	NA	NA	NA	NA	NA	Dync2i1	591458
438	2	2699758	2701277	2700205	N	NA	Hdgfl2,Plin4,Plin5,Ubxn6	NA	NA	NA	NA	Hdgfl2	2111
439	2	28977784	28979297	28978413	N	NA	Cmtm8	NA	NA	NA	NA	Cmtm8	18156
440	2	28984515	28985541	28985141	N	NA	Cmtm8	NA	NA	NA	NA	Cmtm8	24887
441	2	29118706	29119875	29119254	N	NA	NA	NA	NA	NA	NA	Cmtm8	159078
442	2	37030234	37031743	37031154	N	NA	NA	NA	NA	NA	NA	LOC101971161	289280
443	2	42103494	42104528	42104202	N	NA	Plcl2	NA	NA	NA	NA	Plcl2	42042
444	2	42105614	42106716	42105714	N	NA	Plcl2	NA	NA	NA	NA	Plcl2	44162
445	2	47779851	47781409	47780912	N	NA	Rft1	NA	NA	NA	NA	Rft1	29133
446	2	49696754	49698828	49698150	N	NA	NA	NA	NA	NA	NA	Fam107a	486527
447	2	50169254	50172392	50170867	N	NA	NA	NA	NA	NA	NA	Fam107a	959027
448	2	50186647	50188168	50187432	N	NA	NA	NA	NA	NA	NA	Fam107a	976420
449	2	56193172	56195753	56193858	N	NA	Magi1	NA	NA	NA	NA	Magi1	12651
450	2	56204126	56208785	56205408,56207164,56207197	N,N,N	NA;NA;NA	Magi1	NA	NA	NA	NA	Magi1	23605
451	2	56720380	56722007	56720689	N	NA	NA	NA	NA	NA	NA	Lrig1	99806
452	2	56851410	56852759	56852552	N	NA	NA	NA	NA	NA	NA	Lrig1	230836
453	2	58674901	58676552	58675724	N	NA	NA	NA	NA	NA	NA	LOC101969744	481369
454	2	58773958	58844639	58774956,58778183,58782518,58785189,58797833,58804676,58816419	N,N,N,N,N,N,N	NA;NA;NA;NA;NA;NA;NA	NA	NA	NA	NA	NA	LOC101969744	580426
455	2	68524731	68526274	68525301	N	NA	NA	NA	NA	NA	NA	Dgcr6l	1851011
456	2	68538270	68540860	68539571	N	NA	NA	NA	NA	NA	NA	Dgcr6l	1836425
457	2	70497394	70498597	70498088	N	NA	NA	NA	NA	NA	NA	Rtn4r	66704
458	2	74519464	74520426	74519895	N	NA	NA	NA	NA	NA	NA	Bcr	201466
459	2	84062514	84066430	84063854	N	NA	LOC101963847	NA	NA	NA	NA	LOC101963847	32444
460	2	85966519	85968229	85967269	N	NA	NA	NA	NA	NA	NA	LOC106145613	775788
461	2	87361094	87362766	87361724	N	NA	NA	NA	NA	NA	NA	LOC144375210	119269
462	2	87454780	87461319	87458127,87460098	N,N	NA;NA	NA	NA	NA	NA	NA	LOC144375214	89824
463	2	88648916	88650096	88649231	N	NA	NA	NA	NA	NA	NA	Spring1	156557
464	2	90730239	90731726	90730609	N	NA	Cux2	NA	NA	NA	NA	Cux2	23746
465	2	90838236	90839543	90838913	N	NA	LOC144375238,Ppp1cc	NA	NA	NA	NA	LOC144375238	40889
466	2	90993496	90995206	90994444	N	NA	Pptc7	NA	NA	NA	NA	Pptc7	5904
467	2	93912137	93914395	93913489	N	NA	LOC144375266,LOC144375267	NA	NA	NA	NA	LOC144375266	27151
468	3	100373282	100374336	100373754	N	NA	NA	NA	NA	NA	NA	Mbnl1	82266
469	3	100507747	100508883	100508464	N	NA	LOC144376299	NA	NA	NA	NA	LOC144376299	30701
470	3	100596180	100597523	100596982	N	NA	NA	NA	NA	NA	NA	LOC144376299	56596
471	3	100602134	100603568	100602851	N	NA	NA	NA	NA	NA	NA	LOC144376299	62550
472	3	102182515	102183757	102183288	N	NA	NA	NA	NA	NA	NA	Tsc22d2	76539
473	3	102202522	102203758	102202928	N	NA	NA	NA	NA	NA	NA	Tsc22d2	96546
474	3	102214794	102215853	102215334	N	NA	NA	NA	NA	NA	NA	Tsc22d2	108818
475	3	102217272	102218906	102218225	N	NA	NA	NA	NA	NA	NA	Tsc22d2	111296
476	3	102220248	102222167	102220977	N	NA	NA	NA	NA	NA	NA	Tsc22d2	114272
477	3	102230843	102233250	102231960	N	NA	NA	NA	NA	NA	NA	Tsc22d2	124867
478	3	10703514	10705020	10703971	N	NA	LOC144375996	NA	NA	NA	NA	LOC144375996	45621
479	3	10954320	10955871	10955040	N	NA	LOC101961636	NA	NA	NA	NA	LOC101961636	10133
480	3	121602512	121604413	121603486	N	NA	NA	NA	NA	NA	NA	Tbl1xr1	124398
481	3	121653829	121654766	121654304	N	NA	NA	NA	NA	NA	NA	Tbl1xr1	175715
482	3	121711945	121715189	121713049	N	NA	NA	NA	NA	NA	NA	Tbl1xr1	233831
483	3	121722804	121724500	121723748	N	NA	NA	NA	NA	NA	NA	Tbl1xr1	244690
484	3	121727690	121731151	121729519	N	NA	NA	NA	NA	NA	NA	Tbl1xr1	249576
485	3	121905685	121912233	121906639,121909793,121912076	N,N,N	NA;NA;NA	NA	NA	NA	NA	NA	Tbl1xr1	427571
486	3	12617517	12618836	12618275	N	NA	Apoh,Prkca	NA	NA	NA	NA	Apoh	4955
487	3	12620844	12622085	12621651	N	NA	Apoh,Prkca	NA	NA	NA	NA	Apoh	8282
488	3	128950191	128950983	128950735	N	NA	Klhl24	NA	NA	NA	NA	Klhl24	10022
489	3	133091432	133092252	133091772	N	NA	LOC120884421,Lpp	NA	NA	NA	NA	LOC120884421	27268
490	3	138827198	138829129	138828243	N	NA	Atp13a3	NA	NA	NA	NA	Atp13a3	9978
491	3	139764205	139766190	139765548	N	NA	NA	NA	NA	NA	NA	LOC144375737	190743
492	3	140907514	140908997	140908435	N	NA	NA	NA	NA	NA	NA	Tfrc	68732
493	3	142262731	142264002	142263472	N	NA	NA	NA	NA	NA	NA	Dlg1	55320
494	3	142444529	142445486	142445074	N	NA	Bdh1	NA	NA	NA	NA	Bdh1	13229
495	3	145797645	145798626	145798322	N	NA	Dtx3l,LOC101962583,Parp9	NA	NA	NA	NA	LOC101962583	31324
496	3	159214908	159219493	159216106	N	NA	NA	NA	NA	NA	NA	Bbx	84162
497	3	162654204	162656401	162655166	N	NA	NA	NA	NA	NA	NA	Alcam	715210
498	3	164608780	164611533	164609918	N	NA	NA	NA	NA	NA	NA	Nfkbiz	304291
499	3	171148203	171149089	171148831	N	NA	NA	NA	NA	NA	NA	Nsun3	412397
500	3	176374938	176376161	176376098	N	NA	NA	NA	NA	NA	NA	C3H3orf38	2768915
501	3	180478421	180501141	180500379	N	NA	NA	NA	NA	NA	NA	Chmp2b	598044
502	3	184599223	184600316	184599605	N	NA	Gbe1,LOC144376456	NA	NA	NA	NA	Gbe1	46924
503	3	184607268	184608694	184608025	N	NA	Gbe1,LOC144376456	NA	NA	NA	NA	Gbe1	38546
504	3	190464395	190466002	190465414	N	NA	NA	NA	NA	NA	NA	Nrip1	157398
505	3	191188664	191189478	191189069	N	NA	Usp25	NA	NA	NA	NA	Usp25	13840
506	3	19212991	19215612	19214330	N	NA	Dhx8	NA	NA	NA	NA	Dhx8	18316
507	3	19223402	19226588	19225013	N	NA	Arl4d,Dhx8	NA	NA	NA	NA	Dhx8	28727
508	3	19229507	19231110	19230243	N	NA	Arl4d,Dhx8	NA	NA	NA	NA	Dhx8	34832
509	3	192479442	192480718	192480117	N	NA	NA	NA	NA	NA	NA	Cxadr	139120
510	3	192519450	192520498	192520057	N	NA	NA	NA	NA	NA	NA	Cxadr	99340
511	3	192590084	192591713	192590635	N	NA	Cxadr	NA	NA	NA	NA	Cxadr	28125
512	3	192797276	192799019	192798469	N	NA	LOC101967352	NA	NA	NA	NA	LOC101967352	17509
513	3	19591032	19593324	19592518	N	NA	G6pc1,LOC144375602,LOC144375611	NA	NA	NA	NA	G6pc1	2248
514	3	196466210	196467917	196467251	N	NA	NA	NA	NA	NA	NA	Mrpl39	2803463
515	3	201467164	201469141	201467805	N	NA	NA	NA	NA	NA	NA	Hemk2	513047
516	3	202144358	202146438	202145792	N	NA	Cct8	NA	NA	NA	NA	Cct8	12058
517	3	202155099	202155930	202155500	N	NA	Cct8	NA	NA	NA	NA	Cct8	22799
518	3	204662995	204664544	204664027	N	NA	NA	NA	NA	NA	NA	Sod1	63013
519	3	204669289	204673618	204670415,204671983	N,N	NA;NA	NA	NA	NA	NA	NA	Sod1	53939
520	3	204674781	204697529	204676787,204679031,204688404,204690495,204692460,204694705	N,N,N,N,N,N	NA;NA;NA;NA;NA;NA	Sod1	NA	NA	NA	NA	Sod1	30028
521	3	206158722	206159722	206159420	N	NA	Ifngr2	NA	NA	NA	NA	Ifngr2	14386
522	3	208857642	208858850	208858002	N	NA	Cldn14	NA	NA	NA	NA	Cldn14	49051
523	3	208867314	208869603	208868430	N	NA	NA	NA	NA	NA	NA	Cldn14	58723
524	3	209508324	209509777	209509088	N	NA	Dyrk1a,Vps26c	NA	NA	NA	NA	Dyrk1a	29951
525	3	214153198	214169380	214162439	N	NA	Sik1	NA	NA	NA	NA	Sik1	33099
526	3	214171451	214176251	214173627	N	NA	NA	NA	NA	NA	NA	Sik1	51352
527	3	214669137	214670256	214669658	N	NA	Gatd3,Icoslg	NA	NA	NA	NA	Gatd3	29477
528	3	26271023	26286056	26279040,26281787,26285078	N,N,N	NA;NA;NA	LOC101975192,LOC110597783,Tob1	NA	NA	NA	NA	LOC110597783	16605
529	3	29774068	29775391	29774781	N	NA	Hlf,LOC144376076	NA	NA	NA	NA	Hlf	21152
530	3	39784701	39786269	39785925	N	NA	Psmd11	NA	NA	NA	NA	Psmd11	7758
531	3	41017541	41019702	41017997	N	NA	Nf1,Wsb1	NA	NA	NA	NA	Wsb1	46611
532	3	41023226	41026193	41023907	N	NA	Wsb1	NA	NA	NA	NA	Wsb1	40120
533	3	44589244	44590539	44590052	N	NA	Rph3al	NA	NA	NA	NA	Rph3al	42380
534	3	46760993	46764918	46763018,46764638	N,N	NA;NA	NA	NA	NA	NA	NA	LOC101959994	291494
535	3	46826119	46830227	46828332	N	NA	NA	NA	NA	NA	NA	LOC101959994	356620
536	3	46858301	46860620	46859328	N	NA	NA	NA	NA	NA	NA	LOC144376144	377579
537	3	47003834	47004901	47004252	N	NA	NA	NA	NA	NA	NA	LOC144376144	233298
538	3	48406997	48408557	48408070	N	NA	Ube2g1	NA	NA	NA	NA	Ube2g1	27721
539	3	48713928	48716388	48715441	N	NA	Slc13a5	NA	NA	NA	NA	Slc13a5	5894
540	3	64113295	64115029	64114381	N	NA	LOC101959776	NA	NA	NA	NA	LOC101959776	3506
541	3	70640378	70643216	70641603	N	NA	NA	NA	NA	NA	NA	LOC101966410	253647
542	3	72826333	72827772	72826941	N	NA	NA	NA	NA	NA	NA	LOC144376241	469254
543	3	72841490	72843611	72842685	N	NA	NA	NA	NA	NA	NA	LOC144376241	453415
544	3	72845937	72847314	72846246	N	NA	NA	NA	NA	NA	NA	LOC144376241	449712
545	3	77517826	77519786	77518829	N	NA	Dusp7	NA	NA	NA	NA	Dusp7	4747
546	3	78404919	78406406	78405490	N	NA	NA	NA	NA	NA	NA	Pik3r4	58300
547	3	79738041	79739559	79738913	N	NA	Acp3	NA	NA	NA	NA	Acp3	31496
548	3	8934339	8937015	8935750	N	NA	NA	NA	NA	NA	NA	LOC144375991	196473
549	3	9073957	9076035	9075239	N	NA	NA	NA	NA	NA	NA	LOC144375991	336091
550	3	91811804	91814298	91813126	N	NA	Plscr4	NA	NA	NA	NA	Plscr4	48675
551	3	9317200	9318958	9317964	N	NA	NA	NA	NA	NA	NA	LOC144375991	579334
552	3	93740937	93742284	93741479	N	NA	NA	NA	NA	NA	NA	Agtr1	141869
553	3	94402607	94404818	94403797	N	NA	NA	NA	NA	NA	NA	LOC144376281	57750
554	3	94514739	94516036	94515143	N	NA	Tm4sf4	NA	NA	NA	NA	Tm4sf4	10349
555	3	94521533	94522686	94522246	N	NA	Tm4sf4	NA	NA	NA	NA	Tm4sf4	3699
556	3	99160287	99164090	99162419	N	NA	NA	NA	NA	NA	NA	Arhgef26	256972
557	3	99166490	99176153	99174588	N	NA	NA	NA	NA	NA	NA	Arhgef26	263175
558	4	103318558	103321498	103320208,103320450	N,N	NA;NA	LOC144377210,Oaf	NA	NA	NA	NA	LOC144377210	23245
559	4	104270998	104272204	104271608	N	NA	Sc5d	NA	NA	NA	NA	Sc5d	47082
560	4	106482082	106483935	106483010	N	NA	Znf202	NA	NA	NA	NA	Znf202	27763
561	4	128641216	128643607	128642852	N	NA	NA	NA	NA	NA	NA	LOC110597334	149124
562	4	139404858	139406478	139405747	N	NA	NA	NA	NA	NA	NA	Zfand5	169460
563	4	141307998	141334245	141321226,141323801,141326226,141331495	N,N,N,N	NA;NA;NA;NA	NA	NA	NA	NA	NA	Klf9	61584
564	4	141334930	141342791	141336703,141340665	N,N	NA;NA	NA	NA	NA	NA	NA	Klf9	53038
565	4	149761524	149764535	149762363	N	NA	Gldc	NA	NA	NA	NA	Gldc	33247
566	4	155941287	155942757	155942221	N	NA	NA	NA	NA	NA	NA	Mpdz	246279
567	4	162837207	162877660	162868900,162875497,162876749	N,N,N	NA;NA;NA	NA	NA	NA	NA	NA	Mtap	236182
568	4	165131507	165133321	165131765	N	NA	NA	NA	NA	NA	NA	Tusc1	1233677
569	4	166772078	166773226	166772534	N	NA	NA	NA	NA	NA	NA	Tusc1	405080
570	4	176881412	176884529	176882334,176883938	N,N	NA;NA	Aldh1b1	NA	NA	NA	NA	Aldh1b1	4858
571	4	177392129	177393851	177392875	N	NA	NA	NA	NA	NA	NA	Xpa	85102
572	4	183453833	183455358	183454197	N	NA	Abca1	NA	NA	NA	NA	Abca1	32192
573	4	183475500	183477504	183476376	N	NA	NA	NA	NA	NA	NA	Abca1	53859
574	4	185292147	185298892	185297445	N	NA	Rad23b	NA	NA	NA	NA	Rad23b	40712
575	4	185300416	185302989	185301517	N	NA	Rad23b	NA	NA	NA	NA	Rad23b	36615
576	4	185608200	185609308	185608689	N	NA	NA	NA	NA	NA	NA	Rad23b	268596
577	4	187170212	187171468	187170882	N	NA	Ptpn3	NA	NA	NA	NA	Ptpn3	16685
578	4	187232509	187234342	187233388	N	NA	NA	NA	NA	NA	NA	Ptpn3	78982
579	4	187240024	187241571	187240461	N	NA	NA	NA	NA	NA	NA	Ptpn3	86497
580	4	189188594	189193658	189192577	N	NA	NA	NA	NA	NA	NA	Ugcg	119827
581	4	191400720	191403121	191402074	N	NA	NA	NA	NA	NA	NA	Tmem268	57452
582	4	191411597	191412932	191412225	N	NA	NA	NA	NA	NA	NA	Tmem268	68329
583	4	204955442	204958030	204956418	N	NA	Fubp3	NA	NA	NA	NA	Fubp3	36363
584	4	205573101	205575421	205574353	N	NA	Prrc2b	NA	NA	NA	NA	Prrc2b	14409
585	4	206819437	206820494	206819798	N	NA	Gtf3c5,LOC120889933,Tsc1	NA	NA	NA	NA	Tsc1	15544
586	4	207515056	207516480	207515598	N	NA	LOC144377408	NA	NA	NA	NA	LOC144377408	8265
587	4	207671619	207696596	207672326,207682545,207682570,207687221,207691981	N,N,N,N,N	NA;NA;NA;NA;NA	Wdr5	NA	NA	NA	NA	Wdr5	42934
588	4	207715169	207721715	207719543	N	NA	LOC110599282,Rxra	NA	NA	NA	NA	LOC110599282	39581
589	4	210603720	210605235	210604339	N	NA	LOC144377480	NA	NA	NA	NA	LOC144377480	47109
590	4	210887	212382	211593	N	NA	LOC144376923,LOC144376924,Pgghg,Psmd13,Sirt3	NA	NA	NA	NA	Pgghg	12799
591	4	30248921	30253303	30250568,30252628	N,N	NA;NA	Abtb2,Cat	NA	NA	NA	NA	Cat	24104
592	4	30768349	30770133	30769497	N	NA	Fbxo3	NA	NA	NA	NA	Fbxo3	15866
593	4	30782451	30783894	30782836	N	NA	Cd59,Fbxo3	NA	NA	NA	NA	Fbxo3	2105
594	4	43250948	43253031	43252181	N	NA	NA	NA	NA	NA	NA	Zdhhc13	167021
595	4	4380434	4382322	4381336	N	NA	NA	NA	NA	NA	NA	Fadd	66765
596	4	4469475	4470561	4470360	N	NA	NA	NA	NA	NA	NA	Fadd	155806
597	4	52488499	52490718	52489403	N	NA	Ipo7,LOC106144938,Tmem41b	NA	NA	NA	NA	Ipo7	19781
598	4	5394776	5396663	5395577	N	NA	Chka	NA	NA	NA	NA	Chka	2044
599	4	55961329	55992912	55978241	N	NA	NA	NA	NA	NA	NA	Mrpl17	669102
600	4	59977139	59978103	59977409	N	NA	NA	NA	NA	NA	NA	Trim21	63844
601	4	63436604	63437999	63437126	N	NA	Arrb1,Rps3	NA	NA	NA	NA	Arrb1	9505
602	4	64659715	64662672	64661760	N	NA	Tsku	NA	NA	NA	NA	Tsku	15391
603	4	64664918	64667598	64665799	N	NA	Tsku	NA	NA	NA	NA	Tsku	10465
604	4	8385964	8387357	8386839	N	NA	Dnajc4,Macrod1,Nudt22,Stip1,Trpt1,Vegfb	NA	NA	NA	NA	Macrod1	5806
605	4	83968137	83969836	83968536	N	NA	NA	NA	NA	NA	NA	Jrkl	1572285
606	4	87181103	87182906	87181638	N	NA	Birc3	NA	NA	NA	NA	Birc3	46820
607	4	87509964	87512478	87511163	N	NA	NA	NA	NA	NA	NA	LOC101958300	252130
608	4	9332887	9334286	9333662	N	NA	LOC101978269	NA	NA	NA	NA	LOC101978269	9875
609	4	97391132	97393494	97391886	N	NA	Zbtb16	NA	NA	NA	NA	Zbtb16	20126
610	4	97618270	97620827	97618971	N	NA	NA	NA	NA	NA	NA	Rbm7	109024
611	5	105102846	105104015	105103432	N	NA	NA	NA	NA	NA	NA	Sel1l	1758929
612	5	106424112	106426185	106424730	N	NA	NA	NA	NA	NA	NA	Galc	2520617
613	5	109873025	109874596	109873675	N	NA	NA	NA	NA	NA	NA	LOC144377915	382007
614	5	110369812	110372324	110371542	N	NA	Foxn3	NA	NA	NA	NA	Foxn3	17667
615	5	110385919	110388241	110387099	N	NA	Foxn3	NA	NA	NA	NA	Foxn3	33774
616	5	111320047	111321758	111321176	N	NA	LOC144377918,Ttc7b	NA	NA	NA	NA	Ttc7b	6214
617	5	111594990	111596364	111595544	N	NA	NA	NA	NA	NA	NA	Rps6ka5	62363
618	5	114256926	114260548	114259002	N	NA	LOC144377571,LOC144377928,LOC144377929	NA	NA	NA	NA	LOC144377928	2182
619	5	114761346	114772364	114762260,114763674,114765264	N,N,N	NA;NA;NA	NA	NA	NA	NA	NA	LOC120886803	164304
620	5	119144725	119146254	119145742	N	NA	LOC144377948,Yy1	NA	NA	NA	NA	Yy1	44106
621	5	119155290	119156550	119156063	N	NA	LOC144377948,Yy1	NA	NA	NA	NA	Yy1	33810
622	5	119167856	119170192	119169160	N	NA	LOC144377948,Yy1	NA	NA	NA	NA	Yy1	20168
623	5	120404311	120406305	120405033	N	NA	NA	NA	NA	NA	NA	LOC144377954	108671
624	5	120437665	120440780	120439892	N	NA	NA	NA	NA	NA	NA	LOC144377954	74196
625	5	120444160	120447466	120445943	N	NA	NA	NA	NA	NA	NA	LOC144377954	67510
626	5	120454752	120468078	120458699,120466927	N,N	NA;NA	LOC144377954	NA	NA	NA	NA	LOC144377954	46898
627	5	121197199	121199917	121198794	N	NA	NA	NA	NA	NA	NA	Ppp2r5c	60365
628	5	121211835	121212550	121212172	N	NA	Ppp2r5c	NA	NA	NA	NA	Ppp2r5c	47732
629	5	144536342	144537287	144536818	N	NA	NA	NA	NA	NA	NA	LOC110597653	65900
630	5	144942830	144947264	144943460	N	NA	LOC144378022,Nr2f2	NA	NA	NA	NA	Nr2f2	26837
631	5	145018894	145020475	145019538	N	NA	NA	NA	NA	NA	NA	Nr2f2	102901
632	5	146438426	146441060	146440309	N	NA	Arrdc4	NA	NA	NA	NA	Arrdc4	47478
633	5	147731674	147734051	147732476	N	NA	NA	NA	NA	NA	NA	Mef2a	63097
634	5	149458095	149458971	149458661	N	NA	LOC144378030,Pcsk6	NA	NA	NA	NA	Pcsk6	46023
635	5	151083975	151087729	151086795	N	NA	NA	NA	NA	NA	NA	LOC120886919	108142
636	5	155077632	155079077	155078613	N	NA	NA	NA	NA	NA	NA	LOC120886165	81436
637	5	155093410	155095730	155094579	N	NA	NA	NA	NA	NA	NA	LOC120886165	97214
638	5	155099518	155103623	155101008	N	NA	NA	NA	NA	NA	NA	LOC120886165	103322
639	5	15705405	15707906	15706817	N	NA	LOC144377517	NA	NA	NA	NA	LOC144377517	22693
640	5	15725523	15727351	15726536	N	NA	LOC144377517,LOC144377707	NA	NA	NA	NA	LOC144377707	40077
641	5	159230395	159232166	159230839	N	NA	NA	NA	NA	NA	NA	Snx5	67432
642	5	16449411	16458445	16450068	N	NA	Smad3	NA	NA	NA	NA	Smad3	2249
643	5	16460181	16461763	16460461	N	NA	Smad3	NA	NA	NA	NA	Smad3	13019
644	5	169481174	169482338	169481727	N	NA	NA	NA	NA	NA	NA	LOC120886901	170993
645	5	170278976	170280866	170279840	N	NA	Shld1	NA	NA	NA	NA	Shld1	24965
646	5	170289155	170290643	170289893	N	NA	Shld1	NA	NA	NA	NA	Shld1	35144
647	5	177839834	177842824	177840792	N	NA	Ahcy,Itch	NA	NA	NA	NA	Ahcy	12561
648	5	180352142	180353194	180352689	N	NA	Blcap	NA	NA	NA	NA	Blcap	39800
649	5	180358741	180359893	180359243	N	NA	Blcap	NA	NA	NA	NA	Blcap	33101
650	5	181909906	181912367	181910889	N	NA	NA	NA	NA	NA	NA	Dhx35	319251
651	5	18266425	18267484	18267072	N	NA	LOC120886319,Plekho2,Rbpms2	NA	NA	NA	NA	Plekho2	5262
652	5	1841404	1842111	1841684	N	NA	NA	NA	NA	NA	NA	LOC144377684	467299
653	5	188306638	188311629	188308404,188310826	N,N	NA;NA	LOC144378149,LOC144378151,Pck1	NA	NA	NA	NA	Pck1	17727
654	5	193472467	193474509	193472980	N	NA	Ptpn1	NA	NA	NA	NA	Ptpn1	6335
655	5	193486621	193488586	193487455	N	NA	Ptpn1	NA	NA	NA	NA	Ptpn1	20489
656	5	19427402	19429151	19428273	N	NA	Usp3	NA	NA	NA	NA	Usp3	21494
657	5	194317974	194318777	194318236	N	NA	Ddx27,Stau1	NA	NA	NA	NA	Stau1	5535
658	5	194319626	194321070	194320305	N	NA	Ddx27,Stau1	NA	NA	NA	NA	Stau1	3242
659	5	194901879	194902798	194902262	N	NA	NA	NA	NA	NA	NA	LOC120886321	362676
660	5	197552657	197554334	197553416	N	NA	NA	NA	NA	NA	NA	Fam217b	97503
661	5	19924337	19925404	19924731	N	NA	NA	NA	NA	NA	NA	Tpm1	130209
662	5	22696192	22697520	22696747	N	NA	Bnip2	NA	NA	NA	NA	Bnip2	45237
663	5	23992581	23998087	23997387	N	NA	NA	NA	NA	NA	NA	Aqp9	104006
664	5	24004652	24005984	24005187	N	NA	NA	NA	NA	NA	NA	Aqp9	96109
665	5	24107235	24110307	24108887	N	NA	Aqp9	NA	NA	NA	NA	Aqp9	5142
666	5	25212306	25213816	25213077	N	NA	Tcf12	NA	NA	NA	NA	Tcf12	21131
667	5	28631808	28634330	28632954	N	NA	NA	NA	NA	NA	NA	LOC101960907	202658
668	5	28917667	28920234	28919071	N	NA	Atosa	NA	NA	NA	NA	Atosa	43469
669	5	30986948	30989301	30988335	N	NA	Gabpb1,LOC101961191,Usp8	NA	NA	NA	NA	Usp8	28781
670	5	35800830	35804371	35802041,35803668	N,N	NA;NA	B2m,Spg11	NA	NA	NA	NA	B2m	7055
671	5	40809506	40813320	40810224,40812643	N,N	NA;NA	NA	NA	NA	NA	NA	Thbs1	421174
672	5	54532198	54533630	54532906	N	NA	NA	NA	NA	NA	NA	Daam1	378902
673	5	5468313	5469551	5468876	N	NA	Zfand6	NA	NA	NA	NA	Zfand6	29815
674	5	5491162	5493147	5492025	N	NA	Mthfs	NA	NA	NA	NA	Mthfs	34274
675	5	61210007	61210420	61210125	N	NA	NA	NA	NA	NA	NA	Gphn	99928
676	5	62174728	62175935	62175372	N	NA	Tmem229b	NA	NA	NA	NA	Tmem229b	42571
677	5	63144582	63146242	63145626	N	NA	NA	NA	NA	NA	NA	Zfp36l1	242140
678	5	63178844	63180391	63179332	N	NA	NA	NA	NA	NA	NA	Zfp36l1	207991
679	5	63242109	63247862	63243274	N	NA	NA	NA	NA	NA	NA	Zfp36l1	140520
680	5	63309915	63311973	63311398	N	NA	NA	NA	NA	NA	NA	Zfp36l1	76409
681	5	63330460	63332983	63331556	N	NA	NA	NA	NA	NA	NA	Zfp36l1	55399
682	5	64142612	64144982	64143814	N	NA	Susd6	NA	NA	NA	NA	Susd6	4085
683	5	64324594	64329966	64328083	N	NA	Slc10a1,Srsf5	NA	NA	NA	NA	Slc10a1	9624
684	5	64332087	64341486	64333466,64336839,64338917	N,N,N	NA;NA;NA	Slc10a1,Srsf5	NA	NA	NA	NA	Slc10a1	17117
685	5	64361619	64372151	64361880,64364310	N,N	NA;NA	Slc10a1,Smoc1	NA	NA	NA	NA	Smoc1	19992
686	5	6452483	6453527	6453184	N	NA	Morf4l1	NA	NA	NA	NA	Morf4l1	32573
687	5	64884906	64887177	64886741	N	NA	Synj2bp	NA	NA	NA	NA	Synj2bp	47571
688	5	65496571	65498274	65497548	N	NA	NA	NA	NA	NA	NA	Frmd6	115418
689	5	66005639	66007338	66006558	N	NA	Pygl	NA	NA	NA	NA	Pygl	2161
690	5	71257548	71259908	71258568	N	NA	NA	NA	NA	NA	NA	Dorip1	161727
691	5	76373115	76374223	76373646	N	NA	NA	NA	NA	NA	NA	Sec23a	125190
692	5	79454074	79455274	79454881	N	NA	Nfkbia	NA	NA	NA	NA	Nfkbia	25275
693	5	79456138	79458646	79457940	N	NA	Nfkbia	NA	NA	NA	NA	Nfkbia	27339
694	5	79465125	79467080	79465753	N	NA	Nfkbia	NA	NA	NA	NA	Nfkbia	36326
695	5	79478690	79480322	79479401	N	NA	LOC144377845,Nfkbia,Psma6	NA	NA	NA	NA	Psma6	45363
696	5	79840778	79842021	79841185	N	NA	Baz1a	NA	NA	NA	NA	Baz1a	49396
697	5	80584267	80586177	80584966	N	NA	NA	NA	NA	NA	NA	Egln3	123027
698	5	93189021	93191057	93189290	N	NA	LOC110597159,Mettl17,Ndrg2,Slc39a2	NA	NA	NA	NA	Mettl17	8610
699	5	9390955	9392736	9392064	N	NA	C5H15orf39	NA	NA	NA	NA	C5H15orf39	7093
700	5	9404833	9410976	9407656	N	NA	C5H15orf39	NA	NA	NA	NA	C5H15orf39	20971
701	5	9438766	9441689	9439654	N	NA	NA	NA	NA	NA	NA	C5H15orf39	54904
702	5	95637173	95638427	95637624	N	NA	Dcaf4,Dpf3	NA	NA	NA	NA	Dcaf4	14917
703	5	96124328	96125522	96124772	N	NA	LOC101972350,LOC144377881,Numb	NA	NA	NA	NA	Numb	2881
704	5	97751627	97752770	97752105	N	NA	Tmed10	NA	NA	NA	NA	Tmed10	19012
705	5	99203732	99205027	99204159	N	NA	NA	NA	NA	NA	NA	Angel1	68683
706	6	106101921	106105202	106104551	N	NA	NA	NA	NA	NA	NA	Parp11	139856
707	6	106148985	106150382	106149667	N	NA	NA	NA	NA	NA	NA	Parp11	94676
708	6	110136969	110139243	110138205	N	NA	Washc1	NA	NA	NA	NA	Washc1	46476
709	6	116215906	116219294	116216486	N	NA	NA	NA	NA	NA	NA	LOC144365097	366734
710	6	130909124	130909962	130909446	N	NA	Spry2	NA	NA	NA	NA	Spry2	31858
711	6	130976355	130977699	130977191	N	NA	NA	NA	NA	NA	NA	Spry2	99089
712	6	131005118	131006186	131005459	N	NA	NA	NA	NA	NA	NA	Spry2	127852
713	6	131045054	131046635	131045776	N	NA	NA	NA	NA	NA	NA	Spry2	167788
714	6	131376356	131421276	131408963,131420532	N,N	NA;NA	LOC120888417	NA	NA	NA	NA	LOC120888417	45081
715	6	133909289	133913897	133910227	N	NA	NA	NA	NA	NA	NA	Kctd12	104592
716	6	13820835	13825795	13821093,13824483	N,N	NA;NA	Cry1	NA	NA	NA	NA	Cry1	5170
717	6	13957190	13958132	13957911	N	NA	Tmem263	NA	NA	NA	NA	Tmem263	28047
718	6	142882765	142883836	142883094	N	NA	NA	NA	NA	NA	NA	LOC101971599	2249214
719	6	15008533	15009479	15008897	N	NA	NA	NA	NA	NA	NA	Appl2	369525
720	6	158153193	158156220	158154654	N	NA	NA	NA	NA	NA	NA	LOC101978069	88314
721	6	158239497	158246334	158240939,158244942	N,N	NA;NA	LOC120888441	NA	NA	NA	NA	LOC120888441	48703
722	6	164515244	164517200	164515765	N	NA	NA	NA	NA	NA	NA	Ints6	140296
723	6	165831150	165833514	165832539	N	NA	NA	NA	NA	NA	NA	Foxo1	238870
724	6	165917994	165919871	165918629	N	NA	NA	NA	NA	NA	NA	Foxo1	325714
725	6	17072894	17074716	17073650	N	NA	NA	NA	NA	NA	NA	Pah	131223
726	6	171563062	171564325	171563660	N	NA	NA	NA	NA	NA	NA	Stard13	589230
727	6	171831174	171832231	171831474	N	NA	NA	NA	NA	NA	NA	Stard13	321324
728	6	174376790	174378442	174377767	N	NA	NA	NA	NA	NA	NA	Uspl1	249813
729	6	174794424	174795755	174794987	N	NA	Hmgb1	NA	NA	NA	NA	Hmgb1	34813
730	6	174819058	174820403	174819710	N	NA	LOC120888491	NA	NA	NA	NA	LOC120888491	33334
731	6	175226467	175232316	175226999,175228473,175230959	N,N,N	NA;NA;NA	NA	NA	NA	NA	NA	Ubl3	63156
732	6	175255485	175258625	175256849	N	NA	Ubl3	NA	NA	NA	NA	Ubl3	36847
733	6	176186762	176187760	176187131	N	NA	Slc46a3	NA	NA	NA	NA	Slc46a3	13609
734	6	176189851	176191279	176190667	N	NA	Slc46a3	NA	NA	NA	NA	Slc46a3	10090
735	6	177034406	177036893	177036152	N	NA	NA	NA	NA	NA	NA	Polr1d	95817
736	6	177691859	177694397	177692875	N	NA	NA	NA	NA	NA	NA	Usp12	154782
737	6	177709109	177713825	177710143,177713141	N,N	NA;NA	NA	NA	NA	NA	NA	Usp12	172032
738	6	182015359	182016562	182016125	N	NA	NA	NA	NA	NA	NA	LOC120888503	182141
739	6	187050564	187051643	187051061	N	NA	NA	NA	NA	NA	NA	Mbnl2	133694
740	6	188942172	188943977	188943024	N	NA	NA	NA	NA	NA	NA	Tm9sf2	54843
741	6	188947587	188949428	188948563	N	NA	Tm9sf2	NA	NA	NA	NA	Tm9sf2	49392
742	6	192075355	192076343	192076101	N	NA	NA	NA	NA	NA	NA	LOC101967703	274843
743	6	196978903	196980454	196979853	N	NA	NA	NA	NA	NA	NA	LOC144365221	227363
744	6	197155788	197158746	197157371	N	NA	LOC144365221	NA	NA	NA	NA	LOC144365221	49071
745	6	197161681	197167893	197166931	N	NA	LOC144365221	NA	NA	NA	NA	LOC144365221	39924
746	6	197169730	197171329	197170681	N	NA	LOC144365221	NA	NA	NA	NA	LOC144365221	36488
747	6	197175231	197176591	197175587	N	NA	LOC144365221	NA	NA	NA	NA	LOC144365221	31226
748	6	197802040	197804121	197803124	N	NA	LOC101976209,Naxd,Rab20	NA	NA	NA	NA	Rab20	10677
749	6	197810737	197814851	197814186	N	NA	LOC101976209,Naxd,Rab20	NA	NA	NA	NA	Naxd	11333
750	6	198051822	198052925	198052337	N	NA	NA	NA	NA	NA	NA	Ankrd10	57873
751	6	198373755	198376217	198375207	N	NA	NA	NA	NA	NA	NA	Arhgef7	209624
752	6	198565411	198567300	198566138	N	NA	NA	NA	NA	NA	NA	Arhgef7	401280
753	6	198590404	198595193	198591806,198593927	N,N	NA;NA	NA	NA	NA	NA	NA	Arhgef7	426273
754	6	198604377	198605511	198604808	N	NA	NA	NA	NA	NA	NA	Arhgef7	440246
755	6	24765351	24773856	24765961,24768669	N,N	NA;NA	NA	NA	NA	NA	NA	Cradd	209464
756	6	25407047	25408805	25408006	N	NA	NA	NA	NA	NA	NA	LOC144378573	178663
757	6	25436841	25444764	25441126,25442922	N,N	NA;NA	NA	NA	NA	NA	NA	LOC120888129	169410
758	6	25504633	25507912	25504749,25506456	N,N	NA;NA	NA	NA	NA	NA	NA	LOC120888129	106262
759	6	25534046	25536580	25535202	N	NA	NA	NA	NA	NA	NA	LOC120888129	77594
760	6	26975843	26977165	26976426	N	NA	NA	NA	NA	NA	NA	Btg1	688737
761	6	28719937	28721769	28720781	N	NA	Dusp6	NA	NA	NA	NA	Dusp6	32583
762	6	28723378	28724313	28723891	N	NA	Dusp6	NA	NA	NA	NA	Dusp6	30039
763	6	28927487	28929702	28928092	N	NA	NA	NA	NA	NA	NA	Dusp6	173135
764	6	28977164	28978859	28978245	N	NA	NA	NA	NA	NA	NA	Dusp6	222812
765	6	33613185	33614468	33613866	N	NA	NA	NA	NA	NA	NA	Ccdc59	1121909
766	6	39965505	39967195	39966252	N	NA	Bbs10	NA	NA	NA	NA	Bbs10	47032
767	6	41801974	41803613	41802973	N	NA	NA	NA	NA	NA	NA	Atxn7l3b	339392
768	6	46491804	46492955	46492224	N	NA	NA	NA	NA	NA	NA	Rap1b	58485
769	6	46642166	46643308	46642654	N	NA	LOC144378620	NA	NA	NA	NA	LOC144378620	39382
770	6	49071947	49073188	49072562	N	NA	NA	NA	NA	NA	NA	Llph	326508
771	6	51106286	51107649	51106932	N	NA	NA	NA	NA	NA	NA	Avpr1a	51980
772	6	5403577	5406213	5405057	N	NA	Cyb5r3	NA	NA	NA	NA	Cyb5r3	41245
773	6	54755807	54757175	54756542	N	NA	Lrig3	NA	NA	NA	NA	Lrig3	33412
774	6	55728854	55730602	55729896	N	NA	Avil,Ctdsp2	NA	NA	NA	NA	Ctdsp2	4888
775	6	56594400	56597295	56595709	N	NA	LOC144378644	NA	NA	NA	NA	LOC144378644	24279
776	6	56605745	56607518	56606645	N	NA	LOC144378644	NA	NA	NA	NA	LOC144378644	35624
777	6	61800249	61802662	61801572	N	NA	Aaas,Sp1	NA	NA	NA	NA	Sp1	6116
778	6	61816884	61818013	61817667	N	NA	Aaas,Myg1,Sp1	NA	NA	NA	NA	Sp1	22751
779	6	62120605	62123253	62121505	N	NA	Eif4b,Krt18	NA	NA	NA	NA	Eif4b	13356
780	6	65404863	65406564	65405816	N	NA	LOC101972766,Tuba1c	NA	NA	NA	NA	Tuba1c	19965
781	6	67310086	67313280	67311285	N	NA	NA	NA	NA	NA	NA	LOC144378376	73064
782	6	67314635	67315751	67315280	N	NA	NA	NA	NA	NA	NA	LOC144378376	70593
783	6	67318514	67326755	67320256,67322934	N,N	NA;NA	NA	NA	NA	NA	NA	LOC144378376	59589
784	6	6846811	6848267	6847652	N	NA	Ep300	NA	NA	NA	NA	Ep300	31632
785	6	6872256	6874486	6873326	N	NA	NA	NA	NA	NA	NA	Rbx1	52967
786	6	77312644	77314844	77313909	N	NA	NA	NA	NA	NA	NA	Dennd5b	205897
787	6	86463	87225	87166	N	NA	NA	NA	NA	NA	NA	Rabl2b	60449
788	6	902725	904387	903569	N	NA	Alg12,Creld2,Pim3	NA	NA	NA	NA	Pim3	3772
789	6	93183553	93185498	93184505	N	NA	NA	NA	NA	NA	NA	Atf7ip	164139
790	6	97631880	97633229	97632715,97633085	N,N	NA;NA	NA	NA	NA	NA	NA	LOC101959030	78603
791	6	98383513	98387550	98385951	N	NA	LOC101959212	NA	NA	NA	NA	LOC101959212	3034
792	7	110625	114024	111919	N	NA	C7H8orf33,LOC101958661,Znf16	NA	NA	NA	NA	LOC101958661	23087
793	7	112399779	112400975	112400560	N	NA	NA	NA	NA	NA	NA	Spopl	1417142
794	7	11504912	11506717	11505282	N	NA	NA	NA	NA	NA	NA	Cyrib	176263
795	7	11510763	11512755	11511336	N	NA	NA	NA	NA	NA	NA	Cyrib	182114
796	7	12097602	12098585	12098239	N	NA	NA	NA	NA	NA	NA	LOC120892893	656166
797	7	121091032	121093063	121091588	N	NA	NA	NA	NA	NA	NA	Mmadhc	211983
798	7	121382275	121383554	121383133	N	NA	NA	NA	NA	NA	NA	Rnd3	297492
799	7	121421999	121424137	121422966	N	NA	NA	NA	NA	NA	NA	Rnd3	256909
800	7	121492771	121493696	121493312	N	NA	NA	NA	NA	NA	NA	Rnd3	187350
801	7	121737655	121738996	121738370	N	NA	NA	NA	NA	NA	NA	Rnd3	56609
802	7	121786543	121788411	121787451	N	NA	NA	NA	NA	NA	NA	Rnd3	105497
803	7	12273331	12289547	12286537,12288604	N,N	NA;NA	NA	NA	NA	NA	NA	LOC120892893	465204
804	7	139667172	139669012	139668062	N	NA	Gorasp2	NA	NA	NA	NA	Gorasp2	29477
805	7	139686182	139688044	139687383	N	NA	Gorasp2,LOC144365562	NA	NA	NA	NA	Gorasp2	10445
806	7	141857559	141858735	141858212	N	NA	NA	NA	NA	NA	NA	LOC120892777	315038
807	7	141863921	141866135	141864898	N	NA	NA	NA	NA	NA	NA	LOC120892777	307638
808	7	141869234	141871278	141870540	N	NA	NA	NA	NA	NA	NA	LOC120892777	302495
809	7	142285830	142287356	142286668	N	NA	NA	NA	NA	NA	NA	Sp3	57775
810	7	14918177	14920592	14919327	N	NA	NA	NA	NA	NA	NA	Trib1	90674
811	7	14949748	14951613	14951064	N	NA	NA	NA	NA	NA	NA	Trib1	59653
812	7	14958110	14960052	14959030	N	NA	NA	NA	NA	NA	NA	Trib1	51214
813	7	157070033	157071729	157070945	N	NA	NA	NA	NA	NA	NA	Nabp1	145260
814	7	157114956	157116620	157115732	N	NA	NA	NA	NA	NA	NA	Nabp1	100369
815	7	167723579	167726759	167725037	N	NA	Raph1	NA	NA	NA	NA	Raph1	4796
816	7	167796753	167799490	167798112	N	NA	NA	NA	NA	NA	NA	Raph1	77970
817	7	168531583	168533540	168532499	N	NA	NA	NA	NA	NA	NA	Pard3b	73740
818	7	17094323	17096715	17094923	N	NA	Zhx2	NA	NA	NA	NA	Zhx2	19822
819	7	171066223	171067760	171067011	N	NA	NA	NA	NA	NA	NA	Klf7	126317
820	7	173771578	173773914	173772555	N	NA	Cps1,Lancl1	NA	NA	NA	NA	Lancl1	30952
821	7	173789710	173791890	173790895	N	NA	Cps1,Lancl1	NA	NA	NA	NA	Cps1	15780
822	7	173792614	173794826	173793975	N	NA	Cps1	NA	NA	NA	NA	Cps1	12844
823	7	173796628	173803231	173798727,173800701,173802237	N,N,N	NA;NA;NA	Cps1	NA	NA	NA	NA	Cps1	4439
824	7	177955059	177957243	177955836	N	NA	Fn1	NA	NA	NA	NA	Fn1	15849
825	7	178150541	178151983	178151122	N	NA	NA	NA	NA	NA	NA	Fn1	211331
826	7	178279751	178282249	178281204,178281371	N,N	NA;NA	NA	NA	NA	NA	NA	Mreg	162556
827	7	179527947	179529367	179528709	N	NA	NA	NA	NA	NA	NA	LOC144365628	388387
828	7	18065955	18066440	18066176	N	NA	NA	NA	NA	NA	NA	Sntb1	604254
829	7	185687316	185688550	185688095	N	NA	Cul3	NA	NA	NA	NA	Cul3	26482
830	7	18652897	18655589	18654412	N	NA	Sntb1	NA	NA	NA	NA	Sntb1	15105
831	7	187254933	187257417	187256232	N	NA	NA	NA	NA	NA	NA	Irs1	236684
832	7	192524369	192527126	192525389,192526659	N,N	NA;NA	Atg16l1,Sag	NA	NA	NA	NA	Atg16l1	4411
833	7	192806372	192822641	192807319	N	NA	LOC101974755,Usp40	NA	NA	NA	NA	LOC101974755	9782
834	7	193049851	193051885	193050603	N	NA	NA	NA	NA	NA	NA	Spp2	104560
835	7	195128239	195129914	195129118	N	NA	NA	NA	NA	NA	NA	Cops8	195020
836	7	195133433	195134899	195134110	N	NA	NA	NA	NA	NA	NA	Cops8	190035
837	7	195312093	195315102	195314052	N	NA	Cops8	NA	NA	NA	NA	Cops8	9832
838	7	196255304	196257898	196256998	N	NA	Per2,Traf3ip1	NA	NA	NA	NA	Per2	5699
839	7	196269018	196270363	196269758	N	NA	Per2,Traf3ip1	NA	NA	NA	NA	Per2	19413
840	7	196722364	196723745	196723032	N	NA	NA	NA	NA	NA	NA	Hdac4	288347
841	7	22053375	22056998	22054334,22056167	N,N	NA;NA	Eif3h,Utp23	NA	NA	NA	NA	Utp23	31922
842	7	33460797	33462613	33461734	N	NA	LOC144365440	NA	NA	NA	NA	LOC144365440	25489
843	7	33463996	33465573	33464739	N	NA	LOC144365440	NA	NA	NA	NA	LOC144365440	28688
844	7	33494011	33495551	33495031	N	NA	NA	NA	NA	NA	NA	LOC144365440	58703
845	7	33524009	33525611	33524898	N	NA	Klf10,LOC144365441	NA	NA	NA	NA	LOC144365441	46627
846	7	33544252	33546635	33545661	N	NA	Klf10,LOC144365441	NA	NA	NA	NA	LOC144365441	25603
847	7	33626397	33628524	33627385	N	NA	NA	NA	NA	NA	NA	Klf10	53809
848	7	3392002	3393528	3392977	N	NA	Chrac1,Trappc9	NA	NA	NA	NA	Trappc9	5095
849	7	39944747	39946100	39945532	N	NA	Ndufaf6	NA	NA	NA	NA	Ndufaf6	31395
850	7	39966131	39970195	39968267	N	NA	Tp53inp1	NA	NA	NA	NA	Tp53inp1	26698
851	7	40292553	40300547	40299991	N	NA	Virma	NA	NA	NA	NA	Virma	44866
852	7	44289942	44291147	44290641	N	NA	Ripk2	NA	NA	NA	NA	Ripk2	9359
853	7	46938463	46940471	46939808	N	NA	Wwp1	NA	NA	NA	NA	Wwp1	2267
854	7	47004801	47007849	47006303	N	NA	NA	NA	NA	NA	NA	Wwp1	68605
855	7	47399656	47400225	47399931	N	NA	NA	NA	NA	NA	NA	Ca2	118417
856	7	47451142	47452301	47451812	N	NA	NA	NA	NA	NA	NA	Ca2	66341
857	7	51355803	51357702	51356657	N	NA	NA	NA	NA	NA	NA	LOC144365464	75538
858	7	61081768	61085335	61082390	N	NA	NA	NA	NA	NA	NA	Nsmaf	450279
859	7	64532930	64535136	64533936	N	NA	LOC144365480,Ttpa	NA	NA	NA	NA	Ttpa	11861
860	7	66256113	66257968	66256694	N	NA	NA	NA	NA	NA	NA	LOC120892981	175924
861	7	70380524	70382678	70381500	N	NA	Cyp7a1	NA	NA	NA	NA	Cyp7a1	2594
862	7	70464580	70465832	70464988	N	NA	Ubxn2b	NA	NA	NA	NA	Ubxn2b	6540
863	7	7471449	7473540	7472266	N	NA	NA	NA	NA	NA	NA	LOC144365393	58747
864	7	7475692	7477205	7476803	N	NA	NA	NA	NA	NA	NA	LOC144365393	55082
865	7	7520649	7522495	7521522	N	NA	LOC120892882,LOC144365393	NA	NA	NA	NA	LOC144365393	9792
866	7	75991744	75993611	75992359	N	NA	Pcmtd1	NA	NA	NA	NA	Pcmtd1	43732
867	7	78758040	78760248	78759149	N	NA	Ppdpfl	NA	NA	NA	NA	Ppdpfl	21140
868	7	8459968	8461064	8460586	N	NA	NA	NA	NA	NA	NA	LOC101975814	55099
869	7	8490391	8493687	8492503	N	NA	LOC101975814	NA	NA	NA	NA	LOC101975814	22476
870	7	8497839	8499411	8498935	N	NA	LOC101975814	NA	NA	NA	NA	LOC101975814	16752
871	7	8499965	8501532	8500991	N	NA	LOC101975814	NA	NA	NA	NA	LOC101975814	14631
872	7	85785646	85788618	85787315	N	NA	NA	NA	NA	NA	NA	LOC110597324	2713194
873	7	9165235	9165564	9165546	N	NA	NA	NA	NA	NA	NA	Phf20l1	73824
874	7	92676466	92678822	92677681	N	NA	Gpr39	NA	NA	NA	NA	Gpr39	26480
875	7	96468700	96470972	96469385	N	NA	Ccdc93,Insig2	NA	NA	NA	NA	Insig2	13663
876	8	100191325	100192643	100192046	N	NA	NA	NA	NA	NA	NA	Tram2	436787
877	8	100795972	100798142	100796597	N	NA	NA	NA	NA	NA	NA	Tram2	1041434
878	8	10188486	10191520	10189634	N	NA	NA	NA	NA	NA	NA	Arid1b	50344
879	8	10194788	10196187	10195419	N	NA	NA	NA	NA	NA	NA	Arid1b	56646
880	8	10207444	10208558	10208215	N	NA	NA	NA	NA	NA	NA	Arid1b	69302
881	8	102290052	102291131	102290467	N	NA	NA	NA	NA	NA	NA	LOC144366185	282047
882	8	102752666	102771353	102753503	N	NA	NA	NA	NA	NA	NA	Mmut	60803
883	8	104766261	104767447	104766824	N	NA	NA	NA	NA	NA	NA	Adgrf5	126539
884	8	106818666	106820434	106819610	N	NA	NA	NA	NA	NA	NA	Cdc5l	338981
885	8	107656353	107657099	107656617	N	NA	LOC144366201	NA	NA	NA	NA	LOC144366201	26414
886	8	107659744	107669614	107666110,107668955	N,N	NA;NA	LOC144366201,Vegfa	NA	NA	NA	NA	LOC144366201	13899
887	8	109890107	109891694	109891034	N	NA	NA	NA	NA	NA	NA	Foxp4	75196
888	8	109915609	109923322	109921425	N	NA	NA	NA	NA	NA	NA	Foxp4	100698
889	8	110985039	110986433	110985871,110985875	N,N	NA;NA	NA	NA	NA	NA	NA	Mocs1	208578
890	8	110988889	110991574	110990267	N	NA	NA	NA	NA	NA	NA	Mocs1	203437
891	8	111184511	111187013	111184842,111186445	N,N	NA;NA	Mocs1	NA	NA	NA	NA	Mocs1	7998
892	8	111830774	111835210	111831582,111834291	N,N	NA;NA	Kcnk5	NA	NA	NA	NA	Kcnk5	40237
893	8	111856401	111861169	111857359,111858888	N,N	NA;NA	Kcnk5	NA	NA	NA	NA	Kcnk5	14278
894	8	113849166	113850726	113849881	N	NA	NA	NA	NA	NA	NA	Mtch1	69993
895	8	113854542	113856096	113855499	N	NA	NA	NA	NA	NA	NA	Mtch1	64623
896	8	113861348	113863299	113862517	N	NA	NA	NA	NA	NA	NA	Mtch1	57420
897	8	114398574	114409605	114402475	N	NA	Kctd20	NA	NA	NA	NA	Kctd20	6503
898	8	114497669	114500281	114499195	N	NA	NA	NA	NA	NA	NA	LOC120889019	63921
899	8	115856893	115858225	115857453	N	NA	Bltp3a,Ilrun,Snrpc	NA	NA	NA	NA	Snrpc	7914
900	8	115866620	115868443	115868014	N	NA	Bltp3a,Ilrun,Snrpc	NA	NA	NA	NA	Snrpc	17641
901	8	115873784	115875326	115874751	N	NA	Ilrun,Snrpc	NA	NA	NA	NA	Snrpc	24805
902	8	115895303	115897120	115896392	N	NA	Ilrun,Snrpc	NA	NA	NA	NA	Ilrun	10673
903	8	121353120	121354414	121353787	N	NA	NA	NA	NA	NA	NA	LOC106145487	206440
904	8	133190426	133192421	133191541	N	NA	NA	NA	NA	NA	NA	Exoc2	524308
905	8	133497204	133498909	133497902	N	NA	NA	NA	NA	NA	NA	Gmds	688680
906	8	136233215	136235608	136234316	N	NA	LOC101962295,Psmg4	NA	NA	NA	NA	LOC101962295	16035
907	8	136764386	136766663	136765770	N	NA	Pxdc1	NA	NA	NA	NA	Pxdc1	6950
908	8	136827136	136832165	136828150,136830663	N,N	NA;NA	NA	NA	NA	NA	NA	Pxdc1	69700
909	8	136844078	136846474	136845594	N	NA	NA	NA	NA	NA	NA	Pxdc1	86642
910	8	137145772	137149879	137146606,137148470	N,N	NA;NA	Eci2	NA	NA	NA	NA	Eci2	7926
911	8	138043412	138045597	138044278	N	NA	Ppp1r3g	NA	NA	NA	NA	Ppp1r3g	9905
912	8	139696967	139698411	139697384	N	NA	LOC144366336,LOC144366337	NA	NA	NA	NA	LOC144366337	33245
913	8	143446414	143449558	143447615	N	NA	Elovl2,LOC110598371	NA	NA	NA	NA	LOC110598371	17312
914	8	144174145	144175718	144175107	N	NA	LOC144365914	NA	NA	NA	NA	LOC144365914	15318
915	8	144182402	144184314	144183458	N	NA	LOC144365914	NA	NA	NA	NA	LOC144365914	6722
916	8	144242894	144244901	144244146	N	NA	Hivep1	NA	NA	NA	NA	Hivep1	4397
917	8	144653684	144655702	144654772	N	NA	NA	NA	NA	NA	NA	Hivep1	404386
918	8	145512376	145513700	145513022	N	NA	Gfod1	NA	NA	NA	NA	Gfod1	8580
919	8	145535404	145537048	145536490	N	NA	Gfod1,Sirt5	NA	NA	NA	NA	Gfod1	31608
920	8	145541953	145544130	145542888	N	NA	Gfod1,LOC144366366,Nol7,Sirt5	NA	NA	NA	NA	Sirt5	25086
921	8	147311976	147314429	147313609	N	NA	Dtnbp1	NA	NA	NA	NA	Dtnbp1	19854
922	8	148293047	148298477	148295355,148297507	N,N	NA;NA	LOC144366378	NA	NA	NA	NA	LOC144366378	49230
923	8	153529732	153531557	153530537	N	NA	NA	NA	NA	NA	NA	Mrs2	620026
924	8	15374196	15375837	15374902	N	NA	LOC144365994	NA	NA	NA	NA	LOC144365994	6931
925	8	153875461	153876694	153875930	N	NA	NA	NA	NA	NA	NA	Mrs2	274889
926	8	17255262	17257216	17255822	N	NA	Ust	NA	NA	NA	NA	Ust	2131
927	8	22786814	22787831	22787299	N	NA	NA	NA	NA	NA	NA	Vta1	324504
928	8	26484926	26486816	26485911	N	NA	NA	NA	NA	NA	NA	Perp	73615
929	8	37810932	37812288	37811719	N	NA	NA	NA	NA	NA	NA	Rnf217	151089
930	8	390602	393436	391512	N	NA	Pdcd2,Psmb1,Tbp	NA	NA	NA	NA	Pdcd2	17036
931	8	39900034	39901688	39900764	N	NA	Fabp7,Smpdl3a	NA	NA	NA	NA	Fabp7	4427
932	8	42051292	42053516	42052654	N	NA	NA	NA	NA	NA	NA	LOC120889124	1264322
933	8	43079116	43081954	43080155	N	NA	NA	NA	NA	NA	NA	LOC120889124	235884
934	8	43089640	43090848	43090466	N	NA	NA	NA	NA	NA	NA	LOC120889124	226990
935	8	46203568	46216468	46205115,46209360,46210089	N,N,N	NA;NA;NA	LOC144366078	NA	NA	NA	NA	LOC144366078	18588
936	8	46282742	46285306	46283737	N	NA	LOC144365763,LOC144366078	NA	NA	NA	NA	LOC144365763	28997
937	8	48888542	48889590	48889028	N	NA	NA	NA	NA	NA	NA	Marcks	266048
938	8	5075294	5076943	5076137	N	NA	Qki	NA	NA	NA	NA	Qki	15394
939	8	5079488	5080974	5080255	N	NA	Qki	NA	NA	NA	NA	Qki	19588
940	8	52725866	52727862	52727159	N	NA	Slc16a10	NA	NA	NA	NA	Slc16a10	16180
941	8	54548469	54553167	54549454,54551437	N,N	NA;NA	NA	NA	NA	NA	NA	Foxo3	189675
942	8	71629140	71630495	71630199	N	NA	NA	NA	NA	NA	NA	Pm20d2	84160
943	8	7253989	7258041	7255229	N	NA	Slc22a3	NA	NA	NA	NA	Slc22a3	12958
944	8	74615534	74616534	74616223	N	NA	NA	NA	NA	NA	NA	Nt5e	93813
945	8	75300695	75302027	75301309	N	NA	NA	NA	NA	NA	NA	Cep162	165852
946	8	77251526	77253393	77252548	N	NA	NA	NA	NA	NA	NA	Ibtk	225401
947	8	77385081	77386474	77385602	N	NA	NA	NA	NA	NA	NA	LOC120888918	105817
948	8	77391390	77392846	77391927	N	NA	NA	NA	NA	NA	NA	LOC120888918	99445
949	8	77400056	77401388	77400517	N	NA	NA	NA	NA	NA	NA	LOC120888918	90903
950	8	8438692	8440443	8439821	N	NA	Ezr	NA	NA	NA	NA	Ezr	45148
951	8	84463075	84463852	84463517	N	NA	Eef1a1	NA	NA	NA	NA	Eef1a1	4810
952	8	92979411	92981258	92980197	N	NA	LOC144366167,Ptp4a1	NA	NA	NA	NA	LOC144366167	38217
953	8	92986752	92988947	92987691	N	NA	LOC144366167	NA	NA	NA	NA	LOC144366167	45558
954	8	93013155	93016032	93013856	N	NA	NA	NA	NA	NA	NA	LOC144366167	71961
955	8	93027570	93030041	93028556	N	NA	NA	NA	NA	NA	NA	LOC144366167	86376
956	8	96296570	96297834	96297132	N	NA	NA	NA	NA	NA	NA	LOC144365933	109517
957	8	96299226	96301361	96300126	N	NA	NA	NA	NA	NA	NA	LOC144365933	112173
958	8	99143518	99145352	99144400	N	NA	NA	NA	NA	NA	NA	Elovl5	96411
959	8	99499834	99501925	99500838	N	NA	LOC101958905,LOC101959480,LOC120883630	NA	NA	NA	NA	LOC101958905	2836
960	9	103419125	103421016	103419906	N	NA	NA	NA	NA	NA	NA	LOC101976546	85735
961	9	103620027	103622362	103621494	N	NA	LOC101969767,LOC101977100	NA	NA	NA	NA	LOC101969767	14138
962	9	104388986	104390405	104389850	N	NA	Rap1gds1	NA	NA	NA	NA	Rap1gds1	8511
963	9	10513039	10517482	10513703	N	NA	Bst1,Fbxl5	NA	NA	NA	NA	Bst1	8707
964	9	10683845	10685321	10684397	N	NA	NA	NA	NA	NA	NA	Bst1	157656
965	9	107643751	107644220	107644001	N	NA	Hpgds,Pdlim5	NA	NA	NA	NA	Pdlim5	14042
966	9	117032706	117034810	117034020	N	NA	Etfdh,Fnip2,Ppid	NA	NA	NA	NA	Ppid	5878
967	9	12544173	12544876	12544606	N	NA	NA	NA	NA	NA	NA	Lcorl	50140
968	9	126021609	126023106	126022493	N	NA	NA	NA	NA	NA	NA	Nr3c2	350931
969	9	126059220	126060487	126059793	N	NA	NA	NA	NA	NA	NA	Nr3c2	313550
970	9	131836923	131837262	131837222	N	NA	NA	NA	NA	NA	NA	Znf330	127048
971	9	131891698	131893046	131892107	N	NA	NA	NA	NA	NA	NA	Znf330	71264
972	9	133758940	133761282	133760109	N	NA	Noct	NA	NA	NA	NA	Noct	25616
973	9	133771531	133778909	133773411,133774129,133775742	N,N,N	NA;NA;NA	Noct	NA	NA	NA	NA	Noct	38207
974	9	133788043	133790514	133788921	N	NA	NA	NA	NA	NA	NA	Noct	54719
975	9	14031314	14032329	14032024	N	NA	NA	NA	NA	NA	NA	LOC144366631	693321
976	9	140602881	140604615	140604047	N	NA	NA	NA	NA	NA	NA	Sclt1	881780
977	9	141858185	141859650	141858931	N	NA	NA	NA	NA	NA	NA	Jade1	148966
978	9	142043104	142056964	142044223	N	NA	LOC120892605	NA	NA	NA	NA	LOC120892605	30726
979	9	146021167	146022430	146021793	N	NA	NA	NA	NA	NA	NA	Afg2a,Nudt6	88707
980	9	147020207	147021315	147021025	N	NA	NA	NA	NA	NA	NA	Anxa5	227793
981	9	17022588	17025544	17024588	N	NA	NA	NA	NA	NA	NA	Adgra3	817751
982	9	17030149	17033089	17032184	N	NA	NA	NA	NA	NA	NA	Adgra3	825312
983	9	17128086	17130001	17128954	N	NA	NA	NA	NA	NA	NA	Dhx15	815094
984	9	17135366	17138713	17136013,17138148	N,N	NA;NA	NA	NA	NA	NA	NA	Dhx15	806382
985	9	18421430	18449298	18445142,18448102	N,N	NA;NA	Pi4k2b,Sepsecs	NA	NA	NA	NA	Pi4k2b	12805
986	9	22923341	22924270	22923977	N	NA	NA	NA	NA	NA	NA	Stim2	3188990
987	9	28046444	28048045	28047276	N	NA	NA	NA	NA	NA	NA	Pgcka1	188481
988	9	28870118	28872251	28870964	N	NA	NA	NA	NA	NA	NA	LOC144366648	73322
989	9	30499583	30503593	30500369	N	NA	NA	NA	NA	NA	NA	Rbm47	101116
990	9	30700723	30703148	30702198	N	NA	NA	NA	NA	NA	NA	Rbm47	96014
991	9	30766446	30768264	30767254	N	NA	NA	NA	NA	NA	NA	Rbm47	161737
992	9	30783230	30784608	30783958	N	NA	NA	NA	NA	NA	NA	Rbm47	178521
993	9	30785567	30787298	30786320	N	NA	NA	NA	NA	NA	NA	Rbm47	180858
994	9	39150490	39152044	39151364	N	NA	NA	NA	NA	NA	NA	Chic2	205839
995	9	39153217	39155663	39154194	N	NA	NA	NA	NA	NA	NA	Chic2	202220
996	9	39170977	39172989	39172135	N	NA	NA	NA	NA	NA	NA	Chic2	184894
997	9	39192407	39209208	39208301	N	NA	NA	NA	NA	NA	NA	Chic2	148675
998	9	39671827	39673047	39672445	N	NA	NA	NA	NA	NA	NA	Chic2	313944
999	9	51531803	51550554	51533843,51535587,51543596	N,N,N	NA;NA;NA	LOC101970443,LOC101976366	NA	NA	NA	NA	LOC101970443	22731
1000	9	51691288	51704664	51692668,51694526,51702456	N,N,N	NA;NA;NA	LOC101976079,LOC144366698	NA	NA	NA	NA	LOC101976079	16085
1001	9	51845939	51850520	51847730,51849667	N,N	NA;NA	LOC144366700	NA	NA	NA	NA	LOC144366700	15354
1002	9	51854909	51856424	51855694	N	NA	LOC144366700	NA	NA	NA	NA	LOC144366700	24324
1003	9	53483672	53485169	53484526	N	NA	Slc4a4	NA	NA	NA	NA	Slc4a4	28706
1004	9	54015195	54016328	54015728	N	NA	Gc	NA	NA	NA	NA	Gc	8358
1005	9	54018976	54020153	54019742	N	NA	Gc	NA	NA	NA	NA	Gc	12139
1006	9	5402017	5402967	5402649	N	NA	NA	NA	NA	NA	NA	Stx18	184031
1007	9	55185980	55187949	55186786	N	NA	LOC101970734	NA	NA	NA	NA	LOC101970734	19733
1008	9	55198940	55201980	55199784	N	NA	LOC101970734	NA	NA	NA	NA	LOC101970734	5702
1009	9	55260676	55265391	55263723	N	NA	LOC101965856,LOC144366714	NA	NA	NA	NA	LOC144366714	2243
1010	9	55272897	55276498	55274065	N	NA	LOC101965856,LOC144366714	NA	NA	NA	NA	LOC144366714	14464
1011	9	55279133	55283134	55280537	N	NA	LOC101965856,LOC144366714	NA	NA	NA	NA	LOC144366714	20700
1012	9	55284622	55288078	55285446,55287090	N,N	NA;NA	LOC101965856,LOC144366714	NA	NA	NA	NA	LOC101965856	16860
1013	9	55294448	55301565	55296094,55299108	N,N	NA;NA	LOC101965567,LOC101965856,LOC144366714	NA	NA	NA	NA	LOC101965856	3373
1014	9	58265767	58283716	58282671	N	NA	NA	NA	NA	NA	NA	Sowahb	51020
1015	9	59053459	59055849	59053712,59055283	N,N	NA;NA	Cnot6l,Mrpl1	NA	NA	NA	NA	Mrpl1	20592
1016	9	67281010	67282427	67281727	N	NA	LOC144366764	NA	NA	NA	NA	LOC144366764	17907
1017	9	68025941	68027763	68026670	N	NA	NA	NA	NA	NA	NA	Klhl8	52885
1018	9	71471461	71472590	71472034	N	NA	NA	NA	NA	NA	NA	Nudt9	3306518
1019	9	75468071	75469605	75469016	N	NA	NA	NA	NA	NA	NA	LOC144366802	1654124
1020	9	89989768	89991846	89991076	N	NA	NA	NA	NA	NA	NA	Ugt8	55670
1021	9	90000993	90003762	90003181	N	NA	NA	NA	NA	NA	NA	Ugt8	66895
1022	9	90013294	90014876	90014236	N	NA	NA	NA	NA	NA	NA	Ugt8	79196
1023	9	90635755	90637365	90636832	N	NA	Camk2d	NA	NA	NA	NA	Camk2d	3437
1024	9	92523283	92524806	92524393	N	NA	NA	NA	NA	NA	NA	Fam241a	380803
1025	9	92640091	92641692	92640824	N	NA	NA	NA	NA	NA	NA	Fam241a	497611
1026	9	93781173	93782884	93781884	N	NA	NA	NA	NA	NA	NA	Elovl6	72592
1027	9	93783485	93785542	93784375	N	NA	NA	NA	NA	NA	NA	Elovl6	69934
1028	9	93814623	93816466	93815648	N	NA	Elovl6,LOC120892545	NA	NA	NA	NA	Elovl6	39010
1029	9	93818748	93821694	93820781	N	NA	Elovl6,LOC120892545	NA	NA	NA	NA	Elovl6	33782
1030	9	98509217	98510919	98510040	N	NA	LOC120892547	NA	NA	NA	NA	LOC120892547	25073
1031	9	9881037	9883763	9881755	N	NA	NA	NA	NA	NA	NA	Cpeb2	64448
1032	x	12839625	12841046	12840423	N	NA	NA	NA	NA	NA	NA	Atp11c	69003
1033	x	12847938	12851599	12849539	N	NA	NA	NA	NA	NA	NA	Atp11c	58450
1034	x	12860071	12864517	12861412,12863470	N,N	NA;NA	Atp11c	NA	NA	NA	NA	Atp11c	45532
1035	x	16681007	16682212	16681671	N	NA	LOC144364651	NA	NA	NA	NA	LOC144364651	27655
1036	x	30380854	30383382	30382234	N	NA	Slc25a5	NA	NA	NA	NA	Slc25a5	29748
1037	x	32973916	32974671	32974305	N	NA	NA	NA	NA	NA	NA	Pls3	644965
1038	x	33483191	33484438	33483723	N	NA	NA	NA	NA	NA	NA	Pls3	135198
1039	x	40355022	40356750	40355461	N	NA	Tsc22d3	NA	NA	NA	NA	Tsc22d3	30499
1040	x	40361919	40365700	40362331,40362364,40364544	N,N,N	NA;NA;NA	Tsc22d3	NA	NA	NA	NA	Tsc22d3	37396
1041	x	87784171	87784759	87784481	N	NA	Araf	NA	NA	NA	NA	Araf	15262
1042	x	87803172	87804476	87803700	N	NA	Araf	NA	NA	NA	NA	Araf	34263
1043	x	88850031	88851741	88850999	N	NA	NA	NA	NA	NA	NA	Krabd4	100959
1044	x	89031831	89033021	89032383	N	NA	NA	NA	NA	NA	NA	Krabd4	282759
1045	x	89244411	89247084	89245449	N	NA	NA	NA	NA	NA	NA	Krabd4	495339
1046	x	93469975	93471844	93471079	N	NA	Usp9x	NA	NA	NA	NA	Usp9x	34636
1047	x	94530007	94531870	94530642	N	NA	NA	NA	NA	NA	NA	LOC144371779	176373
1048	x	94542980	94544940	94544057	N	NA	NA	NA	NA	NA	NA	LOC144371779	163303
1049	x	94559609	94561126	94560216	N	NA	NA	NA	NA	NA	NA	LOC144371779	147117
1050	x	94698463	94701127	94700234	N	NA	LOC144371779	NA	NA	NA	NA	LOC144371779	7116
1051	x	95820467	95821358	95820944	N	NA	Otc	NA	NA	NA	NA	Otc	11883
1052	y	2409133	2409776	2409478	N	NA	LOC101961285	NA	NA	NA	NA	LOC101961285	2267
1053	y	24606117	24607923	24607034	N	NA	NA	NA	NA	NA	NA	LOC144372108	1899948
