long-eRNA	ppc_SRR13652347	ppc_SRR13652348	ppc_SRR13652349	ppc_SRR13652335	ppc_SRR13652336	ppc_SRR13652337	ppd_SRR13652347	ppd_SRR13652348	ppd_SRR13652349	ppd_SRR13652335	ppd_SRR13652336	ppd_SRR13652337	gbc_SRR13652347	gbc_SRR13652348	gbc_SRR13652349	gbc_SRR13652335	gbc_SRR13652336	gbc_SRR13652337	gbd_SRR13652347	gbd_SRR13652348	gbd_SRR13652349	gbd_SRR13652335	gbd_SRR13652336	gbd_SRR13652337
1:14553169-14595407:+	15.55576611883885	13.878224948055578	14.874579704461173	2.830658483459019	17.833392580834648	8.764527258109803	0.311115322376777	0.27756449896111157	0.29749159408922343	0.05661316966918038	0.35666785161669295	0.17529054516219605	494.1947236215727	804.9370469872235	958.0331150391844	881.7501175974845	843.4145667641798	845.3784928049547	0.011983673794746926	0.019518830402949192	0.02323124021046055	0.02138146214984562	0.020451867571089903	0.020499490598825203
1:201105641-201146342:-	2.393194787513669	8.831597694217185	53.43830486417532	0.0	0.0	0.7967752052827094	0.04786389575027338	0.17663195388434372	1.0687660972835065	0.0	0.0	0.015935504105654186	75.38563580668058	99.67088826330824	504.0829788734064	11.322633933836077	12.58827711588328	13.54517848980606	0.0018987868572535444	0.0025104752471741317	0.012696664623278552	0.0002851905177027099	0.0003170690926371429	0.000341171187592684
1:206558541-206602456:-	9.572779150054677	3.7849704403787943	43.52191839453454	0.0	1.0490230929902733	1.5935504105654188	0.19145558300109353	0.07569940880757589	0.8704383678906907	0.0	0.020980461859805465	0.03187100821130837	80.17202538170793	108.50248595752542	636.3014651352835	16.983950900754117	11.539254022893006	19.122604926785026	0.001868115047574442	0.002528252538855454	0.014826672223303246	0.00039574869281271656	0.0002688799986693094	0.00044558218209489296
1:212390451-212422281:+	32.30812963143453	17.66319538843437	39.66554587856312	56.61316966918038	47.2060391845623	50.196837932810695	0.6461625926286907	0.35326390776868744	0.7933109175712625	1.1322633933836075	0.944120783691246	1.0039367586562138	275.21740056407197	155.18378805553056	144.8894245286403	339.6790180150823	367.15808254659567	346.5972142979786	0.008926645277936816	0.005033368624291443	0.004699472106926112	0.011017450553503954	0.011908730905471598	0.011241841467937393
1:224151876-224187288:-	20.34215569386619	7.5699408807575885	19.83277293928156	25.47592635113117	19.93143876681519	11.154852873957932	0.4068431138773238	0.15139881761515178	0.39665545878563124	0.5095185270226235	0.3986287753363038	0.22309705747915864	477.442360108977	169.06201300358615	442.38101861786373	427.4294310023119	218.19680334197685	152.18406420899748	0.013873895333419822	0.004912736843738844	0.012855055316823955	0.012420580333080758	0.006340534197599059	0.004422284142881976
10:62358454-62372988:-	40.68431138773238	15.139881761515177	31.952800846620296	43.8752064936148	62.9413855794164	59.7581403962032	0.8136862277546476	0.30279763523030356	0.6390560169324059	0.877504129872296	1.258827711588328	1.1951628079240642	57.43667490032806	89.57763375563145	83.73837463252215	178.3314844579182	287.4323274793349	205.56800296293903	0.0042435666716163275	0.0066182219250558475	0.0061868027065032855	0.013175580676610121	0.021236226633124036	0.015187883484517092
10:98956609-98968613:-	22.735350481379857	13.878224948055578	3.856372515971415	8.491975450377058	19.93143876681519	7.967752052827094	0.45470700962759714	0.27756449896111157	0.0771274503194283	0.16983950900754116	0.3986287753363038	0.15935504105654189	247.69566050766477	710.3127859777537	12.67093826676322	287.31183607109045	387.08952131341084	146.60663777201853	0.022507556611327945	0.06454455120197662	0.0011513801241947034	0.02610739082881325	0.03517396831562114	0.01332182078800708
10:109735216-109756839:+	1.1965973937568346	1.261656813459598	3.305462156546927	5.661316966918038	2.0980461859805466	3.983876026413547	0.02393194787513669	0.02523313626919196	0.06610924313093854	0.11322633933836077	0.04196092371961093	0.07967752052827094	122.05293416319714	175.37029707088413	204.387743346485	290.14249455454944	267.50088871251967	313.1326556761048	0.005918004953607294	0.008503214559294132	0.009910189262339216	0.014068196981892303	0.012970368925160878	0.015182925507956907
11:4794617-4810418:+	25.128545268893525	15.139881761515177	17.078221142159123	32.55257255977872	29.372646603727652	31.871008211308375	0.5025709053778705	0.30279763523030356	0.34156442284318245	0.6510514511955744	0.5874529320745531	0.6374201642261675	781.378098123213	445.3648551512381	326.6898431387213	768.5237782591237	692.3552413735804	663.7137460004969	0.05278868383483396	0.030088153975897668	0.022070655528896185	0.05192026606263491	0.04677443868217673	0.044839463991386046
11:96007074-96033774:+	25.128545268893525	10.093254507676784	12.120027907338732	21.229938625942644	8.392184743922186	13.54517848980606	0.5025709053778705	0.20186509015353568	0.24240055814677464	0.42459877251885286	0.16784369487844372	0.27090356979612124	483.42534707776116	560.1756251760615	365.2535682984354	399.1228461677217	96.51012455510514	165.72924269880355	0.01880959289824362	0.021795868844638674	0.014211648118689354	0.015529467575881107	0.0037551116514962465	0.006448357756460973
12:106814015-106826957:+	62.2230644753554	22.709822642272766	37.461904440865176	58.028498910909896	41.96092371961093	26.29358177432941	1.244461289507108	0.4541964528454553	0.7492380888173035	1.160569978218198	0.8392184743922186	0.5258716354865882	274.0208031703151	104.71751551714664	152.60216956058312	65.10514511955743	250.71651922467532	64.53879162789946	0.022944051173935713	0.00876810814009423	0.012777540782096862	0.005451322542037721	0.020992758873371452	0.005403901166197684
12:115554913-115565201:-	23.931947875136693	27.756449896111157	31.401890487195807	21.229938625942644	20.980461859805466	19.919380132067737	0.4786389575027339	0.5551289979222231	0.6280378097439161	0.42459877251885286	0.4196092371961093	0.39838760264135475	181.88280385103886	41.63467484416673	26.994607611799903	55.19784042745087	91.26500909015378	39.83876026413547	0.019580450409197835	0.004482148223077441	0.002906083282570719	0.005942280162283359	0.009825062879766743	0.0042888104493632746
12:117058947-117072107:+	0.0	12.61656813459598	60.60013953669366	1.4153292417295096	2.0980461859805466	0.7967752052827094	0.0	0.2523313626919196	1.2120027907338733	0.02830658483459019	0.04196092371961093	0.015935504105654186	0.0	10.093254507676784	431.91372178879845	5.661316966918038	8.392184743922186	7.1709768475443845	0.0	0.0008299691232362877	0.03551629979350367	0.0004655305457542863	0.0006900900208800218	0.0005896699981533962
13:16561388-16573783:-	13.16257133132518	6.30828406729799	8.814565750791806	9.907304692106568	25.17655423176656	14.341953695088769	0.2632514266265036	0.1261656813459598	0.17629131501583611	0.19814609384213136	0.5035310846353311	0.2868390739017754	38.29111660021871	64.3444974864395	26.994607611799903	145.77891189813948	90.2159859971635	91.62914860751158	0.003360048841718024	0.005646235300670271	0.0023687791867146282	0.012792112311173998	0.007916460687711737	0.0080404658307749
13:23812570-23824536:-	3.5897921812705036	6.30828406729799	4.95819323482039	7.0766462086475475	7.343161650931913	7.967752052827094	0.07179584362541007	0.1261656813459598	0.09916386469640781	0.14153292417295094	0.14686323301863827	0.15935504105654189	203.4215569386619	64.3444974864395	114.03844440086898	150.02489962332803	212.95168787702548	130.67113366636434	0.01854851435567253	0.005867101074718595	0.010398326288033957	0.013679666237195857	0.01941749684298579	0.011914938786027498
13:23857811-23868554:+	28.71833745016403	17.66319538843437	17.62913150158361	9.907304692106568	7.343161650931913	6.374201642261675	0.5743667490032806	0.35326390776868744	0.35258263003167223	0.19814609384213136	0.14686323301863827	0.1274840328452335	750.2665658855353	182.9402379516417	273.25153827454596	183.99280142483624	251.7655423176656	171.30666913578253	0.07699780027560903	0.018774654962196297	0.028043056062658656	0.01888267666511044	0.02583800721650911	0.017580733696200924
14:10444193-10455607:-	71.79584362541007	82.00769287487387	128.91302410533015	89.1657422289591	138.47104827471608	113.14207915014474	1.4359168725082014	1.6401538574974774	2.578260482106603	1.783314844579182	2.7694209654943216	2.2628415830028947	376.9281790334029	524.8492343991928	362.499016501313	125.96430251392636	478.35453040356464	184.05507242030586	0.03619089573052346	0.05039358947663876	0.034805474460039613	0.01209450816264295	0.04592938362012139	0.017672114490667832
15:30627271-30641027:+	57.43667490032806	29.018106709570755	40.216456237987614	82.08909602031156	56.647247021474755	58.16458998563779	1.148733498006561	0.5803621341914151	0.8043291247597523	1.6417819204062312	1.1329449404294951	1.1632917997127559	83.76181756297842	253.5930195053792	150.94943848230966	135.87160720603293	41.96092371961093	43.82263629054901	0.006565949483654287	0.01987873477348736	0.011832675274932118	0.01065074917347591	0.003289246979666896	0.003435183529869731
15:36743573-36758548:+	19.145558300109354	8.831597694217185	41.869187316261076	35.38323104323774	45.10799299858175	36.65165944300463	0.38291116600218705	0.17663195388434372	0.8373837463252215	0.7076646208647549	0.902159859971635	0.7330331888600926	105.30057065060144	21.448165828813167	96.40931289928537	243.43662957747566	175.18685652937563	235.04868555839928	0.0075343854214797125	0.001534642660905285	0.0068982049870696185	0.01741819043914387	0.01253483518384198	0.01681802272169422
16:51857399-51867670:+	3.5897921812705036	5.046627253838392	7.71274503194283	2.830658483459019	14.686323301863826	4.780651231696257	0.07179584362541007	0.10093254507676784	0.1542549006388566	0.05661316966918038	0.29372646603727653	0.09561302463392513	20.34215569386619	142.56721992093458	15.976400423310148	25.47592635113117	41.96092371961093	18.325829721502316	0.0021939339618060973	0.015376102234785754	0.0017230802872422006	0.002747619321735418	0.004525552601338484	0.0019764699872197975
16:52132293-52144370:-	10.76937654381151	26.494793082651558	26.994607611799903	2.830658483459019	7.343161650931913	4.780651231696257	0.21538753087623022	0.5298958616530312	0.5398921522359981	0.05661316966918038	0.14686323301863827	0.09561302463392513	90.94140192551943	184.20189476510131	110.18207188489757	63.68981587782793	92.31403218314405	43.02586108526631	0.008209189558180013	0.016627721137849865	0.009946025626006277	0.00574921609296141	0.00833309552113595	0.0038839015242160763
2:58775089-58844639:+	70.59924623165324	88.31597694217186	90.90020930504049	118.88765630527881	110.14742476397869	94.81624942864242	1.4119849246330647	1.7663195388434372	1.8180041861008098	2.377753126105576	2.202948495279574	1.8963249885728484	1074.5444595936374	841.5250945775518	1343.6703666363258	1130.8480641418782	1225.2589726126391	977.6431768818844	0.01567510991223518	0.01227589815724861	0.019601032320992043	0.016496448835784605	0.017873684885889907	0.014261545081499662
2:148564991-148580969:-	31.1115322376777	21.448165828813167	26.994607611799903	62.27448663609842	69.23552413735804	46.21296190639715	0.622230644753554	0.42896331657626335	0.5398921522359981	1.2454897327219685	1.3847104827471608	0.924259238127943	291.9697640766676	151.39881761515176	202.18410190878703	318.4490793891397	423.8053295680704	226.28415830028948	0.019491939653959962	0.01010740487450099	0.013497837099191326	0.021259702209035284	0.02829329925683091	0.01510676001737693
2:229072106-229086940:+	16.752363512595686	20.18650901535357	38.56372515971415	12.737963175565586	67.13747795137749	37.44843464828734	0.3350472702519137	0.40373018030707136	0.771274503194283	0.25475926351131173	1.3427495590275498	0.7489686929657468	26.32514266265036	180.41692432472252	93.10385074273844	121.71831478873783	133.2259328097647	131.46790887164704	0.0019027931089736123	0.013040616142010998	0.006729588055131044	0.008797854339626808	0.009629630127196516	0.009502559369110701
3:180478421-180502079:-	8.376181756297843	0.0	7.161834672518342	0.0	24.127531138776284	0.0	0.16752363512595686	0.0	0.14323669345036685	0.0	0.4825506227755257	0.0	178.29301166976836	1.261656813459598	106.32569936892615	1.4153292417295096	233.93214973683095	0.7967752052827094	0.00786852957631698	5.568016300187996e-05	0.004692426822407239	6.246212285314928e-05	0.010324027968437718	3.5163740910133256e-05
3:204686311-204697529:+	23.931947875136693	45.41964528454553	43.52191839453454	59.443828152639405	60.843339393435855	48.603287522245274	0.4786389575027339	0.9083929056909106	0.8704383678906907	1.188876563052788	1.2168667878687172	0.9720657504449055	215.38753087623022	575.3155069375767	314.01890487195806	520.8411609564595	270.6479579914905	325.88105896062814	0.02107716321325274	0.056298611110438955	0.030728926986198044	0.05096791867662767	0.026484779136069052	0.031889721006030665
3:214153198-214163282:-	1.1965973937568346	23.97147945573236	2.7545517971224394	2.830658483459019	8.392184743922186	4.780651231696257	0.02393194787513669	0.4794295891146472	0.05509103594244879	0.05661316966918038	0.16784369487844372	0.09561302463392513	16.752363512595686	174.10864025742453	25.34187653352644	26.89125559286068	99.65719383407597	64.53879162789946	0.0018439585594490504	0.01916440729305716	0.0027894195413898084	0.002959962090573492	0.01096942144568795	0.00710388460406158
4:55961329-55978331:-	39.48771399397554	16.401538574974776	44.623739113383515	52.36718194399185	63.99040867240667	74.89686929657468	0.7897542798795107	0.3280307714994955	0.8924747822676703	1.047343638879837	1.2798081734481335	1.4979373859314935	215.38753087623022	203.12674696699528	363.60083722016196	133.0409487225739	172.03978725040483	198.39702611539465	0.01345919708031175	0.012693041740110872	0.02272079217772677	0.008313500513814458	0.010750470989839696	0.012397489602911559
4:55978152-55992912:+	31.1115322376777	23.97147945573236	46.276470191656976	25.47592635113117	23.078508045786013	20.716155337350443	0.622230644753554	0.4794295891146472	0.9255294038331395	0.5095185270226235	0.46157016091572023	0.41432310674700884	120.85633676944029	134.99727904017698	196.1240879551177	133.0409487225739	187.77513364525893	202.38090214180818	0.00878252574445461	0.009810135821537386	0.01425216829846068	0.009667970984853782	0.01364545699042643	0.014706845588388012
4:141307998-141332204:-	52.65028532530072	26.494793082651558	51.78557378590186	26.89125559286068	25.17655423176656	12.74840328452335	1.0530057065060143	0.5298958616530312	1.0357114757180372	0.5378251118572136	0.5035310846353311	0.254968065690467	83.76181756297842	128.688994972879	418.14096280318626	108.98035161317223	95.46110146211487	66.92911724374758	0.0036093341475837704	0.005545266297792803	0.018017880932614534	0.004696012048656531	0.0041134615185983965	0.002884005569170804
4:141347217-141359001:-	31.1115322376777	36.588047590328344	87.59474714849357	82.08909602031156	49.30408537054284	59.7581403962032	0.622230644753554	0.7317609518065669	1.7518949429698714	1.6417819204062312	0.9860817074108569	1.1951628079240642	76.58223320043741	69.39112474027789	241.2987374279257	159.93220431543457	89.16696290417323	84.4581717599672	0.007100809754328897	0.006434040309715109	0.022373550062858176	0.0148291334553021	0.008267683162185718	0.007831077585532403
4:162837207-162876728:-	59.82986968784173	55.51289979222231	43.52191839453454	65.10514511955743	53.500177742503936	48.603287522245274	1.1965973937568346	1.1102579958444463	0.8704383678906907	1.3021029023911488	1.0700035548500788	0.9720657504449055	711.9754492853166	671.2014247605061	592.2286363813245	631.2368418113613	831.8753127412867	904.3398579958751	0.018482307494037516	0.017423846756671624	0.015373776968519914	0.01638639846870249	0.021594811088242682	0.023475932142564614
4:207671619-207682595:-	16.752363512595686	30.279763523030354	51.78557378590186	25.47592635113117	110.14742476397869	44.61941149583173	0.3350472702519137	0.6055952704606071	1.0357114757180372	0.5095185270226235	2.202948495279574	0.8923882299166346	81.36862277546476	124.9040245325002	96.96022325870986	186.82345990829526	318.90302026904305	226.28415830028948	0.008155620204015675	0.012519196605442436	0.009718374587422026	0.018725414444050785	0.03196381881016761	0.022680581166712323
4:207685641-207696596:+	108.89036283187195	59.297870232601106	67.761974209212	76.42777905339352	177.2849027153562	96.40979983920784	2.177807256637439	1.185957404652022	1.35523948418424	1.5285555810678704	3.545698054307124	1.9281959967841567	579.1531385783079	368.40378953020263	501.8793374357084	649.6361219538448	1085.7389012449328	643.7943658684292	0.05817126743454271	0.03700319300223007	0.0504097365845428	0.06525071534289309	0.10905372652118647	0.06466395800205191
5:120454752-120468094:-	20.34215569386619	16.401538574974776	11.018207188489757	26.89125559286068	38.813854440640114	29.480682595460248	0.4068431138773238	0.3280307714994955	0.22036414376979516	0.5378251118572136	0.7762770888128023	0.589613651909205	129.23251852573813	83.26934968833346	39.11463551913864	246.26728806093467	312.60888171110145	157.76149064597647	0.010470106013589641	0.00674628126779008	0.0031689731442225166	0.019951979912576717	0.025326815337527373	0.012781454317911
6:24762562-24773856:+	3.5897921812705036	1.261656813459598	2.2036414376979514	33.96790180150823	10.490230929902733	12.74840328452335	0.07179584362541007	0.02523313626919196	0.04407282875395903	0.6793580360301646	0.20980461859805466	0.254968065690467	37.094519206461875	41.63467484416673	35.80917336259171	576.0390013839104	212.95168787702548	251.78096486933617	0.0036031587378786713	0.004044164627893743	0.0034783072717427524	0.05595327842485767	0.020684962396991274	0.024456626019362354
6:131376356-131420606:-	20.34215569386619	8.831597694217185	22.036414376979515	22.645267867672153	14.686323301863826	27.09035697961212	0.4068431138773238	0.17663195388434372	0.4407282875395903	0.45290535735344306	0.29372646603727653	0.5418071395922425	251.28545268893527	111.02579958444463	534.3830486417532	82.08909602031156	71.33357032333859	118.7195055871237	0.005809933936531681	0.002567011157763761	0.012355391751445104	0.0018979698971193337	0.001649292971800359	0.002744896200946133
7:12273331-12289051:-	5.982986968784173	3.7849704403787943	8.263655391367317	4.245987725188529	8.392184743922186	7.967752052827094	0.11965973937568347	0.07569940880757589	0.16527310782734633	0.08491975450377058	0.16784369487844372	0.15935504105654189	80.17202538170793	220.78994235542964	158.111273154828	107.56502237144272	175.18685652937563	135.4517848980606	0.005446099136044204	0.014998297829999943	0.010740525314504971	0.007306910017759711	0.011900472558207694	0.009201262475243527
7:192807325-192822641:+	20.34215569386619	7.5699408807575885	11.018207188489757	12.737963175565586	14.686323301863826	13.54517848980606	0.4068431138773238	0.15139881761515178	0.22036414376979516	0.25475926351131173	0.29372646603727653	0.27090356979612124	78.97542798795108	103.45585870368704	104.67296829065269	60.859157394368914	68.18650104436776	52.58716354865882	0.00551619948229029	0.007226084983144889	0.007311096479056521	0.004250831696191059	0.004762624924520943	0.003673057452584909
8:102753538-102771353:+	15.55576611883885	8.831597694217185	13.772758985612196	11.322633933836077	13.637300208873553	15.935504105654188	0.311115322376777	0.17663195388434372	0.2754551797122439	0.22645267867672153	0.2727460041774711	0.31871008211308377	64.61625926286906	13.878224948055578	45.72555983223249	46.705864977073816	49.30408537054284	54.97748916450695	0.0038425463405606787	0.0008252988194609089	0.002719169828272614	0.00277746580501148	0.0029319746295517514	0.003269355920819854
9:18421430-18445179:-	14.359168725082014	17.66319538843437	22.036414376979515	32.55257255977872	19.93143876681519	12.74840328452335	0.2871833745016403	0.35326390776868744	0.4407282875395903	0.6510514511955744	0.3986287753363038	0.254968065690467	396.07373733351227	116.07242683828302	500.77751671685945	147.194241139869	452.1289530788078	94.01947422335971	0.017409834608066412	0.005102084696188209	0.02201219853700478	0.006470076533620514	0.019873800135332163	0.004132724141686072
9:39192407-39210563:-	5.982986968784173	12.61656813459598	7.161834672518342	21.229938625942644	32.51971588269847	22.309705747915864	0.11965973937568347	0.2523313626919196	0.14323669345036685	0.42459877251885286	0.6503943176539694	0.4461941149583173	350.60303637075253	461.76639372621287	224.22051628576656	1217.1831478873783	1281.906219634114	1053.3368213837418	0.020434984925730093	0.026914168778120376	0.013068748399240335	0.0709438216405769	0.07471622192889855	0.06139399786581231
9:51694582-51704664:+	10.76937654381151	6.30828406729799	15.42549006388566	15.568621659024606	14.686323301863826	12.74840328452335	0.21538753087623022	0.1261656813459598	0.3085098012777132	0.3113724331804921	0.29372646603727653	0.254968065690467	34.701324418948204	40.37301803070714	59.49831881784469	48.121194218803325	30.421669696717927	35.05810903243921	0.003820469494544492	0.004444899045547349	0.0065505140171578284	0.0052979405723662595	0.003349297555512211	0.0038597499760474508
9:58265767-58283138:-	10.76937654381151	2.523313626919196	12.120027907338732	49.536523460532834	40.91190062662066	37.44843464828734	0.21538753087623022	0.05046627253838392	0.24240055814677464	0.9907304692106567	0.8182380125324131	0.7489686929657468	106.49716804435828	20.18650901535357	63.354691333816106	246.26728806093467	249.66749613168506	232.65835994255116	0.006504835575638745	0.0012329898005957124	0.00386969773600144	0.015041979480877973	0.01524966382431496	0.014210747614375185
9:142043814-142056964:+	28.71833745016403	42.896331657626334	16.527310782734634	31.13724331804921	31.4706927897082	41.43231067470089	0.5743667490032806	0.8579266331525267	0.33054621565469267	0.6227448663609843	0.629413855794164	0.8286462134940177	67.00945405038274	73.17609518065669	30.85098012777132	120.30298554700832	144.76518683265772	133.06145928221247	0.005514727516285186	0.006022228226537372	0.00253896635073415	0.009900665422352706	0.011913849628232854	0.010950659145931354
nw_027520944.1:90890-133681:+	17.948960906352518	21.448165828813167	12.67093826676322	12.737963175565586	19.93143876681519	15.13872890037148	0.35897921812705036	0.42896331657626335	0.2534187653352644	0.25475926351131173	0.3986287753363038	0.3027745780074296	396.07373733351227	416.34674844166733	375.7208651275007	305.7111162135741	377.6483134764984	337.0359118345861	0.009477262091632618	0.009962355198163889	0.00899025806679509	0.007315063079382893	0.009036378098116771	0.008064603556531963
nw_027520944.1:158806-171766:-	20.34215569386619	36.588047590328344	38.01281480028966	18.399280142483626	33.568738975688746	44.61941149583173	0.4068431138773238	0.7317609518065669	0.7602562960057933	0.3679856028496725	0.6713747795137749	0.8923882299166346	143.59168725082014	180.41692432472252	144.3385141692158	120.30298554700832	116.44156332192034	123.50015681881996	0.012004990155573901	0.015083765933009084	0.012067428657237336	0.01005793709113007	0.009735102693915242	0.0103252367543533
nw_027520944.1:213475-231172:+	13.16257133132518	22.709822642272766	24.240055814677465	16.983950900754117	43.00994681260121	14.341953695088769	0.2632514266265036	0.4541964528454553	0.4848011162935493	0.3396790180150823	0.8601989362520241	0.2868390739017754	417.61249042113525	316.6758601783591	267.7424346803011	319.86440863086915	371.35417491855674	389.6230753832449	0.02500973113074225	0.018964897603207496	0.01603440140617443	0.01915585151700016	0.022239440347260556	0.023333517510075712
nw_027520953.1:171013-213655:-	3.5897921812705036	2.523313626919196	1.1018207188489757	8.491975450377058	3.14706927897082	3.1871008211308376	0.07179584362541007	0.05046627253838392	0.022036414376979514	0.16983950900754116	0.06294138557941639	0.06374201642261675	260.8582318389899	175.37029707088413	234.6878131148318	236.3599833688281	308.4127893391404	343.41011347684776	0.006264155604519031	0.004211279136250566	0.005635708597239144	0.005675863491314832	0.00740611361667354	0.008246526750638649
nw_027520961.1:213088-252449:+	5.982986968784173	1.261656813459598	39.66554587856312	1.4153292417295096	5.2451154649513665	7.967752052827094	0.11965973937568347	0.02523313626919196	0.7933109175712625	0.02830658483459019	0.10490230929902733	0.15935504105654189	275.21740056407197	128.688994972879	1171.7863344958857	217.96070322634446	125.8827711588328	307.5552292391258	0.007174219294199174	0.0033545955626108907	0.030545496441684084	0.005681682478138319	0.0032814444283100755	0.008017184433531175
nw_027521046.1:98400-120012:-	17.948960906352518	12.61656813459598	15.42549006388566	14.153292417295095	27.274600417747106	12.74840328452335	0.35897921812705036	0.2523313626919196	0.3085098012777132	0.28306584834590187	0.5454920083549422	0.254968065690467	143.59168725082014	87.05432012871226	93.65476110216294	147.194241139869	159.45151013452153	108.36142791844848	0.006966074188658615	0.004223272698234652	0.004543480381417672	0.00714084515305234	0.007735482954180404	0.005256946000991961
nw_027521049.1:408451-430008:-	51.45368793154389	23.97147945573236	33.60553192489376	19.814609384213135	32.51971588269847	26.29358177432941	1.0290737586308778	0.4794295891146472	0.6721106384978752	0.3962921876842627	0.6503943176539694	0.5258716354865882	212.99433608871655	92.10094738255066	188.96225328259933	63.68981587782793	131.12788662378415	151.38728900371478	0.01036065454269463	0.004480053866258841	0.009191665204912875	0.0030980550577792147	0.006378435967690623	0.0073639113242394034
nw_027521144.1:48632-62679:-	80.17202538170793	69.39112474027789	87.04383678906908	101.90370540452469	77.62770888128023	83.66139655468449	1.6034405076341585	1.3878224948055577	1.7408767357813815	2.038074108090494	1.5525541776256047	1.6732279310936897	134.0189081007655	60.55952704606071	130.5657551836036	157.10154583197556	172.03978725040483	126.6872576399508	0.010271222264007087	0.004641288093658818	0.010006572285683874	0.012040277884118246	0.013185146171858028	0.00970932385346031
nw_027521300.1:158542-185085:+	4.786389575027338	7.5699408807575885	9.91638646964078	1.4153292417295096	6.29413855794164	1.5935504105654188	0.09572779150054676	0.15139881761515178	0.19832772939281562	0.02830658483459019	0.12588277115883278	0.03187100821130837	556.4177880969281	326.7691146860359	303.00069768346833	288.72716531282	382.89342894144977	495.59417768584524	0.02178271954654428	0.012792401921626742	0.01186191268726384	0.011303130492985354	0.01498956423979994	0.01940158854078624
nw_027521300.1:175502-202680:-	140.00189506954965	93.36260419601025	44.623739113383515	15.568621659024606	58.745293207455305	85.2549469652499	2.800037901390993	1.8672520839202051	0.8924747822676703	0.3113724331804921	1.1749058641491061	1.705098939304998	430.77506175246043	799.8904197333851	317.8752773879295	171.25483824927065	297.92255840923764	435.03926208435934	0.016454985360497287	0.03055465906770245	0.01214237661438286	0.006541687545332876	0.011380211559235924	0.016617871656073868
nw_027521353.1:235236-254357:+	1.1965973937568346	0.0	3.305462156546927	1.4153292417295096	4.196092371961093	1.5935504105654188	0.02393194787513669	0.0	0.06610924313093854	0.02830658483459019	0.08392184743922186	0.03187100821130837	166.3270377322	119.85739727866181	160.31491459252595	33.96790180150823	118.53960950790088	79.67752052827095	0.009178183298322411	0.0066139166360589426	0.008846425040973714	0.0018744013796218172	0.006541199067867811	0.004396728867027419
nw_027521401.1:188914-231118:+	11.965973937568346	15.139881761515177	19.281862579857076	14.153292417295095	35.666785161669296	35.05810903243921	0.23931947875136694	0.30279763523030356	0.3856372515971415	0.28306584834590187	0.7133357032333859	0.7011621806487842	185.47259603230935	193.0334924593185	340.4626021243335	226.45267867672152	101.7552400200565	144.2163121561704	0.004501215775568661	0.004684710410370511	0.008262652642260195	0.005495757278891413	0.002469487684020238	0.003499971172337538
nw_027521478.1:225429-246241:+	33.50472702519137	22.709822642272766	19.83277293928156	22.645267867672153	32.51971588269847	27.887132184894828	0.6700945405038274	0.4541964528454553	0.39665545878563124	0.45290535735344306	0.6503943176539694	0.5577426436978965	196.24197257612087	230.88319686310643	141.0330520126689	188.2387891500248	271.6969810844808	199.19380132067735	0.009904707645289432	0.011653116482264369	0.007118207843974559	0.009500771672640294	0.013713066223412878	0.010053692087047744
nw_027521924.1:127825-148886:-	19.145558300109354	32.80307714994955	22.036414376979515	24.060597109401662	40.91190062662066	33.46455862187379	0.38291116600218705	0.656061542998991	0.4407282875395903	0.48121194218803326	0.8182380125324131	0.6692911724374758	201.0283621511482	243.4997649977024	177.39313573468507	169.83950900754115	241.27531138776286	266.12291856442494	0.010020355007035528	0.012137362426363277	0.008842245824677712	0.008465731682162355	0.012026483470629123	0.013265024352727781
nw_027521991.1:211412-232231:+	31.1115322376777	27.756449896111157	9.91638646964078	12.737963175565586	35.666785161669296	70.91299327016114	0.622230644753554	0.5551289979222231	0.19832772939281562	0.25475926351131173	0.7133357032333859	1.4182598654032228	259.6616344452331	187.98686520548011	120.64936871396284	135.87160720603293	288.48135057232514	332.2552606028898	0.013100990638003629	0.009484705610770867	0.0060872537191706735	0.006855277861051092	0.014555063096484569	0.016763635751911695
nw_027522074.1:314058-334897:+	52.65028532530072	18.92485220189397	7.71274503194283	16.983950900754117	44.05896990559148	75.69364450185739	1.0530057065060143	0.37849704403787937	0.1542549006388566	0.3396790180150823	0.8811793981118297	1.5138728900371479	285.9867771078835	200.6034333400761	127.26029302705669	158.51687507370508	249.66749613168506	354.56496635080566	0.014414656104227954	0.010111060148189311	0.0064143292856379255	0.007989761848472924	0.012584047184056618	0.017871218062036523
nw_027522124.1:17044-30578:+	14.359168725082014	22.709822642272766	13.221848626187708	22.645267867672153	30.421669696717927	27.09035697961212	0.2871833745016403	0.4541964528454553	0.26443697252375414	0.45290535735344306	0.6084333939343586	0.5418071395922425	256.0718422639626	201.86509015353568	103.57114757180372	270.32788517033634	426.95239884704125	333.05203580817255	0.02042854744826186	0.01610411568835538	0.008262556647132283	0.021565846443584853	0.03406082160726295	0.026569767515610025
nw_027522374.1:153307-175244:+	35.897921812705036	18.92485220189397	23.689145455252977	21.229938625942644	35.666785161669296	31.074233006025665	0.7179584362541007	0.37849704403787937	0.47378290910505955	0.42459877251885286	0.7133357032333859	0.6214846601205133	210.6011413012029	275.0411853341924	245.1551099438971	178.3314844579182	252.81456541065586	233.45513514783386	0.010058321773865784	0.013135981723860482	0.011708621164576197	0.00851712123688589	0.012074437167382511	0.011149829742469815
nw_027522423.1:265564-291250:+	10.76937654381151	21.448165828813167	15.976400423310148	16.983950900754117	23.078508045786013	25.4968065690467	0.21538753087623022	0.42896331657626335	0.31952800846620294	0.3396790180150823	0.46157016091572023	0.509936131380934	153.16446640087483	172.84698344396492	128.36211374590567	83.50442526204107	140.56909446069662	137.04533530862602	0.006204255940408826	0.007001538601043572	0.005199583333167483	0.003382526238993786	0.005694053326070259	0.005551315887253388
nw_027522565.1:157936-188176:+	4.786389575027338	1.261656813459598	36.3600837220162	1.4153292417295096	0.0	1.5935504105654188	0.09572779150054676	0.02523313626919196	0.727201674440324	0.02830658483459019	0.0	0.03187100821130837	69.40264883789641	87.05432012871226	342.66624356203147	8.491975450377058	10.490230929902733	4.780651231696257	0.0023734704298038894	0.002977132113426711	0.011718691001061208	0.00029041330496140763	0.00035875075852064123	0.00016349137278806998
nw_027522627.1:22363-40747:-	3.5897921812705036	1.261656813459598	8.814565750791806	4.245987725188529	4.196092371961093	0.7967752052827094	0.07179584362541007	0.02523313626919196	0.17629131501583611	0.08491975450377058	0.08392184743922186	0.015935504105654186	98.12098628806044	46.681302098005126	170.23130106216675	56.61316966918038	67.13747795137749	56.57103957507237	0.0056440026625285845	0.002685148236871064	0.009791849356466304	0.0032564377146493267	0.0038618048864754906	0.003254014355770584
nw_027522720.1:1243967-1258778:+	11.965973937568346	10.093254507676784	8.814565750791806	19.814609384213135	11.539254022893006	19.919380132067737	0.23931947875136694	0.20186509015353568	0.17629131501583611	0.3962921876842627	0.23078508045786011	0.39838760264135475	39.48771399397554	22.709822642272766	52.336484145326345	42.45987725188529	39.86287753363038	35.854884237721926	0.002858942513319973	0.0016442095744476871	0.0037892038912051614	0.0030741295432872963	0.002886104657806992	0.0025959226931451603
nw_027522720.1:1569368-1589486:+	10.76937654381151	15.139881761515177	10.467296829065269	7.0766462086475475	35.666785161669296	9.561302463392513	0.21538753087623022	0.30279763523030356	0.20934593658130538	0.14153292417295094	0.7133357032333859	0.19122604926785025	230.9432969950691	164.01538574974774	214.85504017555027	80.67376677858205	225.53996499290875	122.70338161353725	0.012079256080080973	0.008578659226410669	0.011237776043493358	0.004219559954944312	0.011796640252780323	0.006417876542368154
nw_027522720.1:2591143-2611780:+	37.094519206461875	32.80307714994955	29.749159408922345	18.399280142483626	40.91190062662066	24.70003136376399	0.7418903841292375	0.656061542998991	0.5949831881784469	0.3679856028496725	0.8182380125324131	0.4940006272752798	195.04537518236404	223.31325598234884	155.90763171713007	191.0694476334838	243.37335757374342	238.2357863795301	0.00993203865884317	0.011371486708542032	0.00793907891420355	0.009729577738745467	0.012392980831741623	0.012131367062813364
nw_027522803.1:40462-62439:-	3.5897921812705036	15.139881761515177	8.263655391367317	15.568621659024606	15.7353463948541	16.732279310936896	0.07179584362541007	0.30279763523030356	0.16527310782734633	0.3113724331804921	0.314706927897082	0.3346455862187379	184.27599863855252	176.63195388434372	145.99124524748927	225.03734943499202	387.08952131341084	290.8229499281889	0.00878425010194257	0.00841986623531049	0.00695925470719272	0.010727302385117248	0.0184521651879783	0.013863235290694475
nw_027522939.1:1216-16031:-	11.965973937568346	11.354911321136383	26.994607611799903	25.47592635113117	12.58827711588328	14.341953695088769	0.23931947875136694	0.22709822642272764	0.5398921522359981	0.5095185270226235	0.25176554231766557	0.2868390739017754	84.95841495673525	39.11136121724754	100.81659577468128	60.859157394368914	57.69627011446503	54.97748916450695	0.006149277284071708	0.002830874436685539	0.007297090024224177	0.004404976649852898	0.004176047344706478	0.003979262388861238
nw_027522939.1:65024-75341:+	118.46314198192663	56.77455660568191	92.55294038331395	108.98035161317223	163.64760250648263	130.67113366636434	2.3692628396385325	1.1354911321136383	1.851058807666279	2.1796070322634447	3.2729520501296525	2.6134226733272867	3003.459458329655	1202.3589432269969	2507.743956100269	1347.393438126493	2432.6845526444436	1482.7986570311223	0.3223287677967005	0.129036160466516	0.2691289929276957	0.14460114167487584	0.26107368025804284	0.15913271700269607
nw_027522984.1:14502-35092:+	27.521740056407197	30.279763523030354	26.994607611799903	19.814609384213135	36.715808254659564	30.27745780074296	0.5504348011281439	0.6055952704606071	0.5398921522359981	0.3962921876842627	0.7343161650931913	0.6055491560148591	199.83176475739137	244.76142181116202	158.6621835142525	154.27088734851654	212.95168787702548	238.2357863795301	0.010200181958929641	0.012493564484261222	0.008098728166722052	0.007874579518580772	0.010869873302895405	0.012160470949902
nw_027523079.1:149553-166825:-	3.5897921812705036	1.261656813459598	11.569117547914244	4.245987725188529	2.0980461859805466	1.5935504105654188	0.07179584362541007	0.02523313626919196	0.23138235095828488	0.08491975450377058	0.04196092371961093	0.03187100821130837	86.15501235049209	65.6061542998991	164.17128710849738	67.93580360301647	55.59822392848449	47.009737111679854	0.00529435336757148	0.004031595544761112	0.010088569231764063	0.004174755951761576	0.0034165933711352695	0.0028888181104700524
nw_027523264.1:1018013-1041655:+	57.43667490032806	23.97147945573236	36.3600837220162	4.245987725188529	39.86287753363038	32.667783416591085	1.148733498006561	0.4794295891146472	0.727201674440324	0.08491975450377058	0.7972575506726076	0.6533556683318217	297.9527510454518	126.1656813459598	236.89145455252978	93.41172995414763	167.84369487844373	202.38090214180818	0.013158713555865028	0.005571950772687263	0.010462017159940348	0.004125413149942352	0.007412608527069838	0.008937901432752188
nw_027523416.1:1375459-1397465:-	23.931947875136693	23.97147945573236	24.240055814677465	14.153292417295095	35.666785161669296	23.90325615848128	0.4786389575027339	0.4794295891146472	0.4848011162935493	0.28306584834590187	0.7133357032333859	0.4780651231696256	201.0283621511482	251.06970587846	249.562392819293	131.6256194808444	281.13818892139324	243.01643761122637	0.009569589286958995	0.011951716374468452	0.011879963479758787	0.006265798042597348	0.013383071781853339	0.011568355196421473
nw_027523678.1:110955-123140:-	13.16257133132518	2.523313626919196	7.161834672518342	2.830658483459019	6.29413855794164	4.780651231696257	0.2632514266265036	0.05046627253838392	0.14323669345036685	0.05661316966918038	0.12588277115883278	0.09561302463392513	192.65218039485038	132.4739654132578	105.22387865007718	99.07304692106567	132.17690971677445	61.35169080676862	0.01722261580501075	0.011842836171397898	0.009406747599685045	0.008856878859383651	0.01181628014632342	0.00548468539305992
nw_027523678.1:127456-160238:+	180.68620645728203	56.77455660568191	41.31827695683659	69.35113284474598	130.07886353079388	69.31944285959571	3.6137241291456403	1.1354911321136383	0.8263655391367318	1.3870226568949195	2.6015772706158775	1.3863888571919143	3093.2042628614176	2201.5911394869986	1621.3291877862678	625.5755248444432	868.5911209959463	435.83603728964204	0.09732260210997748	0.06926945661161622	0.051012465399309904	0.019682708518530025	0.02732879592851353	0.013712866541536067
nw_027523806.1:7824-40506:-	2.393194787513669	3.7849704403787943	1.6527310782734634	2.830658483459019	2.0980461859805466	3.1871008211308376	0.04786389575027338	0.07569940880757589	0.03305462156546927	0.05661316966918038	0.04196092371961093	0.06374201642261675	254.87524487020576	199.34177652661648	226.97506808288898	232.11399564363958	262.2557732475683	259.7487169221633	0.00804454265284866	0.0062917582465869155	0.007163938644790192	0.007326136907604676	0.008277491817301646	0.008198362431656132
nw_027524086.1:155240-165985:-	4.786389575027338	1.261656813459598	12.120027907338732	1.4153292417295096	1.0490230929902733	0.7967752052827094	0.09572779150054676	0.02523313626919196	0.24240055814677464	0.02830658483459019	0.020980461859805465	0.015935504105654186	59.82986968784173	50.46627253838392	101.91841649353026	35.38323104323774	63.99040867240667	38.24520985357005	0.006138915420463849	0.005178152322838423	0.010457461162890437	0.003630538789578947	0.0065658125048641625	0.003924195552387617
nw_027524440.1:581425-602450:+	31.1115322376777	21.448165828813167	30.85098012777132	25.47592635113117	25.17655423176656	30.27745780074296	0.622230644753554	0.42896331657626335	0.6170196025554264	0.5095185270226235	0.5035310846353311	0.6055491560148591	226.15690742004173	184.20189476510131	226.97506808288898	193.90010611694282	225.53996499290875	239.0325615848128	0.011293164257467373	0.009198137159947106	0.011334019179211443	0.009682418162236108	0.011262357185304528	0.011936111134765377
nw_027524982.1:409527-424450:-	4.786389575027338	3.7849704403787943	22.036414376979515	35.38323104323774	3.14706927897082	0.0	0.09572779150054676	0.07569940880757589	0.4407282875395903	0.7076646208647549	0.06294138557941639	0.0	153.16446640087483	54.25124297876271	663.2960727470834	343.9250057402708	69.23552413735804	0.7967752052827094	0.01100003349618463	0.0038962398002558435	0.047636891176894784	0.024700158412831755	0.004972387542183125	5.722315464541148e-05
nw_027526100.1:937628-958612:-	23.931947875136693	27.756449896111157	30.85098012777132	21.229938625942644	31.4706927897082	31.074233006025665	0.4786389575027339	0.5551289979222231	0.6170196025554264	0.42459877251885286	0.629413855794164	0.6214846601205133	208.20794651368922	243.4997649977024	148.19488668518724	179.7468136996477	236.0301959228115	227.87770871085488	0.010418210983922323	0.012184126344643543	0.007415305813619534	0.008994086249669615	0.01181036757181938	0.01140243726349033
nw_027526147.1:276771-298458:-	15.55576611883885	7.5699408807575885	11.569117547914244	5.661316966918038	13.637300208873553	9.561302463392513	0.311115322376777	0.15139881761515178	0.23138235095828488	0.11322633933836077	0.2727460041774711	0.19122604926785025	245.3024657201511	113.54911321136382	195.57317759569318	66.52047436128694	134.27495590275498	152.9808394142802	0.01185723442189438	0.005488646230247637	0.009453459860580674	0.0032154134938750037	0.006490475440001655	0.007394665478261763
nw_027526179.1:359528-420009:+	0.0	0.0	4.407282875395903	8.491975450377058	1.0490230929902733	0.7967752052827094	0.0	0.0	0.08814565750791806	0.16983950900754116	0.020980461859805465	0.015935504105654186	19.145558300109354	10.093254507676784	1005.9623163091148	1055.8356143302142	23.078508045786013	4.780651231696257	0.00032187146195667755	0.0001696858630791137	0.01691204593505788	0.017750506276356014	0.0003879914603709107	8.037139355931374e-05
